Message stats for scenario Photo_5000-Scenario_4-ActualPOI_50
sim_time: 86400.0000

Photo List Size: 4855
coverageValue-----------------	128	249	275	270	328	304	299	294	232	325	360	358	239	359	341	349	214	247	273	353	346	333	338	270	344	237	360	187	219	308	314	273	352	330	288	330	279	324	274	301	295	273	339	261	360	286	260	292	321	346	342	319	309	281	306	231	120	290	185	262	180	211	229	242	281	299	120	120	241	163	230	199	284	308	258	244	193	230	201	258	229	260	221	214	305	288	192	207	217	161	180	212	167	203	317	71	281	267	315	302	
redundantCoverageValue--------	52	51	265	150	332	176	181	246	248	155	300	242	121	181	379	311	26	113	207	307	254	147	142	270	256	303	300	173	201	232	166	207	248	210	132	330	201	156	146	299	185	267	321	99	240	194	40	248	159	314	198	161	291	319	174	309	0	250	115	278	60	29	11	58	379	1	0	0	179	77	10	101	136	292	102	236	167	190	99	102	191	160	199	266	115	252	108	33	263	19	0	88	193	37	223	49	199	213	345	118	
halfCoverageTime--------------	.0	44426.0	46526.0	5880.0	44420.0	52108.0	8176.0	16294.0	5426.0	44138.0	52280.0	1188.0	75374.0	1236.0	8066.0	1008.0	44002.0	75446.0	37846.0	8072.0	972.0	500.0	7906.0	37858.0	46514.0	75130.0	37834.0	75386.0	75002.0	8048.0	37936.0	568.0	7958.0	890.0	48262.0	7940.0	7858.0	8096.0	52292.0	8054.0	7790.0	5892.0	6154.0	79814.0	640.0	1122.0	54774.0	1218.0	42296.0	928.0	1158.0	32750.0	356.0	742.0	760.0	73464.0	.0	1284.0	73488.0	1338.0	806.0	694.0	7760.0	37930.0	16342.0	8188.0	.0	.0	1002.0	.0	75076.0	75368.0	42332.0	44144.0	1026.0	812.0	43978.0	8146.0	37822.0	43990.0	32780.0	42374.0	16348.0	3624.0	1260.0	790.0	736.0	75172.0	7574.0	.0	43924.0	32768.0	.0	7882.0	560.0	.0	7796.0	36258.0	3630.0	8000.0	
numberOfPoint-----------------	1	1	1	1	1	1	1	1	1	1	1	1	1	1	1	1	1	1	1	1	1	1	1	1	1	1	1	1	1	1	1	1	1	1	1	1	1	1	1	1	1	1	1	1	1	1	1	1	1	1	3	11	3	6	4	2	5	3	2	3	3	1	5	2	5	2	2	5	4	4	2	2	2	3	4	2	3	2	2	2	3	3	6	2	5	2	2	5	3	3	7	3	5	4	2	1	1	1	6	2	
standardDeviation-------------	.0	.0	.0	.0	.0	.0	.0	.0	.0	.0	.0	.0	.0	.0	.0	.0	.0	.0	.0	.0	.0	.0	.0	.0	.0	.0	.0	.0	.0	.0	.0	.0	.0	.0	.0	.0	.0	.0	.0	.0	.0	.0	.0	.0	.0	.0	.0	.0	.0	.0	8.69	8.87	8.17	7.12	8.8	6.9	9.53	7.06	6.57	9.18	7.9	3.73	7.31	4.56	7.47	8.95	4.83	7.28	9.94	6.41	5.71	7.12	6.91	7.84	5.47	10.54	7.82	5.77	8.24	4.81	5.31	7.87	7.55	4.82	7.37	2.29	6.4	10.08	7.37	3.63	6.8	5.47	5.11	6.44	6.39	1.94	3.32	5.53	8.54	10.23	
initialCoverageValue----------	360	360	360	360	360	360	360	360	360	360	360	360	360	360	360	360	360	360	360	360	360	360	360	360	360	360	360	360	360	360	360	360	360	360	360	360	360	360	360	360	360	360	360	360	360	360	360	360	360	360	360	360	360	360	360	360	360	360	360	360	360	360	360	360	360	360	360	360	360	360	360	360	360	360	360	360	360	360	360	360	360	360	360	360	360	360	360	360	360	360	360	360	360	360	360	360	360	360	360	360	
initialRedundantCoverageValue-	2040	2400	1740	1680	2700	2100	2700	2580	2400	2100	2700	2040	3120	2880	2520	2520	1800	2040	2940	2820	2580	2280	2880	2640	2400	2220	2280	1980	2460	2280	2160	2100	2280	2460	2160	3300	2520	2400	1800	2880	2280	2640	2580	2640	2340	2160	2100	2460	2520	2400	2520	2820	2760	2940	2460	2400	2460	2820	1920	2760	2280	2460	1800	1860	2640	2040	1860	3000	2280	2340	2220	2220	1980	2880	2220	2160	2820	2220	2940	3060	2640	3060	2520	2280	3120	2580	1860	2100	2700	1680	2580	2280	2520	2220	2340	2580	2340	2280	2700	2040	
additionalPoiTime-------------	9.151954666E8
algorithmTime-----------------	7.44280771E7
Total Transferred Metadata----	13222

Photo List Size: 4855
Gained Coverage %-------------	0.7383888888888889
Gained Redundancy %-----------	0.07401059778108958
Total Cluster Created---------	50
Total Transferred Photo-------	2140
Coverage Group----------------	1-30	31-60	61-90	91-120	121-150	151-180	181-210	211-240	241-270	271-300	301-330	331-360	
Coverage Distribution---------	0	0	1	3	1	5	8	15	14	19	18	16	
Ratio Group-------------------	.0	.1	.2	.3	.4	.5	.6	.7	.8	.9	1.0	
Coverage Ratio----------------	0	0	1	0	4	5	12	16	22	20	20	
Redundant Ratio---------------	4	67	29	0	0	0	0	0	0	0	0	
NumberOfPoint Group-----------	0	1	2	3	4	5	6	7	8	9	10	11	
NumOfPoint Distribution-------	0	4	17	12	5	7	3	1	0	0	0	1	
SD Group----------------------	0-1	1-2	2-3	3-4	4-5	5-6	6-7	7-8	8-9	9-10	10-11	
SD Distribution---------------	50	1	1	3	4	7	8	13	7	3	3	
Half Coverage Group-----------	0-1000	1000-2000	2000-3000	3000-4000	4000-5000	5000-6000	6000-7000	7000-8000	8000-9000	9000-10000	10000-11000	11000-12000	12000-13000	13000-14000	14000-15000	15000-16000	16000-17000	17000-18000	18000-19000	19000-20000	20000-21000	21000-22000	22000-23000	23000-24000	24000-25000	25000-26000	26000-27000	27000-28000	28000-29000	29000-30000	30000-31000	31000-32000	32000-33000	33000-34000	34000-35000	35000-36000	36000-37000	37000-38000	38000-39000	39000-40000	40000-41000	41000-42000	42000-43000	43000-44000	44000-45000	45000-46000	46000-47000	47000-48000	48000-49000	49000-50000	50000-51000	51000-52000	52000-53000	53000-54000	54000-55000	55000-56000	56000-57000	57000-58000	58000-59000	59000-60000	60000-61000	61000-62000	62000-63000	63000-64000	64000-65000	65000-66000	66000-67000	67000-68000	68000-69000	69000-70000	70000-71000	71000-72000	72000-73000	73000-74000	74000-75000	75000-76000	76000-77000	77000-78000	78000-79000	79000-80000	80000-81000	81000-82000	82000-83000	83000-84000	84000-85000	85000-86000	86000-87000	
Half Cvg Time Distribution----	15	11	0	2	0	3	1	10	8	0	0	0	0	0	0	0	3	0	0	0	0	0	0	0	0	0	0	0	0	0	0	0	3	0	0	0	1	6	0	0	0	0	3	3	5	0	2	0	1	0	0	0	3	0	1	0	0	0	0	0	0	0	0	0	0	0	0	0	0	0	0	0	0	2	0	8	0	0	0	1	0	0	0	0	0	0	0	
Transferred Photo Group-------	0-1000	1000-2000	2000-3000	3000-4000	4000-5000	5000-6000	6000-7000	7000-8000	8000-9000	9000-10000	10000-11000	11000-12000	12000-13000	13000-14000	14000-15000	15000-16000	16000-17000	17000-18000	18000-19000	19000-20000	20000-21000	21000-22000	22000-23000	23000-24000	24000-25000	25000-26000	26000-27000	27000-28000	28000-29000	29000-30000	30000-31000	31000-32000	32000-33000	33000-34000	34000-35000	35000-36000	36000-37000	37000-38000	38000-39000	39000-40000	40000-41000	41000-42000	42000-43000	43000-44000	44000-45000	45000-46000	46000-47000	47000-48000	48000-49000	49000-50000	50000-51000	51000-52000	52000-53000	53000-54000	54000-55000	55000-56000	56000-57000	57000-58000	58000-59000	59000-60000	60000-61000	61000-62000	62000-63000	63000-64000	64000-65000	65000-66000	66000-67000	67000-68000	68000-69000	69000-70000	70000-71000	71000-72000	72000-73000	73000-74000	74000-75000	75000-76000	76000-77000	77000-78000	78000-79000	79000-80000	80000-81000	81000-82000	82000-83000	83000-84000	84000-85000	85000-86000	86000-87000	
Photo Time Distribution-------	672	226	113	176	0	101	16	117	0	0	107	0	0	0	0	0	24	10	5	0	0	0	0	0	0	0	39	12	0	0	0	0	124	0	0	0	437	26	276	0	0	0	0	38	26	205	12	0	8	0	0	0	101	45	174	22	0	0	0	0	0	0	0	71	0	32	32	0	0	13	0	0	0	185	186	143	0	0	8	140	12	0	2	0	0	0	0	

