Message stats for scenario Photo_10000-Scenario_6-ActualPOI_50
sim_time: 86400.0000

Photo List Size: 1365
coverageValue-----------------	214	310	333	358	333	334	291	319	314	287	272	358	360	209	360	357	335	348	351	360	296	311	337	345	355	298	360	340	309	356	360	312	355	249	291	344	354	355	360	312	359	360	249	325	333	298	347	313	315	327	338	333	358	224	354	323	322	360	349	343	341	316	349	300	347	304	297	300	309	356	323	292	343	297	306	329	360	342	301	334	291	359	309	327	360	360	294	257	360	304	200	333	243	243	248	359	251	329	299	360	
redundantCoverageValue--------	326	590	687	542	267	386	249	281	766	553	148	722	480	271	540	543	505	432	609	300	304	529	383	315	785	242	900	740	351	364	540	348	485	171	309	556	486	665	780	588	421	960	231	335	567	422	493	467	405	393	682	507	602	316	606	697	458	660	371	617	1159	344	491	480	673	296	543	240	591	724	517	608	1277	303	114	331	720	678	479	266	189	481	771	393	600	540	186	103	660	536	160	567	297	357	52	361	169	751	541	540	
halfCoverageTime--------------	16868.0	570.0	43966.0	736.0	38278.0	8162.0	8390.0	8360.0	5826.0	1560.0	7982.0	7704.0	1230.0	76264.0	1530.0	1076.0	16844.0	5736.0	902.0	5814.0	27386.0	1094.0	38314.0	16952.0	8156.0	826.0	16808.0	8462.0	5598.0	38284.0	1224.0	690.0	27140.0	75058.0	1016.0	16880.0	1070.0	462.0	5676.0	44264.0	8072.0	842.0	44002.0	5060.0	884.0	27230.0	602.0	5688.0	5700.0	8252.0	38326.0	8456.0	608.0	52246.0	718.0	7852.0	43984.0	1416.0	8312.0	8258.0	5486.0	32096.0	8276.0	27218.0	8384.0	27134.0	8048.0	7580.0	8426.0	5664.0	8438.0	6112.0	5784.0	522.0	6160.0	42320.0	7970.0	16814.0	1118.0	52164.0	74920.0	37912.0	5048.0	1446.0	8222.0	820.0	52194.0	17018.0	7784.0	1212.0	.0	5480.0	7930.0	16916.0	5622.0	38248.0	76560.0	52322.0	5748.0	736.0	
numberOfPoint-----------------	1	1	1	1	1	1	1	1	1	1	1	1	1	1	1	1	1	1	1	1	1	1	1	1	1	1	1	1	1	1	1	1	1	1	1	1	1	1	1	1	1	1	1	1	1	1	1	1	1	1	2	1	4	1	2	2	1	2	1	2	2	2	1	1	1	2	1	1	2	2	2	2	2	2	1	2	1	1	1	1	1	1	2	2	1	3	0	1	2	1	0	1	1	1	1	3	1	2	2	2	
standardDeviation-------------	.0	.0	.0	.0	.0	.0	.0	.0	.0	.0	.0	.0	.0	.0	.0	.0	.0	.0	.0	.0	.0	.0	.0	.0	.0	.0	.0	.0	.0	.0	.0	.0	.0	.0	.0	.0	.0	.0	.0	.0	.0	.0	.0	.0	.0	.0	.0	.0	.0	.0	5.82	8.95	7.9	6.44	5.36	6.69	2.69	7.02	4.25	8.12	6.22	6.21	4.46	1.58	1.7	4.99	4.29	3.19	11.26	4.8	7.07	6.05	5.73	8.55	6.43	7.43	3.04	5.37	5.46	2.4	2.56	10.0	4.81	7.21	3.94	8.22	.0	7.9	7.22	5.88	.0	4.4	4.43	5.77	3.35	6.2	.22	6.06	6.59	9.21	
initialCoverageValue----------	360	360	360	360	360	360	360	360	360	360	360	360	360	360	360	360	360	360	360	360	360	360	360	360	360	360	360	360	360	360	360	360	360	360	360	360	360	360	360	360	360	360	360	360	360	360	360	360	360	360	360	360	360	360	360	360	360	360	360	360	360	360	360	360	360	360	360	360	360	360	360	360	360	360	360	360	360	360	360	360	360	360	360	360	360	360	360	360	360	360	360	360	360	360	360	360	360	360	360	360	
initialRedundantCoverageValue-	4560	5220	4560	4920	5040	4260	4800	5100	5700	4560	4020	5040	4800	4260	4740	5700	5400	5640	4800	4860	4980	4920	4260	4680	4800	4500	4920	4680	4560	4020	4620	5100	6180	4620	4500	4440	3960	4260	4680	4860	5460	4980	4740	4800	4200	4500	4380	4800	4800	4500	5520	4620	5160	4980	4740	4740	4680	4680	4980	5460	5040	5340	4800	5280	5460	4620	5340	5280	4860	5100	5940	5400	5460	4860	4560	4440	4200	4380	5100	4740	5160	4440	5160	4920	4800	4440	4800	4500	4980	4680	4020	5340	4920	4560	4500	4920	4200	5160	4560	5640	
additionalPoiTime-------------	452402.9
algorithmTime-----------------	3.2175986255E9
Total Transferred Metadata----	7793

Photo List Size: 1365
Gained Coverage %-------------	0.8906666666666667
Gained Redundancy %-----------	0.09983888957739497
Total Cluster Created---------	0
Total Transferred Photo-------	20301
Coverage Group----------------	1-30	31-60	61-90	91-120	121-150	151-180	181-210	211-240	241-270	271-300	301-330	331-360	
Coverage Distribution---------	0	0	0	0	0	0	2	2	7	15	24	50	
Ratio Group-------------------	.0	.1	.2	.3	.4	.5	.6	.7	.8	.9	1.0	
Coverage Ratio----------------	0	0	0	0	0	0	3	7	3	32	55	
Redundant Ratio---------------	0	53	45	2	0	0	0	0	0	0	0	
NumberOfPoint Group-----------	0	1	2	3	4	
NumOfPoint Distribution-------	2	24	21	2	1	
SD Group----------------------	0-1	1-2	2-3	3-4	4-5	5-6	6-7	7-8	8-9	9-10	10-11	11-12	
SD Distribution---------------	53	2	3	4	8	7	9	7	4	1	1	1	
Half Coverage Group-----------	0-1000	1000-2000	2000-3000	3000-4000	4000-5000	5000-6000	6000-7000	7000-8000	8000-9000	9000-10000	10000-11000	11000-12000	12000-13000	13000-14000	14000-15000	15000-16000	16000-17000	17000-18000	18000-19000	19000-20000	20000-21000	21000-22000	22000-23000	23000-24000	24000-25000	25000-26000	26000-27000	27000-28000	28000-29000	29000-30000	30000-31000	31000-32000	32000-33000	33000-34000	34000-35000	35000-36000	36000-37000	37000-38000	38000-39000	39000-40000	40000-41000	41000-42000	42000-43000	43000-44000	44000-45000	45000-46000	46000-47000	47000-48000	48000-49000	49000-50000	50000-51000	51000-52000	52000-53000	53000-54000	54000-55000	55000-56000	56000-57000	57000-58000	58000-59000	59000-60000	60000-61000	61000-62000	62000-63000	63000-64000	64000-65000	65000-66000	66000-67000	67000-68000	68000-69000	69000-70000	70000-71000	71000-72000	72000-73000	73000-74000	74000-75000	75000-76000	76000-77000	77000-78000	78000-79000	79000-80000	80000-81000	81000-82000	82000-83000	83000-84000	84000-85000	85000-86000	86000-87000	
Half Cvg Time Distribution----	14	12	0	0	0	15	2	7	16	0	0	0	0	0	0	0	7	1	0	0	0	0	0	0	0	0	0	5	0	0	0	0	1	0	0	0	0	1	5	0	0	0	1	2	2	0	0	0	0	0	0	0	4	0	0	0	0	0	0	0	0	0	0	0	0	0	0	0	0	0	0	0	0	0	1	1	2	0	0	0	0	0	0	0	0	0	0	
Transferred Photo Group-------	0-1000	1000-2000	2000-3000	3000-4000	4000-5000	5000-6000	6000-7000	7000-8000	8000-9000	9000-10000	10000-11000	11000-12000	12000-13000	13000-14000	14000-15000	15000-16000	16000-17000	17000-18000	18000-19000	19000-20000	20000-21000	21000-22000	22000-23000	23000-24000	24000-25000	25000-26000	26000-27000	27000-28000	28000-29000	29000-30000	30000-31000	31000-32000	32000-33000	33000-34000	34000-35000	35000-36000	36000-37000	37000-38000	38000-39000	39000-40000	40000-41000	41000-42000	42000-43000	43000-44000	44000-45000	45000-46000	46000-47000	47000-48000	48000-49000	49000-50000	50000-51000	51000-52000	52000-53000	53000-54000	54000-55000	55000-56000	56000-57000	57000-58000	58000-59000	59000-60000	60000-61000	61000-62000	62000-63000	63000-64000	64000-65000	65000-66000	66000-67000	67000-68000	68000-69000	69000-70000	70000-71000	71000-72000	72000-73000	73000-74000	74000-75000	75000-76000	76000-77000	77000-78000	78000-79000	79000-80000	80000-81000	81000-82000	82000-83000	83000-84000	84000-85000	85000-86000	86000-87000	
Photo Time Distribution-------	1576	757	583	379	450	1147	861	695	940	320	853	198	476	158	414	562	415	500	428	706	348	96	463	257	177	385	980	944	781	1181	874	441	1457	515	1146	972	682	1072	452	502	360	740	611	763	719	603	359	285	196	218	281	277	649	875	969	730	1199	770	420	725	374	908	1000	742	703	707	498	639	61	819	1103	906	1004	750	1009	1300	676	583	710	841	181	59	113	0	0	0	0	

