Message stats for scenario Photo_10000-Scenario_8-ActualPOI_50
sim_time: 86400.0000

Photo List Size: 1483
coverageValue-----------------	309	360	342	254	360	360	354	286	360	360	356	334	332	353	336	344	360	331	329	338	305	328	334	351	360	298	352	335	355	330	360	348	305	338	344	360	334	339	360	360	336	360	356	353	360	360	360	330	360	360	260	341	333	288	336	252	303	345	343	269	130	360	345	357	276	360	230	296	340	214	300	214	301	250	346	237	299	334	358	279	311	253	360	359	288	322	285	296	327	280	338	230	345	295	350	264	360	292	297	339	
redundantCoverageValue--------	591	900	798	106	720	1020	906	374	900	780	604	866	748	607	444	1156	1020	569	451	502	595	692	626	489	600	842	728	1105	365	870	1200	732	715	622	736	720	1046	681	1020	840	864	780	664	967	780	1080	660	630	1080	1080	280	499	447	432	324	228	357	675	677	91	50	660	615	363	204	660	250	124	260	26	480	206	359	350	614	423	421	386	422	21	409	107	600	541	252	338	195	64	333	320	562	130	495	125	190	216	360	248	183	201	
halfCoverageTime--------------	8510.0	1152.0	1266.0	38678.0	1812.0	716.0	1224.0	74968.0	7562.0	1698.0	908.0	1662.0	8596.0	8548.0	75498.0	16844.0	16976.0	8516.0	938.0	16838.0	37894.0	5444.0	1950.0	48298.0	38342.0	8602.0	1146.0	1570.0	38186.0	6178.0	7710.0	584.0	2122.0	8806.0	1480.0	1058.0	1408.0	37906.0	1860.0	7864.0	1462.0	6124.0	1984.0	8632.0	16946.0	1158.0	7698.0	8444.0	7852.0	782.0	73302.0	668.0	1620.0	1206.0	1794.0	8782.0	1278.0	1528.0	278.0	2098.0	.0	6154.0	8728.0	760.0	1978.0	38282.0	75898.0	42338.0	8312.0	38720.0	944.0	76006.0	1546.0	1212.0	656.0	7754.0	1734.0	48442.0	8414.0	1260.0	836.0	2020.0	8138.0	43960.0	48280.0	1028.0	2110.0	1674.0	38540.0	1890.0	1938.0	80358.0	5468.0	75224.0	16898.0	37846.0	1086.0	2104.0	7912.0	36270.0	
numberOfPoint-----------------	1	1	1	1	1	1	1	1	1	1	1	1	1	1	1	1	1	1	1	1	1	1	1	1	1	1	1	1	1	1	1	1	1	1	1	1	1	1	1	1	1	1	1	1	1	1	1	1	1	1	1	1	3	2	1	1	1	2	2	1	0	2	1	1	1	2	1	1	2	1	1	2	2	1	3	1	1	2	1	1	1	2	1	2	1	2	2	0	2	1	2	0	2	0	1	2	1	3	3	1	
standardDeviation-------------	.0	.0	.0	.0	.0	.0	.0	.0	.0	.0	.0	.0	.0	.0	.0	.0	.0	.0	.0	.0	.0	.0	.0	.0	.0	.0	.0	.0	.0	.0	.0	.0	.0	.0	.0	.0	.0	.0	.0	.0	.0	.0	.0	.0	.0	.0	.0	.0	.0	.0	13.1	9.19	7.45	8.1	2.08	6.14	8.42	6.22	6.11	9.09	.0	9.15	6.74	3.38	1.64	6.89	9.22	1.87	6.33	5.95	2.92	8.14	6.62	2.47	6.92	10.82	8.94	11.0	7.22	7.31	.8	9.79	.94	5.97	7.63	8.45	7.76	.0	10.37	3.11	6.49	.0	6.42	.0	6.26	7.26	4.77	9.03	9.43	3.82	
initialCoverageValue----------	360	360	360	360	360	360	360	360	360	360	360	360	360	360	360	360	360	360	360	360	360	360	360	360	360	360	360	360	360	360	360	360	360	360	360	360	360	360	360	360	360	360	360	360	360	360	360	360	360	360	360	360	360	360	360	360	360	360	360	360	360	360	360	360	360	360	360	360	360	360	360	360	360	360	360	360	360	360	360	360	360	360	360	360	360	360	360	360	360	360	360	360	360	360	360	360	360	360	360	360	
initialRedundantCoverageValue-	4740	5040	4320	4140	5520	5040	5520	3840	5700	5220	4200	5400	5400	4380	4140	5520	4500	5400	3900	4440	4680	4860	4860	4020	4260	4680	4800	4380	4140	4080	5160	4980	4620	4620	4800	5040	4680	4500	5340	5220	4560	5340	4920	4860	4860	4860	4800	4740	5280	4740	4500	5520	5460	4740	5640	4200	5040	6240	5520	3900	3540	4020	5340	4560	5580	5160	5400	5280	4560	5040	5160	3900	4560	5100	4920	5040	5160	5520	5460	4740	4920	4620	5340	5340	4500	5220	4140	4500	4500	4800	4140	4380	5040	4680	4620	4440	4080	4920	5160	5340	
additionalPoiTime-------------	546003.5
algorithmTime-----------------	5.3710165265308E10
Total Transferred Metadata----	5155

Photo List Size: 1483
Gained Coverage %-------------	0.8937777777777778
Gained Redundancy %-----------	0.1132471192903921
Total Cluster Created---------	0
Total Transferred Photo-------	75607
Coverage Group----------------	1-30	31-60	61-90	91-120	121-150	151-180	181-210	211-240	241-270	271-300	301-330	331-360	
Coverage Distribution---------	0	0	0	0	1	0	0	5	7	15	12	60	
Ratio Group-------------------	.0	.1	.2	.3	.4	.5	.6	.7	.8	.9	1.0	
Coverage Ratio----------------	0	0	0	0	1	0	2	5	12	15	65	
Redundant Ratio---------------	0	44	46	10	0	0	0	0	0	0	0	
NumberOfPoint Group-----------	0	1	2	3	
NumOfPoint Distribution-------	4	25	17	4	
SD Group----------------------	0-1	1-2	2-3	3-4	4-5	5-6	6-7	7-8	8-9	9-10	10-11	11-12	12-13	13-14	
SD Distribution---------------	56	2	3	3	1	2	11	6	5	7	2	1	0	1	
Half Coverage Group-----------	0-1000	1000-2000	2000-3000	3000-4000	4000-5000	5000-6000	6000-7000	7000-8000	8000-9000	9000-10000	10000-11000	11000-12000	12000-13000	13000-14000	14000-15000	15000-16000	16000-17000	17000-18000	18000-19000	19000-20000	20000-21000	21000-22000	22000-23000	23000-24000	24000-25000	25000-26000	26000-27000	27000-28000	28000-29000	29000-30000	30000-31000	31000-32000	32000-33000	33000-34000	34000-35000	35000-36000	36000-37000	37000-38000	38000-39000	39000-40000	40000-41000	41000-42000	42000-43000	43000-44000	44000-45000	45000-46000	46000-47000	47000-48000	48000-49000	49000-50000	50000-51000	51000-52000	52000-53000	53000-54000	54000-55000	55000-56000	56000-57000	57000-58000	58000-59000	59000-60000	60000-61000	61000-62000	62000-63000	63000-64000	64000-65000	65000-66000	66000-67000	67000-68000	68000-69000	69000-70000	70000-71000	71000-72000	72000-73000	73000-74000	74000-75000	75000-76000	76000-77000	77000-78000	78000-79000	79000-80000	80000-81000	81000-82000	82000-83000	83000-84000	84000-85000	85000-86000	86000-87000	
Half Cvg Time Distribution----	11	31	5	0	0	2	3	7	13	0	0	0	0	0	0	0	5	0	0	0	0	0	0	0	0	0	0	0	0	0	0	0	0	0	0	0	1	3	6	0	0	0	1	1	0	0	0	0	3	0	0	0	0	0	0	0	0	0	0	0	0	0	0	0	0	0	0	0	0	0	0	0	0	1	1	3	1	0	0	0	1	0	0	0	0	0	0	
Transferred Photo Group-------	0-1000	1000-2000	2000-3000	3000-4000	4000-5000	5000-6000	6000-7000	7000-8000	8000-9000	9000-10000	10000-11000	11000-12000	12000-13000	13000-14000	14000-15000	15000-16000	16000-17000	17000-18000	18000-19000	19000-20000	20000-21000	21000-22000	22000-23000	23000-24000	24000-25000	25000-26000	26000-27000	27000-28000	28000-29000	29000-30000	30000-31000	31000-32000	32000-33000	33000-34000	34000-35000	35000-36000	36000-37000	37000-38000	38000-39000	39000-40000	40000-41000	41000-42000	42000-43000	43000-44000	44000-45000	45000-46000	46000-47000	47000-48000	48000-49000	49000-50000	50000-51000	51000-52000	52000-53000	53000-54000	54000-55000	55000-56000	56000-57000	57000-58000	58000-59000	59000-60000	60000-61000	61000-62000	62000-63000	63000-64000	64000-65000	65000-66000	66000-67000	67000-68000	68000-69000	69000-70000	70000-71000	71000-72000	72000-73000	73000-74000	74000-75000	75000-76000	76000-77000	77000-78000	78000-79000	79000-80000	80000-81000	81000-82000	82000-83000	83000-84000	84000-85000	85000-86000	86000-87000	
Photo Time Distribution-------	5219	2149	1277	1198	1248	2489	2016	1656	1834	825	2455	1068	1284	981	1228	1172	1187	1569	795	1385	1992	567	2360	1701	1142	1526	3284	2471	3472	5554	4821	3423	4254	3972	5139	5056	4895	4991	3027	2477	3114	3267	3320	3385	4408	2556	3725	2636	1481	1409	2878	2827	1937	2500	3635	3149	4537	3895	2637	2503	2806	3698	3542	2707	2820	2774	2618	3157	707	3353	3477	2724	3632	2315	3840	3045	1609	1861	1907	1462	1133	448	318	0	0	0	0	

