Message stats for scenario Photo_2500-Scenario_6-ActualPOI_50
sim_time: 86400.0000

Photo List Size: 637
coverageValue-----------------	340	293	225	300	293	233	296	187	145	262	296	260	306	149	159	273	295	120	250	209	120	241	218	317	92	260	285	345	356	353	184	319	310	144	166	312	223	124	247	185	255	257	274	194	120	295	94	300	325	224	222	292	192	174	257	214	249	250	224	272	194	146	309	219	267	211	194	191	271	350	292	193	206	120	236	284	126	120	289	162	225	252	266	309	210	305	291	278	300	314	208	284	180	193	270	276	217	354	60	278	
redundantCoverageValue--------	260	127	75	240	247	127	124	113	95	218	244	40	294	91	21	147	185	0	170	31	0	59	22	163	28	100	75	195	244	187	56	161	170	96	14	108	77	56	53	175	225	163	386	346	0	245	26	240	155	196	198	128	108	186	283	86	111	170	136	88	46	214	231	141	153	89	166	49	269	250	8	47	34	0	64	196	114	0	371	318	195	48	34	291	270	295	309	142	120	346	92	76	0	47	90	204	83	186	0	202	
halfCoverageTime--------------	470.0	7982.0	6172.0	818.0	7710.0	82358.0	37884.0	16414.0	.0	7568.0	44414.0	464.0	36252.0	.0	.0	7828.0	74984.0	.0	79346.0	75340.0	.0	75698.0	74944.0	684.0	.0	79744.0	52188.0	37846.0	7964.0	470.0	79266.0	602.0	7852.0	.0	.0	45090.0	45084.0	.0	710.0	79896.0	16432.0	37864.0	75292.0	37828.0	.0	44126.0	.0	42290.0	8030.0	79902.0	53790.0	48286.0	37878.0	.0	736.0	75346.0	44402.0	75412.0	75584.0	37890.0	48262.0	.0	404.0	73254.0	786.0	79352.0	7760.0	75692.0	37908.0	800.0	79792.0	79692.0	53784.0	.0	44120.0	52258.0	.0	.0	45072.0	.0	52146.0	75364.0	616.0	48268.0	43870.0	7970.0	7910.0	6136.0	52298.0	744.0	82364.0	7922.0	73290.0	75668.0	7858.0	44426.0	52206.0	73416.0	.0	73398.0	
numberOfPoint-----------------	1	1	1	1	1	1	1	1	1	1	1	1	1	1	1	1	1	1	1	1	1	1	1	1	1	1	1	1	1	1	1	1	1	1	1	1	1	1	1	1	1	1	1	1	1	1	1	1	1	1	1	1	0	1	1	0	1	1	2	1	1	1	3	1	2	2	1	1	0	2	1	0	0	1	1	1	0	0	2	0	1	1	2	1	1	2	1	0	1	2	2	1	0	2	2	1	1	2	0	2	
standardDeviation-------------	.0	.0	.0	.0	.0	.0	.0	.0	.0	.0	.0	.0	.0	.0	.0	.0	.0	.0	.0	.0	.0	.0	.0	.0	.0	.0	.0	.0	.0	.0	.0	.0	.0	.0	.0	.0	.0	.0	.0	.0	.0	.0	.0	.0	.0	.0	.0	.0	.0	.0	5.86	1.08	.0	1.5	4.12	.0	3.86	3.92	8.26	9.68	6.43	7.91	9.17	6.79	4.84	6.32	9.17	5.14	.0	6.89	4.05	.0	.0	9.19	5.11	5.56	.0	.0	5.55	.0	14.24	7.77	5.58	6.71	5.25	9.55	5.06	.0	4.19	7.51	6.35	3.03	.0	6.48	7.23	7.52	5.31	5.21	.0	6.83	
initialCoverageValue----------	360	360	360	360	360	360	360	331	335	360	360	338	360	333	360	360	360	360	342	358	343	360	358	355	357	360	352	360	360	360	358	329	360	360	346	360	360	360	360	360	360	360	360	352	350	344	343	360	360	352	360	359	339	359	356	360	360	347	360	360	354	320	331	360	360	360	360	360	352	360	360	360	360	360	315	358	325	360	360	360	356	360	360	360	348	360	360	360	360	355	360	360	351	360	360	360	360	360	356	360	
initialRedundantCoverageValue-	1440	1440	1320	1500	900	1200	1080	809	625	720	660	862	1200	867	1200	1020	1380	720	1398	962	977	900	842	1265	723	960	908	1500	1200	1140	962	1171	900	960	1154	1320	960	960	1200	1080	1200	1140	1680	1388	910	916	617	1200	1200	608	1200	961	621	1561	1084	1140	1320	733	1080	1020	1206	820	1169	1260	1260	1380	1200	1140	1208	1260	1020	1080	1140	1200	645	1142	1055	840	1440	1260	1084	1080	900	1740	1152	1320	1560	1020	1020	965	1140	1200	729	780	900	1260	1020	1320	604	1260	
additionalPoiTime-------------	0.0
algorithmTime-----------------	8.88737697E7
Total Transferred Metadata----	7978

Photo List Size: 637
Gained Coverage %-------------	0.6712116516888751
Gained Redundancy %-----------	0.1301601022594558
Total Cluster Created---------	0
Total Transferred Photo-------	9794
Coverage Group----------------	1-30	31-60	61-90	91-120	121-150	151-180	181-210	211-240	241-270	271-300	301-330	331-360	
Coverage Distribution---------	0	1	0	7	6	5	14	13	15	23	10	6	
Ratio Group-------------------	.0	.1	.2	.3	.4	.5	.6	.7	.8	.9	1.0	
Coverage Ratio----------------	0	0	1	2	8	7	16	15	21	21	9	
Redundant Ratio---------------	7	34	41	14	4	0	0	0	0	0	0	
NumberOfPoint Group-----------	0	1	2	3	
NumOfPoint Distribution-------	11	25	13	1	
SD Group----------------------	0-1	1-2	2-3	3-4	4-5	5-6	6-7	7-8	8-9	9-10	10-11	11-12	12-13	13-14	14-15	
SD Distribution---------------	61	2	0	3	4	10	8	5	1	5	0	0	0	0	1	
Half Coverage Group-----------	0-1000	1000-2000	2000-3000	3000-4000	4000-5000	5000-6000	6000-7000	7000-8000	8000-9000	9000-10000	10000-11000	11000-12000	12000-13000	13000-14000	14000-15000	15000-16000	16000-17000	17000-18000	18000-19000	19000-20000	20000-21000	21000-22000	22000-23000	23000-24000	24000-25000	25000-26000	26000-27000	27000-28000	28000-29000	29000-30000	30000-31000	31000-32000	32000-33000	33000-34000	34000-35000	35000-36000	36000-37000	37000-38000	38000-39000	39000-40000	40000-41000	41000-42000	42000-43000	43000-44000	44000-45000	45000-46000	46000-47000	47000-48000	48000-49000	49000-50000	50000-51000	51000-52000	52000-53000	53000-54000	54000-55000	55000-56000	56000-57000	57000-58000	58000-59000	59000-60000	60000-61000	61000-62000	62000-63000	63000-64000	64000-65000	65000-66000	66000-67000	67000-68000	68000-69000	69000-70000	70000-71000	71000-72000	72000-73000	73000-74000	74000-75000	75000-76000	76000-77000	77000-78000	78000-79000	79000-80000	80000-81000	81000-82000	82000-83000	83000-84000	84000-85000	85000-86000	86000-87000	
Half Cvg Time Distribution----	13	0	0	0	0	0	2	11	1	0	0	0	0	0	0	0	2	0	0	0	0	0	0	0	0	0	0	0	0	0	0	0	0	0	0	0	1	7	0	0	0	0	1	1	5	3	0	0	3	0	0	0	5	2	0	0	0	0	0	0	0	0	0	0	0	0	0	0	0	0	0	0	0	4	2	9	0	0	0	8	0	0	2	0	0	0	0	
Transferred Photo Group-------	0-1000	1000-2000	2000-3000	3000-4000	4000-5000	5000-6000	6000-7000	7000-8000	8000-9000	9000-10000	10000-11000	11000-12000	12000-13000	13000-14000	14000-15000	15000-16000	16000-17000	17000-18000	18000-19000	19000-20000	20000-21000	21000-22000	22000-23000	23000-24000	24000-25000	25000-26000	26000-27000	27000-28000	28000-29000	29000-30000	30000-31000	31000-32000	32000-33000	33000-34000	34000-35000	35000-36000	36000-37000	37000-38000	38000-39000	39000-40000	40000-41000	41000-42000	42000-43000	43000-44000	44000-45000	45000-46000	46000-47000	47000-48000	48000-49000	49000-50000	50000-51000	51000-52000	52000-53000	53000-54000	54000-55000	55000-56000	56000-57000	57000-58000	58000-59000	59000-60000	60000-61000	61000-62000	62000-63000	63000-64000	64000-65000	65000-66000	66000-67000	67000-68000	68000-69000	69000-70000	70000-71000	71000-72000	72000-73000	73000-74000	74000-75000	75000-76000	76000-77000	77000-78000	78000-79000	79000-80000	80000-81000	81000-82000	82000-83000	83000-84000	84000-85000	85000-86000	86000-87000	
Photo Time Distribution-------	724	183	172	96	120	226	257	113	170	64	241	48	98	42	97	111	96	109	69	141	111	25	150	115	27	125	272	224	234	322	212	88	367	168	324	362	122	341	155	104	79	202	166	190	144	191	92	69	45	36	91	63	184	222	374	201	352	180	89	172	110	277	255	227	121	180	141	194	8	216	277	274	325	229	359	333	155	163	188	263	40	22	30	0	0	0	0	

