Message stats for scenario Photo_500-Scenario_1
sim_time: 10000.0000

Photo List Size: 500
coverageValue-----------------	317	340	339	348	232	249	256	259	331	288	248	201	240	281	308	152	196	296	279	323	296	267	255	325	285	254	329	235	352	336	282	355	330	341	284	291	231	335	304	244	307	168	232	276	278	229	330	355	146	286	
redundantCoverageValue--------	163	380	141	192	188	171	164	161	329	132	292	219	120	19	172	148	44	184	261	217	244	153	285	95	135	166	211	125	248	144	138	185	150	139	136	189	189	325	116	56	293	72	68	84	142	131	210	185	94	134	
halfCoverageTime--------------	5795.0	1991.1	5769.3	771.2	5717.2	5867.3	5333.8	4814.0	2276.9	2403.8	1653.4	5864.3	3211.4	1722.5	5114.5	.0	6317.1	2758.1	5743.3	4380.0	6341.0	5805.5	3086.3	3306.3	5879.0	6155.5	2084.1	7533.8	2430.8	3266.7	2670.7	2419.0	2695.3	4531.8	4838.8	3121.9	5566.5	4997.8	4811.9	4365.6	3124.0	.0	3467.3	6649.5	4499.8	4756.6	1713.9	5109.2	.0	5919.8	
numberOfPoint-----------------	1	1	1	1	1	1	1	1	1	1	1	1	1	1	1	1	1	1	1	1	1	1	1	1	1	1	1	1	1	1	1	1	1	1	1	1	1	1	1	1	1	1	1	1	1	1	1	1	1	1	
standardDeviation-------------	.0	.0	.0	.0	.0	.0	.0	.0	.0	.0	.0	.0	.0	.0	.0	.0	.0	.0	.0	.0	.0	.0	.0	.0	.0	.0	.0	.0	.0	.0	.0	.0	.0	.0	.0	.0	.0	.0	.0	.0	.0	.0	.0	.0	.0	.0	.0	.0	.0	.0	
initialCoverageValue----------	332	340	339	348	254	249	256	259	331	288	248	201	240	281	308	211	256	347	279	323	296	267	269	325	285	254	329	235	352	336	312	355	330	352	284	291	231	335	304	244	307	168	299	299	278	229	358	355	146	286	
initialRedundantCoverageValue-	328	500	261	672	226	171	584	161	569	192	352	339	180	79	352	149	164	433	501	397	244	213	391	215	435	226	511	305	668	384	288	425	330	428	436	249	189	385	116	56	353	72	241	241	142	131	482	425	94	194	
additionalPoiTime-------------	0.0

Photo List Size: 500
Gained Coverage %-------------	0.9736129435455871
Gained Redundancy %-----------	0.5516506234252859
Total Cluster Created---------	0
Total Transferred Photo-------	36996
Coverage Group----------------	1-30	31-60	61-90	91-120	121-150	151-180	181-210	211-240	241-270	271-300	301-330	331-360	
Coverage Distribution---------	0	0	0	0	1	2	2	6	8	12	9	10	
Ratio Group-------------------	.0	.1	.2	.3	.4	.5	.6	.7	.8	.9	1.0	
Coverage Ratio----------------	0	0	0	0	0	0	0	0	3	1	46	
Redundant Ratio---------------	0	0	0	5	6	11	4	4	5	4	11	
NumberOfPoint Group-----------	0	1	
NumOfPoint Distribution-------	0	0	
SD Group----------------------	
SD Distribution---------------	
Half Coverage Group-----------	0-1000	1000-2000	2000-3000	3000-4000	4000-5000	5000-6000	6000-7000	7000-8000	8000-9000	9000-10000	
Half Cvg Time Distribution----	1	4	8	7	9	13	4	1	0	0	
Transferred Photo Group-------	0-1000	1000-2000	2000-3000	3000-4000	4000-5000	5000-6000	6000-7000	7000-8000	8000-9000	9000-10000	
Photo Time Distribution-------	1640	4447	5609	4902	5939	4330	3259	2933	1937	1451	

