Message stats for scenario Photo_2000-Scenario_4
sim_time: 20000.1000

Photo List Size: 2000
coverageValue-----------------	87	60	120	60	82	0	120	0	60	120	120	190	60	127	60	264	125	120	0	60	60	177	60	80	60	101	120	180	60	120	82	240	199	0	159	0	166	176	120	0	60	147	60	60	120	64	0	60	0	186	315	111	120	0	0	0	0	0	0	180	173	120	60	60	217	166	60	120	120	175	120	60	60	132	60	60	60	60	60	90	60	63	178	0	0	0	140	120	120	120	120	125	69	120	0	60	120	120	161	120	0	180	167	60	145	120	0	0	180	0	207	0	0	60	60	0	60	60	0	180	60	60	60	0	216	98	0	141	60	60	161	107	214	60	120	120	263	120	60	0	120	120	60	0	60	120	120	120	60	126	172	60	60	0	113	0	0	63	120	125	0	180	190	152	60	163	94	60	0	0	60	139	60	60	60	0	60	120	149	224	120	0	120	60	180	73	60	60	60	173	60	60	200	60	0	207	60	60	0	110	
redundantCoverageValue--------	33	0	0	0	38	0	0	0	0	0	0	50	0	53	0	36	55	0	0	0	0	3	0	40	0	19	0	0	0	0	38	0	41	0	21	0	74	4	0	0	0	93	0	0	0	56	0	0	0	54	225	9	0	0	0	0	0	0	0	0	67	0	0	0	23	14	0	0	0	5	0	0	0	48	0	0	0	0	0	30	0	57	2	0	0	0	40	0	0	0	0	55	51	0	0	0	0	0	19	0	0	0	13	0	35	0	0	0	0	0	33	0	0	0	0	0	0	0	0	0	0	0	0	0	84	22	0	39	0	0	19	13	86	0	0	0	97	0	0	0	0	0	0	0	0	0	0	0	0	54	68	0	0	0	7	0	0	57	0	55	0	0	50	28	0	17	26	0	0	0	0	41	0	0	0	0	0	0	31	16	0	0	0	0	0	47	0	0	0	7	0	0	40	0	0	33	0	0	0	10	
halfCoverageTime--------------	.0	.0	.0	.0	.0	.0	.0	.0	.0	.0	.0	19017.0	.0	.0	.0	9215.4	.0	.0	.0	.0	.0	.0	.0	.0	.0	.0	.0	12245.7	.0	.0	.0	8816.1	17264.3	.0	.0	.0	.0	.0	.0	.0	.0	.0	.0	.0	.0	.0	.0	.0	.0	9756.7	1285.1	.0	.0	.0	.0	.0	.0	.0	.0	6934.5	.0	.0	.0	.0	9133.8	.0	.0	.0	.0	.0	.0	.0	.0	.0	.0	.0	.0	.0	.0	.0	.0	.0	.0	.0	.0	.0	.0	.0	.0	.0	.0	.0	.0	.0	.0	.0	.0	.0	.0	.0	.0	12247.8	.0	.0	.0	.0	.0	.0	12623.6	.0	19010.7	.0	.0	.0	.0	.0	.0	.0	.0	19012.8	.0	.0	.0	.0	12428.2	.0	.0	.0	.0	.0	.0	.0	8329.2	.0	.0	.0	1784.2	.0	.0	.0	.0	.0	.0	.0	.0	.0	.0	.0	.0	.0	.0	.0	.0	.0	.0	.0	.0	.0	.0	.0	.0	17671.9	14940.4	.0	.0	.0	.0	.0	.0	.0	.0	.0	.0	.0	.0	.0	.0	.0	.0	6803.9	.0	.0	.0	.0	14894.8	.0	.0	.0	.0	.0	.0	.0	19489.3	.0	.0	15930.3	.0	.0	.0	.0	
numberOfPoint-----------------	3	1	1	2	3	3	2	3	2	2	2	3	2	2	2	3	2	2	1	2	2	2	1	3	3	1	1	1	2	3	2	1	4	2	2	2	3	3	4	1	2	2	1	1	3	2	2	3	1	2	3	1	4	1	2	2	2	1	1	1	1	3	2	1	2	4	1	2	1	1	2	2	1	2	1	3	2	1	2	2	1	1	2	1	2	3	2	2	2	2	1	1	3	1	2	2	1	1	3	2	2	3	2	2	2	2	1	1	2	3	3	1	2	3	2	2	2	2	4	3	3	3	2	2	2	1	3	2	2	2	2	1	1	2	2	2	1	1	2	3	3	1	1	2	2	2	2	2	1	2	2	1	1	1	2	1	4	2	2	1	1	2	3	1	5	2	2	2	3	2	3	2	2	1	4	1	2	1	2	2	2	2	3	2	2	3	3	3	1	2	3	2	3	1	2	3	1	3	2	2	
standardDeviation-------------	4.32	.5	.63	2.09	4.05	4.1	2.14	5.3	3.8	3.6	4.1	3.32	3.43	3.28	2.77	4.68	2.76	3.01	1.43	5.36	2.61	4.72	1.91	4.76	4.01	.32	.2	1.78	3.18	4.33	3.9	1.98	5.0	3.74	2.76	4.79	4.61	4.68	4.7	1.08	3.07	2.86	.5	1.3	4.3	2.84	4.61	4.19	.85	3.2	4.72	2.08	4.31	3.13	2.59	2.49	3.17	4.0	2.11	.36	1.9	4.03	3.78	.22	2.39	5.39	.98	4.22	1.25	.78	2.55	4.11	1.91	2.92	.81	4.98	2.67	.99	3.97	5.04	.28	.22	2.57	2.64	3.66	3.45	2.45	2.25	2.9	2.76	2.04	1.22	4.3	.41	4.57	3.42	.6	1.04	5.17	4.59	4.72	3.56	2.85	2.53	3.02	3.94	1.62	2.0	3.67	4.87	4.81	1.26	3.18	4.26	2.99	3.08	3.26	3.0	5.33	3.82	4.82	4.16	4.9	2.49	2.7	.3	5.04	4.32	3.15	4.63	3.49	1.3	2.79	2.41	3.83	3.91	1.42	1.08	2.85	3.74	4.82	.72	1.91	2.66	2.1	2.9	4.9	2.94	.61	5.05	3.47	.67	.8	1.52	4.12	.73	5.41	3.15	2.5	.6	.82	3.16	3.83	.76	4.7	2.74	2.78	3.52	3.9	3.93	3.32	3.71	2.52	1.92	4.46	.45	2.93	1.8	3.38	3.67	2.77	2.38	3.19	3.06	3.14	3.86	4.78	4.2	1.2	3.58	3.56	2.6	4.25	1.4	2.24	5.32	.58	3.76	5.35	2.88	
initialCoverageValue----------	328	312	247	251	295	347	265	236	342	319	326	343	324	268	266	355	268	271	192	163	258	301	193	327	285	234	234	272	354	227	308	326	334	232	280	237	353	253	256	246	259	260	252	260	325	309	269	330	238	253	315	284	284	264	312	319	316	119	304	221	306	304	301	340	360	309	309	247	237	336	322	272	291	359	292	307	325	279	329	265	316	360	286	108	215	353	264	343	309	360	218	281	308	348	267	165	274	338	231	355	267	294	360	306	346	337	223	188	340	298	272	232	253	346	350	290	268	324	158	348	292	321	360	227	353	234	343	360	277	322	340	338	304	347	277	324	301	285	359	282	291	326	317	340	281	267	296	350	352	331	232	306	201	294	257	336	310	254	285	317	354	330	302	329	257	353	269	277	312	212	316	348	302	334	308	320	228	341	283	360	324	352	275	169	319	263	288	198	357	249	321	305	305	237	277	335	291	313	334	360	
initialRedundantCoverageValue-	272	228	113	229	125	373	455	184	558	461	574	737	336	212	394	245	392	89	48	197	402	359	47	333	255	186	246	208	246	433	472	274	566	128	440	183	487	407	224	114	161	400	168	100	455	351	511	270	62	347	645	76	496	156	168	521	224	61	176	199	234	116	419	440	780	591	231	293	243	324	338	148	189	301	248	173	335	141	331	95	464	480	134	12	25	187	396	557	291	300	82	379	292	432	33	75	266	502	69	485	213	366	660	294	494	383	77	52	260	302	388	128	227	374	310	370	272	276	322	432	248	339	420	253	547	246	317	540	323	278	380	502	356	373	143	36	299	195	421	318	249	574	223	620	199	273	244	370	68	269	128	174	99	426	223	324	170	226	195	343	486	510	298	391	223	487	91	143	108	148	464	372	418	686	292	220	192	379	77	600	216	428	565	131	341	337	432	162	603	171	399	175	235	243	323	265	69	407	326	480	
additionalPoiTime-------------	1.64581055E7
algorithmTime-----------------	3.88598491E7
totalMsgTransferred-----------------	16858

Photo List Size: 2000
Gained Coverage %-------------	0.30695996991761526
Gained Redundancy %-----------	0.039529169572002525
Total Cluster Created---------	200
Total Transferred Photo-------	5256
Coverage Group----------------	1-30	31-60	61-90	91-120	121-150	151-180	181-210	211-240	241-270	271-300	301-330	331-360	
Coverage Distribution---------	40	59	10	42	12	22	7	5	2	0	1	0	
Ratio Group-------------------	.0	.1	.2	.3	.4	.5	.6	.7	.8	.9	1.0	
Coverage Ratio----------------	40	0	33	30	32	26	18	12	6	2	1	
Redundant Ratio---------------	142	23	21	8	4	1	1	0	0	0	0	
NumberOfPoint Group-----------	0	1	2	3	4	5	
NumOfPoint Distribution-------	0	57	95	40	7	1	
SD Group----------------------	0-1	1-2	2-3	3-4	4-5	5-6	
SD Distribution---------------	27	23	46	50	43	11	
Half Coverage Group-----------	0-1000	1000-2000	2000-3000	3000-4000	4000-5000	5000-6000	6000-7000	7000-8000	8000-9000	9000-10000	10000-11000	11000-12000	12000-13000	13000-14000	14000-15000	15000-16000	16000-17000	17000-18000	18000-19000	19000-20000	
Half Cvg Time Distribution----	0	2	0	0	0	0	2	0	2	3	0	0	4	0	2	1	0	2	0	4	
Transferred Photo Group-------	0-1000	1000-2000	2000-3000	3000-4000	4000-5000	5000-6000	6000-7000	7000-8000	8000-9000	9000-10000	10000-11000	11000-12000	12000-13000	13000-14000	14000-15000	15000-16000	16000-17000	17000-18000	18000-19000	19000-20000	
Photo Time Distribution-------	1605	1327	554	170	73	231	187	65	138	122	43	104	152	57	69	56	29	100	45	46	

