Message stats for scenario Photo_4000-Scenario_5
sim_time: 10000.0000

Photo List Size: 393
coverageValue-----------------	249	259	340	216	251	273	281	168	145	262	314	348	308	268	315	145	360	164	328	235	337	300	273	243	338	321	188	237	255	265	302	360	345	298	239	196	257	239	351	249	307	204	302	275	214	320	209	360	306	235	
redundantCoverageValue--------	111	161	440	84	49	147	319	72	35	98	166	252	292	92	225	95	480	136	392	65	263	60	147	117	382	459	232	3	165	35	298	420	315	242	1	104	283	121	189	171	113	36	118	325	86	160	271	360	474	125	
halfCoverageTime--------------	6155.5	2670.7	771.2	9546.5	5795.0	2950.4	3455.6	.0	.0	6393.8	4740.8	4756.6	1760.4	2837.9	3914.6	.0	2299.2	.0	1722.5	6311.9	3266.7	4531.8	4380.0	5717.2	976.0	1482.7	2419.0	1287.3	4997.8	7000.3	755.3	2015.0	1651.3	4358.2	5333.8	5552.3	3128.2	3358.3	2743.0	1699.0	5774.6	5875.5	3360.4	3179.7	6677.7	1653.4	2682.5	3211.4	3124.0	2840.0	
numberOfPoint-----------------	3	2	1	2	2	2	1	2	1	2	1	2	2	1	1	1	1	2	4	1	3	1	3	1	3	4	2	1	2	2	2	2	2	4	2	1	2	1	2	1	1	1	2	2	2	3	3	3	3	2	
standardDeviation-------------	4.29	4.58	.32	4.91	4.28	2.75	1.13	5.33	1.87	2.42	2.98	2.8	2.29	1.57	3.1	2.69	.3	3.13	3.85	2.72	3.7	1.0	5.72	3.1	3.81	4.06	3.1	3.93	3.63	4.03	2.57	2.34	3.8	5.22	4.72	1.66	3.23	1.41	2.72	1.81	1.32	2.78	5.63	3.11	3.12	4.95	3.09	3.32	3.65	5.15	
initialCoverageValue----------	360	360	360	360	360	360	360	360	360	360	360	360	360	360	360	360	360	360	360	360	360	360	360	360	360	360	360	360	360	360	360	360	360	360	360	360	360	360	360	360	360	360	360	360	360	360	360	360	360	360	
initialRedundantCoverageValue-	4020	3840	4260	2940	2760	4380	3720	4260	4020	4320	4080	3480	3720	3960	4320	3660	4440	3060	4020	4500	4020	3060	3240	4200	4140	4440	3960	3360	4800	3900	4740	4140	3900	4140	3540	4200	3720	4020	3600	3540	3900	3360	3720	4620	2820	3780	3660	3840	5100	4140	
additionalPoiTime-------------	0.0
algorithmTime-----------------	1.634266476E8
totalMsgTransferred-----------------	4987

Photo List Size: 393
Gained Coverage %-------------	0.753
Gained Redundancy %-----------	0.05009213759213759
Total Cluster Created---------	0
Total Transferred Photo-------	12871
Coverage Group----------------	1-30	31-60	61-90	91-120	121-150	151-180	181-210	211-240	241-270	271-300	301-330	331-360	
Coverage Distribution---------	0	0	0	0	2	2	4	7	10	6	10	9	
Ratio Group-------------------	.0	.1	.2	.3	.4	.5	.6	.7	.8	.9	1.0	
Coverage Ratio----------------	0	0	0	0	0	4	6	9	10	11	10	
Redundant Ratio---------------	0	46	4	0	0	0	0	0	0	0	0	
NumberOfPoint Group-----------	0	1	2	3	4	
NumOfPoint Distribution-------	0	17	22	8	3	
SD Group----------------------	0-1	1-2	2-3	3-4	4-5	5-6	
SD Distribution---------------	3	7	11	16	8	5	
Half Coverage Group-----------	0-1000	1000-2000	2000-3000	3000-4000	4000-5000	5000-6000	6000-7000	7000-8000	8000-9000	9000-10000	
Half Cvg Time Distribution----	3	7	9	9	6	6	4	1	0	1	
Transferred Photo Group-------	0-1000	1000-2000	2000-3000	3000-4000	4000-5000	5000-6000	6000-7000	7000-8000	8000-9000	9000-10000	
Photo Time Distribution-------	1423	2064	1999	1489	1103	1902	985	648	578	638	

