Message stats for scenario Photo_500-Scenario_4
sim_time: 10000.0000

Photo List Size: 500
coverageValue-----------------	300	300	291	345	112	238	256	211	298	285	248	167	240	281	308	121	196	328	168	311	296	179	269	298	220	235	246	235	246	336	305	335	201	296	260	265	231	261	280	180	297	120	292	235	227	120	325	333	146	286	
redundantCoverageValue--------	120	180	69	315	8	122	344	149	182	75	112	13	0	79	112	59	44	92	12	109	124	121	151	62	20	125	114	185	174	144	115	145	99	184	160	95	189	159	20	0	63	0	8	5	13	0	95	87	94	134	
halfCoverageTime--------------	2330.4	1290.5	5286.6	771.2	.0	5775.9	5505.7	5050.5	1376.5	2707.4	3124.0	.0	2762.1	2395.0	5025.0	.0	4997.8	3998.2	.0	3145.3	4100.1	.0	2299.2	2670.7	1651.3	2215.5	1049.6	2743.0	4000.4	3128.2	2556.1	2015.0	5139.8	2079.9	2373.3	3298.7	9511.3	2793.4	4531.8	3916.7	5348.6	.0	2033.1	4814.0	5875.5	.0	1653.4	2084.1	.0	2183.8	
numberOfPoint-----------------	1	1	1	1	1	1	1	1	1	1	1	1	1	1	1	1	1	1	1	1	1	1	1	1	1	1	1	1	1	1	1	1	1	1	1	1	1	1	1	1	1	1	1	1	1	1	1	1	1	1	
standardDeviation-------------	.0	.0	.0	.0	.0	.0	.0	.0	.0	.0	.0	.0	.0	.0	.0	.0	.0	.0	.0	.0	.0	.0	.0	.0	.0	.0	.0	.0	.0	.0	.0	.0	.0	.0	.0	.0	.0	.0	.0	.0	.0	.0	.0	.0	.0	.0	.0	.0	.0	.0	
initialCoverageValue----------	332	340	339	348	254	249	256	259	331	288	248	201	240	281	308	211	256	347	279	323	296	267	269	325	285	254	329	235	352	336	312	355	330	352	284	291	231	335	304	244	307	168	299	299	278	229	358	355	146	286	
initialRedundantCoverageValue-	328	500	261	672	226	171	584	161	569	192	352	339	180	79	352	149	164	433	501	397	244	213	391	215	435	226	511	305	668	384	288	425	330	428	436	249	189	385	116	56	353	72	241	241	142	131	482	425	94	194	
additionalPoiTime-------------	31200.2

Photo List Size: 500
Gained Coverage %-------------	0.872092215818346
Gained Redundancy %-----------	0.32825117901673234
Total Cluster Created---------	0
Total Transferred Photo-------	1147
Coverage Group----------------	1-30	31-60	61-90	91-120	121-150	151-180	181-210	211-240	241-270	271-300	301-330	331-360	
Coverage Distribution---------	0	0	0	3	2	4	2	9	8	13	5	4	
Ratio Group-------------------	.0	.1	.2	.3	.4	.5	.6	.7	.8	.9	1.0	
Coverage Ratio----------------	0	0	0	0	0	1	2	4	7	6	30	
Redundant Ratio---------------	4	7	3	9	13	3	4	2	1	0	4	
NumberOfPoint Group-----------	0	1	
NumOfPoint Distribution-------	0	0	
SD Group----------------------	
SD Distribution---------------	
Half Coverage Group-----------	0-1000	1000-2000	2000-3000	3000-4000	4000-5000	5000-6000	6000-7000	7000-8000	8000-9000	9000-10000	
Half Cvg Time Distribution----	1	5	16	6	5	8	0	0	0	1	
Transferred Photo Group-------	0-1000	1000-2000	2000-3000	3000-4000	4000-5000	5000-6000	6000-7000	7000-8000	8000-9000	9000-10000	
Photo Time Distribution-------	166	213	266	174	137	86	46	12	10	27	

