Message stats for scenario Photo_500-Scenario_2
sim_time: 10000.0000

Photo List Size: 500
coverageValue-----------------	317	340	310	348	232	249	256	259	331	288	248	201	240	281	308	152	256	296	279	323	296	267	255	325	285	254	329	235	352	336	282	355	330	341	284	291	231	335	304	244	307	168	232	299	278	229	330	339	146	286	
redundantCoverageValue--------	163	380	170	192	188	171	164	161	389	132	292	219	120	19	172	148	44	184	261	217	244	153	285	95	135	166	211	125	308	144	138	125	150	139	136	189	189	325	116	56	233	72	68	121	142	131	270	141	94	74	
halfCoverageTime--------------	6209.5	1991.1	5769.3	771.2	5717.2	5871.5	5864.3	4814.0	2276.9	2403.8	1653.4	5877.6	3211.4	1722.5	5114.5	.0	6550.6	2758.1	5743.3	4380.0	6341.0	5803.4	3086.3	3306.3	7936.0	6155.5	2084.1	6302.6	2430.8	3266.7	2670.7	2419.0	2695.3	4531.8	4838.8	3121.9	5566.5	4997.8	4811.9	4365.6	3124.0	.0	3467.3	5919.8	4499.8	4756.6	1713.9	5109.2	.0	6391.7	
numberOfPoint-----------------	1	1	1	1	1	1	1	1	1	1	1	1	1	1	1	1	1	1	1	1	1	1	1	1	1	1	1	1	1	1	1	1	1	1	1	1	1	1	1	1	1	1	1	1	1	1	1	1	1	1	
standardDeviation-------------	.0	.0	.0	.0	.0	.0	.0	.0	.0	.0	.0	.0	.0	.0	.0	.0	.0	.0	.0	.0	.0	.0	.0	.0	.0	.0	.0	.0	.0	.0	.0	.0	.0	.0	.0	.0	.0	.0	.0	.0	.0	.0	.0	.0	.0	.0	.0	.0	.0	.0	
initialCoverageValue----------	332	340	339	348	254	249	256	259	331	288	248	201	240	281	308	211	256	347	279	323	296	267	269	325	285	254	329	235	352	336	312	355	330	352	284	291	231	335	304	244	307	168	299	299	278	229	358	355	146	286	
initialRedundantCoverageValue-	328	500	261	672	226	171	584	161	569	192	352	339	180	79	352	149	164	433	501	397	244	213	391	215	435	226	511	305	668	384	288	425	330	428	436	249	189	385	116	56	353	72	241	241	142	131	482	425	94	194	
additionalPoiTime-------------	15600.1

Photo List Size: 500
Gained Coverage %-------------	0.9762516491910284
Gained Redundancy %-----------	0.553071903869759
Total Cluster Created---------	0
Total Transferred Photo-------	36880
Coverage Group----------------	1-30	31-60	61-90	91-120	121-150	151-180	181-210	211-240	241-270	271-300	301-330	331-360	
Coverage Distribution---------	0	0	0	0	1	2	1	6	9	12	10	9	
Ratio Group-------------------	.0	.1	.2	.3	.4	.5	.6	.7	.8	.9	1.0	
Coverage Ratio----------------	0	0	0	0	0	0	0	0	2	1	47	
Redundant Ratio---------------	0	0	0	6	6	9	4	6	5	3	11	
NumberOfPoint Group-----------	0	1	
NumOfPoint Distribution-------	0	0	
SD Group----------------------	
SD Distribution---------------	
Half Coverage Group-----------	0-1000	1000-2000	2000-3000	3000-4000	4000-5000	5000-6000	6000-7000	7000-8000	8000-9000	9000-10000	
Half Cvg Time Distribution----	1	4	8	7	9	11	6	1	0	0	
Transferred Photo Group-------	0-1000	1000-2000	2000-3000	3000-4000	4000-5000	5000-6000	6000-7000	7000-8000	8000-9000	9000-10000	
Photo Time Distribution-------	1640	4447	5609	4877	5870	4277	3225	2991	1953	1478	

