Message stats for scenario Photo_2000-Scenario_2
sim_time: 10000.0000

Photo List Size: 2000
coverageValue-----------------	212	223	239	311	303	182	290	289	316	289	208	162	218	236	275	336	280	291	196	167	309	237	324	286	281	274	301	300	269	332	268	205	144	217	360	295	306	294	314	301	201	313	272	225	286	353	265	171	255	224	
redundantCoverageValue--------	148	137	301	109	297	178	310	251	284	311	32	138	142	244	145	204	260	309	44	73	171	123	216	134	79	206	359	180	271	208	92	155	96	23	240	245	234	366	226	419	99	227	148	135	254	247	215	129	345	256	
halfCoverageTime--------------	9548.6	9878.8	5139.8	3455.6	5614.4	7128.7	3577.8	5722.6	3126.1	7440.4	9752.5	.0	5805.5	5445.8	2682.5	771.2	5879.0	5116.6	9997.5	.0	4826.3	3457.7	2837.9	3308.4	3009.5	4382.1	3142.6	1722.5	4103.6	4499.8	3121.9	4900.0	.0	5333.8	5077.7	2217.0	1758.3	4022.2	1378.6	4838.8	3169.0	5856.4	2390.4	4653.5	2950.4	4360.3	7551.5	.0	5114.5	9568.9	
numberOfPoint-----------------	1	1	1	1	1	1	1	1	1	1	1	1	1	1	1	1	1	1	1	1	1	1	1	1	1	1	1	1	1	1	1	1	1	1	1	1	1	1	1	1	1	1	1	1	1	1	1	1	1	1	
standardDeviation-------------	.0	.0	.0	.0	.0	.0	.0	.0	.0	.0	.0	.0	.0	.0	.0	.0	.0	.0	.0	.0	.0	.0	.0	.0	.0	.0	.0	.0	.0	.0	.0	.0	.0	.0	.0	.0	.0	.0	.0	.0	.0	.0	.0	.0	.0	.0	.0	.0	.0	.0	
initialCoverageValue----------	360	360	360	360	360	338	360	360	360	344	360	360	360	360	360	360	360	360	360	360	360	360	360	360	353	357	360	360	360	360	360	360	354	360	360	360	360	360	360	360	360	360	360	358	342	360	360	360	358	360	
initialRedundantCoverageValue-	1920	2220	2040	1920	1800	1822	1560	1740	1980	2176	1740	2100	1740	1320	2160	2520	2280	1800	1860	2040	2280	1620	2280	2760	2047	2043	2160	1860	1980	1860	1800	1740	726	1800	2040	2280	2460	1320	2100	1380	2160	1920	2280	1442	1278	1560	2580	1680	1442	1740	
additionalPoiTime-------------	0.0

Photo List Size: 2000
Gained Coverage %-------------	0.7367217139031467
Gained Redundancy %-----------	0.1050274759847309
Total Cluster Created---------	0
Total Transferred Photo-------	76535
Coverage Group----------------	1-30	31-60	61-90	91-120	121-150	151-180	181-210	211-240	241-270	271-300	301-330	331-360	
Coverage Distribution---------	0	0	0	0	1	3	5	9	4	14	10	4	
Ratio Group-------------------	.0	.1	.2	.3	.4	.5	.6	.7	.8	.9	1.0	
Coverage Ratio----------------	0	0	0	0	0	4	6	8	10	18	4	
Redundant Ratio---------------	0	26	21	2	1	0	0	0	0	0	0	
NumberOfPoint Group-----------	0	1	
NumOfPoint Distribution-------	0	0	
SD Group----------------------	
SD Distribution---------------	
Half Coverage Group-----------	0-1000	1000-2000	2000-3000	3000-4000	4000-5000	5000-6000	6000-7000	7000-8000	8000-9000	9000-10000	
Half Cvg Time Distribution----	1	3	5	9	9	11	0	3	0	5	
Transferred Photo Group-------	0-1000	1000-2000	2000-3000	3000-4000	4000-5000	5000-6000	6000-7000	7000-8000	8000-9000	9000-10000	
Photo Time Distribution-------	5231	10065	10612	8250	9660	8047	6484	6609	5416	5077	

