Message stats for scenario Photo_1000-Scenario_2
sim_time: 10000.0000

Photo List Size: 1000
coverageValue-----------------	236	285	339	325	271	299	283	290	318	147	306	326	353	278	260	246	263	334	318	297	207	244	288	356	316	190	329	282	316	333	342	253	270	286	123	341	346	243	191	314	308	306	208	265	334	301	308	311	277	112	
redundantCoverageValue--------	124	75	321	95	29	61	77	250	102	93	294	154	307	202	280	234	157	386	162	123	93	116	192	364	404	230	151	138	344	147	438	107	90	134	57	79	374	117	109	226	292	174	92	155	146	299	112	109	203	188	
halfCoverageTime--------------	7440.4	6155.5	485.5	4367.7	8989.4	2084.1	4227.2	4828.4	2758.1	.0	5116.6	3121.9	4022.2	2756.0	954.9	5552.3	8875.2	1991.1	4425.4	4358.2	7529.6	5077.7	1290.5	2758.3	1653.4	9903.3	5421.5	4491.2	1570.5	3124.0	1370.1	4102.2	4900.0	2082.0	.0	5505.5	2276.9	3577.8	5864.3	3914.6	3144.7	2183.8	2419.0	5445.8	3759.1	1981.0	4360.3	5769.3	4356.1	.0	
numberOfPoint-----------------	1	1	1	1	1	1	1	1	1	1	1	1	1	1	1	1	1	1	1	1	1	1	1	1	1	1	1	1	1	1	1	1	1	1	1	1	1	1	1	1	1	1	1	1	1	1	1	1	1	1	
standardDeviation-------------	.0	.0	.0	.0	.0	.0	.0	.0	.0	.0	.0	.0	.0	.0	.0	.0	.0	.0	.0	.0	.0	.0	.0	.0	.0	.0	.0	.0	.0	.0	.0	.0	.0	.0	.0	.0	.0	.0	.0	.0	.0	.0	.0	.0	.0	.0	.0	.0	.0	.0	
initialCoverageValue----------	338	337	343	360	358	353	360	351	360	337	320	360	360	350	340	349	334	357	342	350	360	360	306	360	316	360	355	360	330	345	360	360	360	348	320	351	360	360	289	360	342	360	308	333	353	360	359	360	338	321	
initialRedundantCoverageValue-	922	983	1037	720	782	667	660	1089	780	443	820	660	780	790	980	671	926	903	858	790	600	720	534	960	824	1080	1085	900	930	675	1080	1200	1020	732	640	609	1320	600	371	720	1038	900	532	627	787	1440	661	900	1222	399	
additionalPoiTime-------------	0.0

Photo List Size: 1000
Gained Coverage %-------------	0.8129151504649685
Gained Redundancy %-----------	0.22254454033408272
Total Cluster Created---------	0
Total Transferred Photo-------	57732
Coverage Group----------------	1-30	31-60	61-90	91-120	121-150	151-180	181-210	211-240	241-270	271-300	301-330	331-360	
Coverage Distribution---------	0	0	0	1	2	0	4	1	8	11	14	9	
Ratio Group-------------------	.0	.1	.2	.3	.4	.5	.6	.7	.8	.9	1.0	
Coverage Ratio----------------	0	0	0	0	2	1	2	5	10	12	18	
Redundant Ratio---------------	0	6	20	12	8	4	0	0	0	0	0	
NumberOfPoint Group-----------	0	1	
NumOfPoint Distribution-------	0	0	
SD Group----------------------	
SD Distribution---------------	
Half Coverage Group-----------	0-1000	1000-2000	2000-3000	3000-4000	4000-5000	5000-6000	6000-7000	7000-8000	8000-9000	9000-10000	
Half Cvg Time Distribution----	2	6	8	6	11	8	1	2	2	1	
Transferred Photo Group-------	0-1000	1000-2000	2000-3000	3000-4000	4000-5000	5000-6000	6000-7000	7000-8000	8000-9000	9000-10000	
Photo Time Distribution-------	2845	6398	7642	6426	7873	6548	5229	5339	4447	4184	

