1	8174	32130	309	-1	59
2	10726	15405	112	42	42
3	13253	26980	159	15	15
4	13126	27258	275	15	15
5	37463	11067	28	16	16
6	6502	31353	0	-1	54
7	11565	26120	307	-1	97
8	33704	3753	252	-1	61
9	32121	19289	99	-1	51
10	20377	12573	67	49	49
11	30268	15976	70	-1	67
12	37183	6778	270	26	26
13	34102	3593	223	34	34
14	8961	14141	34	-1	75
15	40828	4193	23	30	30
16	10778	15661	228	42	42
17	15763	3077	14	-1	89
18	24046	26800	118	-1	65
19	29339	16337	230	31	31
20	30390	29967	241	10	10
21	24844	27479	26	4	4
22	24305	29565	294	-1	99
23	31122	16178	281	-1	53
24	37991	31509	322	50	50
25	5648	27595	82	37	37
26	42622	19567	112	-1	60
27	35683	28792	216	44	44
28	6278	4230	60	-1	91
29	32445	30563	5	-1	74
30	42583	19767	304	-1	60
31	2622	781	148	9	9
32	36974	14248	57	36	36
33	10583	19846	1	-1	70
34	32575	30465	105	-1	74
35	12186	9902	13	32	32
36	19980	16817	16	-1	76
37	44143	598	109	-1	57
38	40760	4042	80	30	30
39	14651	10041	176	-1	63
40	20225	16733	147	-1	76
41	12379	9836	109	32	32
42	30378	29824	28	10	10
43	12329	10079	246	32	32
44	25013	27429	122	4	4
45	24968	27563	228	4	4
46	25763	2650	205	19	19
47	34128	3697	252	34	34
48	44462	11834	65	39	39
49	11124	5982	70	29	29
50	28076	1015	357	48	48
51	37192	14245	135	36	36
52	26371	19023	237	20	20
53	16153	18876	49	3	3
54	20274	3903	298	12	12
55	12358	15711	112	-1	56
56	12741	7846	81	-1	71
57	10819	21910	19	41	41
58	15925	3023	123	-1	89
59	38854	15613	250	-1	64
60	4465	3269	195	-1	73
61	20403	3809	274	12	12
62	26177	19042	312	20	20
63	44154	785	250	-1	57
64	18363	793	71	5	5
65	24111	26835	120	-1	65
66	11132	27848	152	22	22
67	12295	15982	277	-1	56
68	6176	7262	96	38	38
69	21204	10900	112	6	6
70	43963	715	342	-1	57
71	10875	19852	148	-1	70
72	11449	26072	320	-1	97
73	24611	26725	119	-1	72
74	37505	11273	331	16	16
75	33559	31177	296	-1	94
76	31987	22477	285	-1	68
77	31238	16130	180	-1	53
78	31000	16266	311	-1	53
79	38864	15616	249	-1	64
80	16809	7970	197	-1	88
81	18365	875	352	5	5
82	44528	12013	265	39	39
83	28125	1167	311	48	48
84	23880	27078	297	-1	65
85	26226	19075	302	20	20
86	4334	2982	120	-1	73
87	36250	4807	0	2	2
88	6297	4277	71	-1	91
89	22306	31205	69	-1	86
90	24698	19987	98	-1	98
91	27825	21185	324	47	47
92	13858	31008	280	-1	80
93	11717	25971	166	-1	97
94	26633	27821	243	-1	82
95	37254	6742	211	26	26
96	24272	29523	354	-1	99
97	8255	32253	265	-1	59
98	36081	18834	178	8	8
99	4340	3196	232	-1	73
100	19834	1381	41	33	33
101	28027	21106	150	47	47
102	25607	2632	14	19	19
103	14427	10076	355	-1	63
104	30135	28060	289	25	25
105	31075	16009	55	-1	53
106	8782	31474	156	-1	81
107	9411	26516	145	-1	79
108	30463	16135	204	-1	67
109	31921	23349	109	-1	87
110	22748	29674	116	1	1
111	43974	617	10	-1	57
112	8289	31982	128	-1	59
113	12622	8008	323	-1	71
114	38030	31372	46	50	50
115	10982	21774	122	41	41
116	21956	32915	342	17	17
117	37878	25632	117	-1	84
118	44023	564	60	-1	57
119	11008	6210	300	29	29
120	44060	728	287	-1	57
121	16269	18959	240	3	3
122	16239	19043	251	3	3
123	26938	27498	230	23	23
124	19012	7751	24	13	13
125	16755	7986	208	-1	88
126	13968	30961	204	-1	80
127	33698	3840	245	-1	61
128	38123	31347	83	50	50
129	35208	12749	265	-1	69
130	44224	653	178	-1	57
131	4367	3267	243	-1	73
132	24702	20030	73	-1	98
133	9226	26524	61	-1	79
134	36080	18745	153	8	8
135	7661	21136	245	-1	100
136	26643	27763	95	-1	82
137	13915	30858	150	-1	80
138	27837	21143	347	47	47
139	2615	28847	108	45	45
140	13675	31030	337	-1	80
141	2505	28845	75	45	45
142	2834	13414	115	27	27
143	40489	15426	243	-1	92
144	35054	12731	305	-1	69
145	2654	13370	17	27	27
146	35703	28742	180	44	44
147	2618	29044	253	45	45
148	18526	974	244	5	5
149	37899	25625	168	-1	84
150	36407	4896	264	2	2
151	35618	28666	67	44	44
152	31918	23384	167	-1	87
153	30593	10225	221	-1	96
154	26921	23775	314	-1	95
155	24287	29395	62	-1	99
156	44224	661	137	-1	57
157	40882	4129	111	30	30
158	34118	3522	136	34	34
159	22705	29884	299	1	1
160	21866	25401	225	-1	83
161	12767	21459	198	7	7
162	11555	26137	258	-1	97
163	38046	31493	330	50	50
164	15072	30984	69	-1	78
165	12756	21403	170	7	7
166	33959	3694	272	34	34
167	43841	10932	15	-1	58
168	12698	21252	136	7	7
169	8756	31612	240	-1	81
170	13664	30961	344	-1	80
171	23473	23282	327	-1	77
172	25755	2779	226	19	19
173	36461	4631	111	2	2
174	19778	1541	309	33	33
175	40346	15317	276	-1	92
176	15349	31106	179	-1	78
177	26663	27295	59	23	23
178	33958	3489	65	34	34
179	35702	28886	232	44	44
180	28391	14090	93	14	14
181	35262	12558	123	-1	69
182	20474	3861	272	12	12
183	19059	27617	180	18	18
184	10644	19977	297	-1	70
185	10834	21805	38	41	41
186	10897	21799	74	41	41
187	38714	15541	311	-1	64
188	23615	23144	168	-1	77
189	6561	31399	330	-1	54
190	32182	19303	166	-1	51
191	8865	14275	304	-1	75
192	18985	27550	161	18	18
193	37643	25672	345	-1	84
194	40449	6176	174	-1	52
195	36263	4859	332	2	2
196	30177	28016	328	25	25
197	37949	31503	9	50	50
198	22048	32830	77	17	17
199	29372	16327	195	31	31
200	42515	19665	337	-1	60
201	21112	10928	51	6	6
202	4370	3065	113	-1	73
203	16454	30817	309	-1	90
204	40923	4206	212	30	30
205	35075	12491	93	-1	69
206	42719	19532	102	-1	60
207	25719	2699	293	19	19
208	3706	28396	178	-1	93
209	19894	11807	234	-1	55
210	7367	31664	245	-1	85
211	4458	3064	173	-1	73
212	16707	7995	281	-1	88
213	20331	12819	310	49	49
214	32194	19406	196	-1	51
215	6402	4244	127	-1	91
216	7204	9277	348	-1	62
217	31876	23341	133	-1	87
218	37718	25693	42	-1	84
219	37758	25767	295	-1	84
220	40848	5302	27	21	21
221	9150	14212	186	-1	75
222	40713	4340	305	30	30
223	25008	27625	224	4	4
224	24583	26915	209	-1	72
225	21056	10995	31	6	6
226	40205	6296	335	-1	52
227	29324	16221	142	31	31
228	24335	29578	227	-1	99
229	33902	3594	344	34	34
230	40294	15373	324	-1	92
231	24117	20238	350	28	28
232	41058	5277	98	21	21
233	24359	20230	212	28	28
234	2388	28918	28	45	45
235	37215	6491	105	26	26
236	15846	3273	284	-1	89
237	40478	15132	125	-1	92
238	22282	31210	47	-1	86
239	23686	23112	155	-1	77
240	7313	9237	92	-1	62
241	31938	22262	51	-1	68
242	19072	7896	298	13	13
243	37071	6688	333	26	26
244	2927	13417	181	27	27
245	33744	31144	203	-1	94
246	28247	1058	174	48	48
247	30397	15946	156	-1	67
248	6390	4338	86	-1	91
249	44174	687	195	-1	57
250	14789	7054	58	43	43
251	24972	27568	250	4	4
252	26215	18946	38	20	20
253	40318	15347	320	-1	92
254	12296	15936	234	-1	56
255	22903	29686	138	1	1
256	6589	31426	292	-1	54
257	8678	31533	35	-1	81
258	42548	25755	74	24	24
259	14976	7239	239	43	43
260	23917	26973	343	-1	65
261	30406	10197	306	-1	96
262	12730	21485	225	7	7
263	8978	14154	330	-1	75
264	15976	3080	136	-1	89
265	14937	7345	253	43	43
266	6220	7424	247	38	38
267	8201	32177	274	-1	59
268	16350	18935	210	3	3
269	38115	31534	231	50	50
270	24305	20079	96	28	28
271	41489	17941	349	11	11
272	8696	31601	274	-1	81
273	6748	31485	194	-1	54
274	37841	25775	223	-1	84
275	28114	1198	298	48	48
276	31701	23607	277	-1	87
277	8832	14030	262	35	35
278	30501	10199	262	-1	96
279	18838	27405	41	18	18
280	40329	6235	308	-1	52
281	19471	27076	178	46	46
282	19175	7936	275	13	13
283	20568	12608	140	49	49
284	37802	25614	82	-1	84
285	33574	30944	77	-1	94
286	22741	29706	67	1	1
287	31873	22358	15	-1	68
288	34979	12745	293	-1	69
289	20294	3850	332	12	12
290	11423	25966	19	-1	97
291	27888	21253	281	47	47
292	11421	25979	17	-1	97
293	22274	31446	326	-1	86
294	30161	28026	312	25	25
295	19064	7887	294	13	13
296	21604	25346	344	-1	83
297	10582	20018	313	-1	70
298	30095	28085	322	25	25
299	6443	4261	114	-1	91
300	13116	27253	265	15	15
301	42617	19568	98	-1	60
302	10798	21890	1	41	41
303	30377	29927	252	10	10
304	16599	30561	126	-1	90
305	31249	16140	182	-1	53
306	37517	11067	47	16	16
307	5684	27782	282	37	37
308	37709	25859	319	-1	84
309	33621	3654	24	-1	61
310	38225	31382	142	50	50
311	26537	27790	16	-1	82
312	20518	3778	160	12	12
313	26412	18996	197	20	20
314	38674	15646	341	-1	64
315	11109	27822	134	22	22
316	30380	29678	77	10	10
317	20561	12624	183	49	49
318	40815	4273	309	30	30
319	16283	19062	256	3	3
320	13156	27027	122	15	15
321	7691	21207	247	-1	100
322	16288	19049	228	3	3
323	44055	10914	140	-1	58
324	20227	16835	182	-1	76
325	42548	19587	9	-1	60
326	25760	2584	145	19	19
327	16229	18791	110	3	3
328	10758	15426	134	42	42
329	32097	19357	120	-1	51
330	22602	29954	301	1	1
331	32063	19477	275	-1	51
332	11552	26093	276	-1	97
333	32551	30480	113	-1	74
334	40931	5548	286	21	21
335	22823	29667	127	1	1
336	12594	8090	332	-1	71
337	31077	16002	30	-1	53
338	23488	23034	28	-1	77
339	27901	21131	344	47	47
340	16372	30710	28	-1	90
341	42643	25772	167	24	24
342	40874	4071	76	30	30
343	38656	15518	0	-1	64
344	12796	21392	181	7	7
345	40936	5285	67	21	21
346	14982	7096	135	43	43
347	12614	21385	65	7	7
348	24644	26730	132	-1	72
349	37477	11126	3	16	16
350	6370	4311	47	-1	91
351	6379	4273	57	-1	91
352	31735	23511	318	-1	87
353	35650	28724	125	44	44
354	24460	26787	82	-1	72
355	3677	28320	121	-1	93
356	16716	7903	139	-1	88
357	31640	23424	29	-1	87
358	9225	26805	285	-1	79
359	25680	2565	85	19	19
360	11012	27776	74	22	22
361	20475	12782	241	49	49
362	31721	23516	295	-1	87
363	24440	29527	164	-1	99
364	31258	15979	113	-1	53
365	15042	30971	18	-1	78
366	24838	19951	140	-1	98
367	6464	31507	287	-1	54
368	6480	31450	324	-1	54
369	15768	3140	11	-1	89
370	7418	31525	159	-1	85
371	31664	23591	306	-1	87
372	29333	16361	240	31	31
373	34034	3586	217	34	34
374	22156	33000	215	17	17
375	37082	14308	44	36	36
376	10765	21963	329	41	41
377	7249	9267	354	-1	62
378	4346	3195	221	-1	73
379	38944	15410	141	-1	64
380	29379	16210	181	31	31
381	37161	14395	219	36	36
382	30200	27918	15	25	25
383	20352	3895	321	12	12
384	4171	3265	320	-1	73
385	10723	15648	250	42	42
386	37274	14334	150	36	36
387	9103	14079	146	-1	75
388	11020	5971	42	29	29
389	28068	21204	210	47	47
390	18425	833	51	5	5
391	31125	16201	308	-1	53
392	16196	18995	248	3	3
393	31994	19237	41	-1	51
394	19853	1400	56	33	33
395	42386	25912	310	24	24
396	10925	27775	73	22	22
397	3694	28564	228	-1	93
398	14924	7228	317	43	43
399	21752	25427	249	-1	83
400	20582	3917	234	12	12
401	2607	28992	237	45	45
402	41550	17978	277	11	11
403	37773	11063	160	16	16
404	30345	10038	32	-1	96
405	14520	10022	42	-1	63
406	8154	32090	34	-1	59
407	33974	3403	101	34	34
408	6508	4524	235	-1	91
409	2893	13528	233	27	27
410	32088	19546	267	-1	51
411	33924	3659	325	34	34
412	37129	6667	250	26	26
413	8812	13780	105	35	35
414	44087	10917	124	-1	58
415	8803	13750	92	35	35
416	19695	11685	323	-1	55
417	31929	23532	177	-1	87
418	24098	20085	16	28	28
419	11257	6028	126	29	29
420	22649	29828	330	1	1
421	2698	13576	293	27	27
422	20362	3910	309	12	12
423	13059	27166	322	15	15
424	8807	31613	242	-1	81
425	32050	22483	249	-1	68
426	41704	17718	150	11	11
427	15031	7140	121	43	43
428	4370	3010	124	-1	73
429	23494	23204	319	-1	77
430	10913	28375	316	-1	66
431	44520	12040	280	39	39
432	7233	9333	328	-1	62
433	40384	6008	100	-1	52
434	20152	16980	227	-1	76
435	31963	19243	26	-1	51
436	36999	6623	13	26	26
437	10769	15401	134	42	42
438	14710	10017	168	-1	63
439	38800	15587	268	-1	64
440	7659	21199	246	-1	100
441	20168	16792	136	-1	76
442	40252	6141	36	-1	52
443	5800	27805	216	37	37
444	13750	30770	63	-1	80
445	30116	28037	336	25	25
446	21069	11132	285	6	6
447	41069	5315	91	21	21
448	19298	7651	149	13	13
449	4229	3295	278	-1	73
450	8677	31610	309	-1	81
451	22574	31303	191	-1	86
452	19269	7773	205	13	13
453	2662	13483	321	27	27
454	40776	4200	22	30	30
455	11152	6132	191	29	29
456	4182	3135	29	-1	73
457	29242	16153	56	31	31
458	26370	19001	218	20	20
459	16069	18994	307	3	3
460	21259	11144	216	6	6
461	26694	27479	345	23	23
462	19203	7757	146	13	13
463	19067	27682	199	18	18
464	30444	16133	202	-1	67
465	16553	7837	34	-1	88
466	31923	19348	7	-1	51
467	33638	3707	315	-1	61
468	41138	5560	237	21	21
469	38838	15435	136	-1	64
470	16190	18892	82	3	3
471	26967	23748	282	-1	95
472	21885	25428	229	-1	83
473	10985	21845	171	41	41
474	30214	28062	287	25	25
475	24397	26963	330	-1	72
476	24200	29408	30	-1	99
477	18324	819	0	5	5
478	4351	3289	269	-1	73
479	30149	28025	310	25	25
480	22009	32963	336	17	17
481	15862	2980	91	-1	89
482	12282	9877	107	32	32
483	9276	26580	54	-1	79
484	13845	30830	144	-1	80
485	12302	15729	141	-1	56
486	7734	21156	210	-1	100
487	37096	14367	356	36	36
488	37739	11192	216	16	16
489	30548	10084	104	-1	96
490	16573	7850	52	-1	88
491	9389	26763	243	-1	79
492	19869	11543	129	-1	55
493	12366	15952	252	-1	56
494	24518	26881	243	-1	72
495	19778	11687	222	-1	55
496	8633	13810	10	35	35
497	9323	26754	228	-1	79
498	8101	32232	305	-1	59
499	10617	19740	34	-1	70
500	1765	30770	323	40	40
501	9290	26656	185	-1	79
502	13105	27097	92	15	15
503	11084	28322	165	-1	66
504	26833	27251	88	23	23
505	42599	25853	216	24	24
506	24613	20214	318	-1	98
507	13208	27221	226	15	15
508	35230	12549	133	-1	69
509	44071	787	306	-1	57
510	40472	6081	170	-1	52
511	15811	3237	250	-1	89
512	8806	13905	204	35	35
513	26798	27435	274	23	23
514	28165	14345	301	14	14
515	19495	26976	124	46	46
516	37166	6631	171	26	26
517	33969	3587	302	34	34
518	23482	23303	324	-1	77
519	33747	31074	160	-1	94
520	11046	28476	240	-1	66
521	10747	21839	8	41	41
522	23893	26787	45	-1	65
523	23718	23296	232	-1	77
524	31785	23628	292	-1	87
525	10682	15644	238	42	42
526	23918	27036	273	-1	65
527	11225	6103	175	29	29
528	22067	32875	13	17	17
529	22764	29943	261	1	1
530	4477	3079	163	-1	73
531	6656	31417	224	-1	54
532	26915	23593	12	-1	95
533	22816	29707	117	1	1
534	24843	20041	133	-1	98
535	9405	26534	163	-1	79
536	9067	14047	130	-1	75
537	16328	18965	190	3	3
538	12561	8006	332	-1	71
539	42486	25874	299	24	24
540	42679	19507	138	-1	60
541	20386	12734	274	49	49
542	26636	27253	22	23	23
543	32027	19457	319	-1	51
544	24148	20161	350	28	28
545	33651	3745	328	-1	61
546	38705	15604	295	-1	64
547	11180	6057	123	29	29
548	26545	27753	36	-1	82
549	6502	4228	149	-1	91
550	10984	6053	14	29	29
551	15040	31062	18	-1	78
552	24420	29429	148	-1	99
553	10880	28311	44	-1	66
554	2866	13526	242	27	27
555	11272	6000	152	29	29
556	24250	29580	335	-1	99
557	23573	23238	307	-1	77
558	19588	11620	42	-1	55
559	43827	11077	339	-1	58
560	2435	720	49	9	9
561	9059	14185	219	-1	75
562	18832	27399	71	18	18
563	19274	27087	356	46	46
564	8166	32050	29	-1	59
565	36500	4810	188	2	2
566	28428	14268	176	14	14
567	18540	784	135	5	5
568	33850	3573	131	-1	61
569	24376	20119	172	28	28
570	26947	27520	199	23	23
571	34116	3398	131	34	34
572	42686	25923	235	24	24
573	34154	3547	197	34	34
574	12189	15794	41	-1	56
575	5659	27867	287	37	37
576	31284	16093	137	-1	53
577	31799	23576	256	-1	87
578	41022	5436	222	21	21
579	32661	30723	242	-1	74
580	7395	31499	147	-1	85
581	30207	16004	32	-1	67
582	1983	30646	166	40	40
583	13804	30822	88	-1	80
584	30464	29741	125	10	10
585	27114	23613	160	-1	95
586	9124	26584	44	-1	79
587	24436	29691	243	-1	99
588	26225	19005	323	20	20
589	27069	23779	230	-1	95
590	14948	7219	262	43	43
591	24794	27556	337	4	4
592	31012	16068	0	-1	53
593	12755	7851	94	-1	71
594	35179	12728	262	-1	69
595	29350	16296	245	31	31
596	33568	3587	29	-1	61
597	28308	14199	61	14	14
598	16626	30759	170	-1	90
599	26641	27659	91	-1	82
600	9024	14055	95	-1	75
601	41163	5381	176	21	21
602	21276	10948	125	6	6
603	8347	32246	243	-1	59
604	3581	28508	278	-1	93
605	31964	19262	24	-1	51
606	35961	18805	86	8	8
607	10880	28331	6	-1	66
608	42723	19713	209	-1	60
609	8559	31633	306	-1	81
610	40909	5383	32	21	21
611	12139	9768	53	32	32
612	13775	30768	85	-1	80
613	19133	7621	90	13	13
614	36343	4791	345	2	2
615	18586	921	194	5	5
616	13105	27287	252	15	15
617	32659	30574	149	-1	74
618	38226	31331	150	50	50
619	23541	23005	85	-1	77
620	28259	14219	355	14	14
621	23879	26787	80	-1	65
622	35084	12492	88	-1	69
623	35119	12489	100	-1	69
624	19880	1454	358	33	33
625	21143	10894	49	6	6
626	40436	6241	224	-1	52
627	28097	904	28	48	48
628	7417	31505	133	-1	85
629	29351	16391	216	31	31
630	37544	11243	317	16	16
631	41682	17804	143	11	11
632	15244	31012	113	-1	78
633	23585	22996	58	-1	77
634	31997	19503	331	-1	51
635	33679	30971	101	-1	94
636	21625	25442	283	-1	83
637	26671	27458	335	23	23
638	30159	27908	359	25	25
639	37938	31487	14	50	50
640	33634	30955	68	-1	94
641	10978	28011	277	22	22
642	24945	27521	211	4	4
643	19845	11788	204	-1	55
644	18873	27611	315	18	18
645	16634	7943	337	-1	88
646	2919	13343	165	27	27
647	9320	26518	128	-1	79
648	28125	1084	342	48	48
649	24364	26886	2	-1	72
650	3551	28365	99	-1	93
651	37920	25644	138	-1	84
652	32357	30511	26	-1	74
653	15883	3226	217	-1	89
654	2749	941	182	9	9
655	30319	10232	345	-1	96
656	8824	31452	128	-1	81
657	19558	27040	172	46	46
658	14844	7166	42	43	43
659	16461	30749	316	-1	90
660	9070	14235	222	-1	75
661	21229	11090	215	6	6
662	15075	7167	181	43	43
663	14702	10132	178	-1	63
664	36431	4845	250	2	2
665	38779	15657	254	-1	64
666	7213	9258	25	-1	62
667	30431	29785	125	10	10
668	40229	15180	55	-1	92
669	8360	32089	183	-1	59
670	11021	21771	146	41	41
671	16576	30701	166	-1	90
672	11678	26040	160	-1	97
673	31620	23415	13	-1	87
674	30389	29722	66	10	10
675	36295	4689	37	2	2
676	8362	32245	227	-1	59
677	38799	15506	12	-1	64
678	8772	13930	262	35	35
679	10781	15478	152	42	42
680	14520	10004	81	-1	63
681	8703	31483	62	-1	81
682	6471	4337	143	-1	91
683	12637	7992	355	-1	71
684	36995	6767	281	26	26
685	2448	830	12	9	9
686	8773	31392	82	-1	81
687	10767	19769	75	-1	70
688	10595	19956	319	-1	70
689	24958	27561	260	4	4
690	24439	26928	306	-1	72
691	21077	10896	41	6	6
692	29262	16113	54	31	31
693	40231	6310	314	-1	52
694	15944	2988	156	-1	89
695	32439	30596	11	-1	74
696	38151	31574	214	50	50
697	11072	27768	142	22	22
698	41092	5475	210	21	21
699	42668	19670	231	-1	60
700	7659	21094	82	-1	100
701	6718	31518	239	-1	54
702	13656	30920	314	-1	80
703	9154	26549	31	-1	79
704	36226	4738	21	2	2
705	32141	19346	157	-1	51
706	9216	26565	79	-1	79
707	37165	14291	127	36	36
708	31994	22547	305	-1	68
709	26930	27409	174	23	23
710	7334	9408	265	-1	62
711	38225	31411	166	50	50
712	33878	3412	18	34	34
713	13261	27231	214	15	15
714	20575	12604	149	49	49
715	13233	27001	132	15	15
716	11041	6268	296	29	29
717	11677	25902	125	-1	97
718	6140	7253	60	38	38
719	25603	2707	305	19	19
720	41070	5392	149	21	21
721	1856	30681	63	40	40
722	37646	10985	128	16	16
723	11701	25953	149	-1	97
724	30554	29897	202	10	10
725	35642	28678	107	44	44
726	19900	1319	59	33	33
727	27822	21201	327	47	47
728	40445	15424	246	-1	92
729	23996	27069	269	-1	65
730	7223	31565	26	-1	85
731	4214	3001	51	-1	73
732	35075	12621	346	-1	69
733	22533	31214	154	-1	86
734	40273	6021	61	-1	52
735	16196	19008	269	3	3
736	44551	11922	284	39	39
737	7428	31527	113	-1	85
738	6671	31413	215	-1	54
739	40930	5456	313	21	21
740	19025	27399	126	18	18
741	19598	11784	334	-1	55
742	43978	851	308	-1	57
743	15225	31120	197	-1	78
744	12350	15788	162	-1	56
745	20543	3898	214	12	12
746	22866	29815	155	1	1
747	42510	25695	73	24	24
748	4374	3198	196	-1	73
749	38960	15533	174	-1	64
750	4187	2989	27	-1	73
751	41661	17838	189	11	11
752	24827	20252	204	-1	98
753	14498	10171	299	-1	63
754	18392	746	85	5	5
755	19009	27681	232	18	18
756	37281	6613	202	26	26
757	13072	27254	279	15	15
758	18935	27700	246	18	18
759	37920	31643	331	50	50
760	10587	19888	328	-1	70
761	9295	26739	270	-1	79
762	31922	23428	162	-1	87
763	33580	3527	69	-1	61
764	14803	7307	313	43	43
765	10859	27779	40	22	22
766	44179	568	115	-1	57
767	6249	7424	197	38	38
768	29276	16325	271	31	31
769	42738	19645	169	-1	60
770	20184	16785	120	-1	76
771	24415	20047	134	28	28
772	6381	4260	105	-1	91
773	7283	9226	62	-1	62
774	21856	25286	182	-1	83
775	13099	27109	74	15	15
776	10798	21953	332	41	41
777	29336	16390	237	31	31
778	25017	27378	104	4	4
779	8666	13920	2	35	35
780	26681	27942	260	-1	82
781	6470	31331	353	-1	54
782	18827	27581	4	18	18
783	19658	11645	29	-1	55
784	30325	29828	9	10	10
785	40869	4096	82	30	30
786	26355	19117	285	20	20
787	15227	31113	234	-1	78
788	38045	31634	262	50	50
789	8243	32067	140	-1	59
790	32120	19293	105	-1	51
791	40893	5296	66	21	21
792	3584	28403	81	-1	93
793	26735	27427	352	23	23
794	37172	14221	132	36	36
795	30466	29990	232	10	10
796	20273	12765	330	49	49
797	30531	29956	241	10	10
798	21586	25227	26	-1	83
799	31174	16181	273	-1	53
800	24526	20173	318	-1	98
801	14881	7141	18	43	43
802	16410	30827	289	-1	90
803	29252	16244	332	31	31
804	4318	3117	103	-1	73
805	12345	15787	144	-1	56
806	19225	7735	137	13	13
807	31940	22401	337	-1	68
808	41145	5376	135	21	21
809	12222	15680	108	-1	56
810	15047	7087	130	43	43
811	19210	7872	243	13	13
812	30495	29896	187	10	10
813	27851	21254	287	47	47
814	10566	15460	74	42	42
815	36261	4728	2	2	2
816	2614	805	135	9	9
817	35769	28817	188	44	44
818	40430	15202	121	-1	92
819	10493	15647	309	42	42
820	20555	3921	230	12	12
821	12161	10079	301	32	32
822	22874	29826	161	1	1
823	33795	3822	254	-1	61
824	15098	7288	203	43	43
825	24275	20164	232	28	28
826	37483	11155	357	16	16
827	15922	3173	228	-1	89
828	33583	30970	72	-1	94
829	22391	31232	58	-1	86
830	18499	1038	283	5	5
831	18605	956	210	5	5
832	31304	16221	228	-1	53
833	7768	21274	246	-1	100
834	2003	30858	200	40	40
835	36075	18872	199	8	8
836	8055	32217	337	-1	59
837	8172	32125	348	-1	59
838	44561	11941	272	39	39
839	42547	19504	30	-1	60
840	32143	19236	133	-1	51
841	6413	4454	274	-1	91
842	24322	20284	233	28	28
843	31087	16256	317	-1	53
844	35746	28621	151	44	44
845	8336	31973	121	-1	59
846	31147	16113	83	-1	53
847	19410	27177	286	46	46
848	33468	31092	358	-1	94
849	43942	10899	69	-1	58
850	24993	27636	261	4	4
851	37048	6490	77	26	26
852	30443	10312	300	-1	96
853	28167	949	63	48	48
854	22790	29716	91	1	1
855	6183	7332	132	38	38
856	35123	12746	296	-1	69
857	24364	29390	112	-1	99
858	16588	7891	352	-1	88
859	2589	29074	228	45	45
860	10864	19896	184	-1	70
861	10819	20012	253	-1	70
862	15824	3032	71	-1	89
863	28177	923	80	48	48
864	16109	18871	28	3	3
865	33589	31033	55	-1	94
866	10687	20023	274	-1	70
867	10782	21888	359	41	41
868	31986	19332	42	-1	51
869	24925	27394	85	4	4
870	33686	3564	98	-1	61
871	29357	16390	250	31	31
872	22746	29788	108	1	1
873	24088	26899	154	-1	65
874	27155	23741	190	-1	95
875	9232	26739	310	-1	79
876	16055	18892	33	3	3
877	10823	21975	311	41	41
878	11690	25915	150	-1	97
879	41057	5311	126	21	21
880	35900	18962	320	8	8
881	10647	19894	9	-1	70
882	16715	7814	94	-1	88
883	36340	4884	304	2	2
884	19395	27145	267	46	46
885	26484	27756	37	-1	82
886	28097	888	42	48	48
887	15849	3135	206	-1	89
888	16615	30612	130	-1	90
889	18993	7784	15	13	13
890	15678	3012	26	-1	89
891	36487	4837	236	2	2
892	20269	12677	335	49	49
893	35043	12766	332	-1	69
894	16565	8035	322	-1	88
895	10977	27961	260	22	22
896	37994	31499	328	50	50
897	7460	31570	191	-1	85
898	2696	13441	18	27	27
899	37540	11017	33	16	16
900	43992	827	278	-1	57
901	34089	3694	245	34	34
902	30382	10287	329	-1	96
903	37196	14370	194	36	36
904	38738	15396	36	-1	64
905	11112	6239	287	29	29
906	21152	10963	63	6	6
907	14813	7325	288	43	43
908	44523	11864	50	39	39
909	15043	31057	350	-1	78
910	8091	32111	25	-1	59
911	16074	18917	29	3	3
912	5621	27804	293	37	37
913	24147	20129	353	28	28
914	24160	20289	311	28	28
915	30585	10145	167	-1	96
916	33869	3700	194	-1	61
917	34991	12740	332	-1	69
918	22623	29797	27	1	1
919	12992	27052	6	15	15
920	27078	23763	276	-1	95
921	25845	2656	165	19	19
922	29149	16270	0	31	31
923	30328	15998	110	-1	67
924	7204	31738	328	-1	85
925	24351	26878	325	-1	72
926	10756	15607	215	42	42
927	14654	9953	109	-1	63
928	3631	28385	124	-1	93
929	19954	1545	249	33	33
930	44222	754	187	-1	57
931	10940	27981	276	22	22
932	3437	28428	28	-1	93
933	22614	29713	22	1	1
934	4209	3266	314	-1	73
935	27827	21202	319	47	47
936	37955	31395	27	50	50
937	44237	720	162	-1	57
938	20305	12565	65	49	49
939	2862	13461	151	27	27
940	34040	3624	216	34	34
941	6271	4320	51	-1	91
942	33553	3786	325	-1	61
943	35893	18993	289	8	8
944	28192	14128	16	14	14
945	24378	20130	170	28	28
946	42612	19541	80	-1	60
947	31704	23350	68	-1	87
948	24711	20013	91	-1	98
949	18428	1051	302	5	5
950	7391	31533	154	-1	85
951	21873	25374	186	-1	83
952	35711	28829	237	44	44
953	10842	21980	279	41	41
954	22814	29818	166	1	1
955	40955	5388	7	21	21
956	37526	11178	350	16	16
957	43951	10948	111	-1	58
958	26721	27948	230	-1	82
959	30583	10257	194	-1	96
960	11091	27899	182	22	22
961	3582	28365	87	-1	93
962	30256	29948	320	10	10
963	19807	11735	242	-1	55
964	21900	25373	188	-1	83
965	32072	22411	212	-1	68
966	33905	3440	53	34	34
967	19765	11501	72	-1	55
968	40321	15258	15	-1	92
969	2493	29017	323	45	45
970	5709	27583	83	37	37
971	10907	21885	152	41	41
972	24870	27490	0	4	4
973	5674	27749	325	37	37
974	30434	16134	216	-1	67
975	27097	23510	111	-1	95
976	37669	11048	115	16	16
977	41640	18000	240	11	11
978	31897	22413	343	-1	68
979	2610	701	77	9	9
980	24384	26987	289	-1	72
981	19474	26971	101	46	46
982	22459	31449	232	-1	86
983	40984	4065	153	30	30
984	38664	15354	41	-1	64
985	32514	30737	249	-1	74
986	23990	26788	102	-1	65
987	11057	6031	65	29	29
988	33854	3562	110	-1	61
989	22535	31477	245	-1	86
990	37284	6761	230	26	26
991	5727	27658	102	37	37
992	42687	25814	165	24	24
993	40948	5294	54	21	21
994	20018	1343	102	33	33
995	41472	17798	32	11	11
996	44228	763	194	-1	57
997	30525	29791	181	10	10
998	34059	3614	241	34	34
999	38880	15481	182	-1	64
1000	6082	7466	322	38	38
1001	19272	7928	221	13	13
1002	30377	29754	82	10	10
1003	37185	6552	152	26	26
1004	11602	26106	231	-1	97
1005	12726	21542	245	7	7
1006	32622	30592	196	-1	74
1007	10806	28376	335	-1	66
1008	7432	9149	121	-1	62
1009	10630	19828	34	-1	70
1010	6491	4504	213	-1	91
1011	20482	12674	142	49	49
1012	31032	16064	14	-1	53
1013	12609	21488	298	7	7
1014	31081	16073	49	-1	53
1015	12181	15817	28	-1	56
1016	31174	16222	283	-1	53
1017	7252	31491	72	-1	85
1018	14552	10021	88	-1	63
1019	29417	16277	178	31	31
1020	41125	5464	175	21	21
1021	24887	27533	325	4	4
1022	13957	30899	167	-1	80
1023	27008	23659	331	-1	95
1024	8566	31476	17	-1	81
1025	31995	22537	279	-1	68
1026	9003	14111	91	-1	75
1027	3705	28614	252	-1	93
1028	31933	19249	50	-1	51
1029	2602	768	104	9	9
1030	2567	28980	247	45	45
1031	11679	26053	211	-1	97
1032	33642	3701	335	-1	61
1033	36355	4847	271	2	2
1034	34146	3614	193	34	34
1035	20304	12622	33	49	49
1036	3586	28341	115	-1	93
1037	10991	6228	342	29	29
1038	10839	27782	23	22	22
1039	33610	3523	48	-1	61
1040	26229	19111	308	20	20
1041	10745	21961	349	41	41
1042	13021	27170	311	15	15
1043	28332	983	178	48	48
1044	10737	19906	290	-1	70
1045	11024	28190	129	-1	66
1046	7618	21270	270	-1	100
1047	11269	6031	157	29	29
1048	13761	30872	339	-1	80
1049	22065	32803	93	17	17
1050	2588	917	292	9	9
1051	28067	1087	312	48	48
1052	9177	26498	75	-1	79
1053	14918	7132	45	43	43
1054	44531	11945	287	39	39
1055	12793	8018	189	-1	71
1056	10801	28437	300	-1	66
1057	21756	25385	288	-1	83
1058	16638	7963	326	-1	88
1059	12654	21423	210	7	7
1060	41569	17887	339	11	11
1061	42634	19646	213	-1	60
1062	27916	21268	290	47	47
1063	40233	15338	331	-1	92
1064	20255	12775	355	49	49
1065	15042	30932	64	-1	78
1066	24260	29597	299	-1	99
1067	35837	18817	26	8	8
1068	16292	18817	149	3	3
1069	38823	15498	123	-1	64
1070	22347	31464	282	-1	86
1071	38895	15454	134	-1	64
1072	7585	21135	353	-1	100
1073	41602	17702	115	11	11
1074	15314	31065	140	-1	78
1075	16295	18968	233	3	3
1076	30434	29775	125	10	10
1077	44050	10984	159	-1	58
1078	18497	987	238	5	5
1079	21827	25305	182	-1	83
1080	13903	30794	143	-1	80
1081	26707	27799	180	-1	82
1082	30553	10217	202	-1	96
1083	9238	26611	68	-1	79
1084	22844	29959	205	1	1
1085	10900	27977	307	22	22
1086	31791	23501	252	-1	87
1087	12119	15970	336	-1	56
1088	40474	6126	153	-1	52
1089	13114	27253	293	15	15
1090	26788	27481	252	23	23
1091	14658	10055	134	-1	63
1092	15951	2981	140	-1	89
1093	30193	16133	301	-1	67
1094	5633	27823	293	37	37
1095	24956	27461	119	4	4
1096	20289	3839	304	12	12
1097	2695	13404	15	27	27
1098	42651	25863	204	24	24
1099	29256	16091	103	31	31
1100	24611	26950	235	-1	72
1101	41695	17992	209	11	11
1102	21584	25143	29	-1	83
1103	24366	29589	224	-1	99
1104	12174	15827	346	-1	56
1105	28213	14165	38	14	14
1106	12610	7963	345	-1	71
1107	7401	9224	192	-1	62
1108	19128	7798	325	13	13
1109	8609	31449	12	-1	81
1110	21184	10972	97	6	6
1111	25569	2756	332	19	19
1112	7147	9334	309	-1	62
1113	11011	28220	103	-1	66
1114	40376	15430	285	-1	92
1115	18453	768	109	5	5
1116	33990	3618	313	34	34
1117	10565	15516	32	42	42
1118	33664	31181	231	-1	94
1119	20070	1453	167	33	33
1120	36249	4906	291	2	2
1121	35930	18718	43	8	8
1122	12406	9847	154	32	32
1123	32473	30512	84	-1	74
1124	10703	15392	130	42	42
1125	35700	28730	159	44	44
1126	42582	25772	166	24	24
1127	18354	1017	316	5	5
1128	13736	30972	281	-1	80
1129	42465	19761	330	-1	60
1130	37973	31455	356	50	50
1131	24395	26923	313	-1	72
1132	9078	14298	262	-1	75
1133	7502	21261	321	-1	100
1134	24042	26859	142	-1	65
1135	34146	3655	204	34	34
1136	15872	3157	204	-1	89
1137	29289	16178	114	31	31
1138	19933	1361	100	33	33
1139	11242	6108	148	29	29
1140	8662	31667	294	-1	81
1141	40346	15346	278	-1	92
1142	35828	18887	330	8	8
1143	18435	909	2	5	5
1144	22825	29752	148	1	1
1145	41017	4234	193	30	30
1146	44532	11787	79	39	39
1147	8780	31506	177	-1	81
1148	35980	18827	67	8	8
1149	40477	15280	182	-1	92
1150	10947	27824	59	22	22
1151	19922	16720	44	-1	76
1152	23502	23095	11	-1	77
1153	21057	10952	41	6	6
1154	32060	22523	261	-1	68
1155	42667	19588	118	-1	60
1156	5819	27601	145	37	37
1157	37561	11263	280	16	16
1158	12375	10061	257	32	32
1159	21718	25177	95	-1	83
1160	7640	21110	60	-1	100
1161	41646	17871	185	11	11
1162	28086	21092	182	47	47
1163	37544	11059	47	16	16
1164	11024	27785	79	22	22
1165	22615	29960	310	1	1
1166	42582	25648	76	24	24
1167	20098	16800	90	-1	76
1168	10546	15686	317	42	42
1169	3615	28498	233	-1	93
1170	19636	11674	325	-1	55
1171	7177	9250	4	-1	62
1172	35038	12547	61	-1	69
1173	36094	18778	121	8	8
1174	15316	30950	127	-1	78
1175	32607	30473	134	-1	74
1176	35544	28825	310	44	44
1177	18552	846	154	5	5
1178	43833	10970	28	-1	58
1179	2685	29068	190	45	45
1180	8662	13947	297	35	35
1181	35553	28653	58	44	44
1182	19006	27616	192	18	18
1183	32173	19339	167	-1	51
1184	11155	6035	108	29	29
1185	28075	884	59	48	48
1186	7289	31497	97	-1	85
1187	10637	15489	83	42	42
1188	19301	26934	47	46	46
1189	18992	27546	194	18	18
1190	26981	23641	339	-1	95
1191	10776	15527	165	42	42
1192	10696	15463	144	42	42
1193	34097	3649	230	34	34
1194	30279	29869	359	10	10
1195	23607	23100	92	-1	77
1196	32206	19390	208	-1	51
1197	21972	32762	61	17	17
1198	16547	30877	256	-1	90
1199	4371	3214	243	-1	73
1200	18365	1043	319	5	5
1201	8916	14231	330	-1	75
1202	9270	26797	283	-1	79
1203	24562	26806	149	-1	72
1204	3524	28326	86	-1	93
1205	21170	10896	103	6	6
1206	19539	27205	251	46	46
1207	2824	13344	130	27	27
1208	18500	873	136	5	5
1209	27004	23499	52	-1	95
1210	35595	28788	322	44	44
1211	19085	7736	51	13	13
1212	2528	740	79	9	9
1213	12103	15938	314	-1	56
1214	26187	19125	318	20	20
1215	22043	33011	301	17	17
1216	2611	708	93	9	9
1217	9090	14021	144	-1	75
1218	6091	7315	55	38	38
1219	19522	26968	118	46	46
1220	38135	31431	132	50	50
1221	26996	23782	301	-1	95
1222	38848	15432	106	-1	64
1223	16067	18992	327	3	3
1224	33475	31171	313	-1	94
1225	2616	873	248	9	9
1226	42685	19501	105	-1	60
1227	24783	20039	157	-1	98
1228	37021	14212	32	36	36
1229	22289	31314	333	-1	86
1230	12341	10052	257	32	32
1231	18905	27440	76	18	18
1232	41459	17857	20	11	11
1233	16265	18793	134	3	3
1234	24667	19969	73	-1	98
1235	30133	27973	321	25	25
1236	26854	27357	128	23	23
1237	30128	27974	333	25	25
1238	18614	959	209	5	5
1239	40856	4075	91	30	30
1240	24397	26884	11	-1	72
1241	9157	26621	23	-1	79
1242	32005	22280	92	-1	68
1243	15211	31248	258	-1	78
1244	18483	1051	281	5	5
1245	4335	3077	121	-1	73
1246	40441	6107	120	-1	52
1247	10931	28001	291	22	22
1248	8096	32061	38	-1	59
1249	41041	5506	236	21	21
1250	26711	27928	219	-1	82
1251	22902	29805	154	1	1
1252	5721	27682	81	37	37
1253	25026	27454	135	4	4
1254	36333	4791	311	2	2
1255	25064	27521	195	4	4
1256	7397	9296	215	-1	62
1257	5733	27779	277	37	37
1258	10487	15397	33	42	42
1259	38190	31362	110	50	50
1260	26572	27824	350	-1	82
1261	8576	31618	341	-1	81
1262	12136	15980	328	-1	56
1263	10555	15614	344	42	42
1264	6222	7432	229	38	38
1265	20546	12823	213	49	49
1266	19645	11514	60	-1	55
1267	10777	22009	326	41	41
1268	16707	7868	107	-1	88
1269	7275	9103	99	-1	62
1270	28177	14239	331	14	14
1271	37532	11210	299	16	16
1272	24594	20177	323	-1	98
1273	18592	827	177	5	5
1274	20026	16773	82	-1	76
1275	37702	11274	232	16	16
1276	26541	27643	44	-1	82
1277	26678	27387	35	23	23
1278	2879	13607	246	27	27
1279	12772	21296	141	7	7
1280	18863	27423	70	18	18
1281	40933	5416	4	21	21
1282	9060	14289	234	-1	75
1283	14836	7047	26	43	43
1284	24287	29636	255	-1	99
1285	36082	18829	157	8	8
1286	37918	25759	212	-1	84
1287	7660	21233	288	-1	100
1288	19980	16942	326	-1	76
1289	10875	21868	100	41	41
1290	40838	4280	285	30	30
1291	34001	3545	45	34	34
1292	30223	27859	98	25	25
1293	20271	3700	9	12	12
1294	36015	18911	217	8	8
1295	25684	2542	53	19	19
1296	30385	29697	104	10	10
1297	34033	3482	104	34	34
1298	19509	27043	131	46	46
1299	40390	15309	224	-1	92
1300	24553	26708	115	-1	72
1301	23629	23223	227	-1	77
1302	6266	4252	68	-1	91
1303	22340	31364	346	-1	86
1304	35961	18735	99	8	8
1305	24745	20179	224	-1	98
1306	40352	15348	250	-1	92
1307	23605	23167	264	-1	77
1308	8704	31660	299	-1	81
1309	25671	2635	356	19	19
1310	20357	12779	311	49	49
1311	16311	19017	195	3	3
1312	19058	27526	165	18	18
1313	21208	10931	108	6	6
1314	4307	3173	294	-1	73
1315	2488	770	25	9	9
1316	1847	30580	64	40	40
1317	7340	31528	130	-1	85
1318	22635	29907	318	1	1
1319	8271	32053	139	-1	59
1320	13881	30729	94	-1	80
1321	10808	19903	225	-1	70
1322	11000	28003	263	22	22
1323	13746	30948	339	-1	80
1324	34133	3504	127	34	34
1325	26683	27367	1	23	23
1326	10633	19896	342	-1	70
1327	38742	15413	31	-1	64
1328	3709	28403	177	-1	93
1329	37274	6508	118	26	26
1330	12955	26993	11	15	15
1331	21166	10959	114	6	6
1332	25700	2674	309	19	19
1333	22534	31447	249	-1	86
1334	40933	5461	339	21	21
1335	21039	11080	331	6	6
1336	11504	26011	355	-1	97
1337	40309	6250	298	-1	52
1338	28299	14342	298	14	14
1339	27155	23635	154	-1	95
1340	42417	25899	340	24	24
1341	7326	9350	228	-1	62
1342	12720	21409	191	7	7
1343	8747	13913	284	35	35
1344	22477	31208	93	-1	86
1345	21209	10933	139	6	6
1346	37214	14473	221	36	36
1347	10928	22063	245	41	41
1348	30318	15981	70	-1	67
1349	40973	5444	329	21	21
1350	19750	11575	114	-1	55
1351	12593	7848	20	-1	71
1352	10761	15518	185	42	42
1353	6508	4457	202	-1	91
1354	10501	15591	338	42	42
1355	19561	27223	235	46	46
1356	30301	29822	29	10	10
1357	3541	28584	257	-1	93
1358	30411	16090	210	-1	67
1359	8753	13814	92	35	35
1360	7530	21175	334	-1	100
1361	2010	30714	184	40	40
1362	8310	32080	143	-1	59
1363	10826	28261	30	-1	66
1364	11148	6232	239	29	29
1365	12563	8113	298	-1	71
1366	40363	6213	258	-1	52
1367	2672	852	168	9	9
1368	24298	20076	148	28	28
1369	5775	27768	232	37	37
1370	19043	27680	253	18	18
1371	13766	30846	26	-1	80
1372	13164	26974	95	15	15
1373	37056	14246	76	36	36
1374	13933	30918	196	-1	80
1375	18976	27632	206	18	18
1376	35451	28918	290	44	44
1377	20380	12575	80	49	49
1378	11086	27972	221	22	22
1379	7408	31572	133	-1	85
1380	30465	10086	56	-1	96
1381	20572	3760	155	12	12
1382	14417	10056	355	-1	63
1383	6063	7450	322	38	38
1384	20396	12816	301	49	49
1385	11437	25919	33	-1	97
1386	10766	21808	10	41	41
1387	26183	19097	290	20	20
1388	22339	31267	30	-1	86
1389	5603	27723	352	37	37
1390	12163	15779	37	-1	56
1391	11128	6181	231	29	29
1392	31722	23500	342	-1	87
1393	10773	21998	319	41	41
1394	37261	6481	143	26	26
1395	21048	11165	328	6	6
1396	44060	843	251	-1	57
1397	35218	12761	216	-1	69
1398	3427	28461	13	-1	93
1399	3564	28354	99	-1	93
1400	8650	13868	20	35	35
1401	3462	28539	337	-1	93
1402	31255	16128	206	-1	53
1403	41116	5385	138	21	21
1404	10887	21779	94	41	41
1405	41461	17824	38	11	11
1406	8835	13857	156	35	35
1407	43957	805	291	-1	57
1408	2551	812	52	9	9
1409	8100	31971	41	-1	59
1410	40280	15358	306	-1	92
1411	40387	15139	90	-1	92
1412	31984	19233	50	-1	51
1413	23843	26980	329	-1	65
1414	6536	31396	326	-1	54
1415	13762	30966	290	-1	80
1416	18337	944	322	5	5
1417	18522	907	197	5	5
1418	3588	28423	94	-1	93
1419	18799	27670	317	18	18
1420	24414	20303	252	28	28
1421	24812	27580	300	4	4
1422	44447	11750	32	39	39
1423	31665	23429	8	-1	87
1424	12177	15946	268	-1	56
1425	44626	12012	216	39	39
1426	20584	3682	121	12	12
1427	37471	11108	33	16	16
1428	25787	2695	234	19	19
1429	9283	26575	111	-1	79
1430	25577	2781	326	19	19
1431	37258	6613	190	26	26
1432	41166	5460	201	21	21
1433	33990	3548	8	34	34
1434	27874	20986	79	47	47
1435	31863	23450	141	-1	87
1436	24540	26886	207	-1	72
1437	10563	15642	283	42	42
1438	2825	13592	274	27	27
1439	40434	6203	187	-1	52
1440	40223	15394	310	-1	92
1441	8162	32058	22	-1	59
1442	21327	11140	236	6	6
1443	13164	27000	114	15	15
1444	42681	19776	268	-1	60
1445	11443	25930	51	-1	97
1446	4222	3065	62	-1	73
1447	34048	3678	231	34	34
1448	5796	27854	234	37	37
1449	38081	31411	128	50	50
1450	36519	4696	137	2	2
1451	31851	23331	142	-1	87
1452	20019	1492	217	33	33
1453	8830	31573	176	-1	81
1454	38197	31488	177	50	50
1455	15693	3056	41	-1	89
1456	31018	16196	312	-1	53
1457	27044	23491	83	-1	95
1458	32065	22366	128	-1	68
1459	1958	30862	256	40	40
1460	37842	25576	122	-1	84
1461	14521	9980	97	-1	63
1462	30384	15909	109	-1	67
1463	6291	7333	172	38	38
1464	43799	11113	350	-1	58
1465	28063	21101	194	47	47
1466	22729	29847	293	1	1
1467	30082	28073	336	25	25
1468	44184	728	223	-1	57
1469	32049	22440	254	-1	68
1470	7591	21239	268	-1	100
1471	6329	4306	36	-1	91
1472	24203	29518	339	-1	99
1473	10741	19950	294	-1	70
1474	37141	6637	241	26	26
1475	20429	3618	99	12	12
1476	7361	9178	96	-1	62
1477	8690	13969	304	35	35
1478	32502	30669	268	-1	74
1479	31000	16102	25	-1	53
1480	15768	2984	68	-1	89
1481	27166	23590	165	-1	95
1482	33580	30972	85	-1	94
1483	22682	29718	55	1	1
1484	40736	4185	32	30	30
1485	31685	23338	85	-1	87
1486	30353	16132	261	-1	67
1487	8114	31979	67	-1	59
1488	31900	22424	346	-1	68
1489	28179	14259	12	14	14
1490	3533	28469	349	-1	93
1491	32511	30584	142	-1	74
1492	26473	27907	339	-1	82
1493	6129	7481	295	38	38
1494	6094	7513	285	38	38
1495	40966	4053	136	30	30
1496	16534	30852	274	-1	90
1497	40432	15201	158	-1	92
1498	3657	28541	238	-1	93
1499	38925	15425	171	-1	64
1500	40889	4046	86	30	30
1501	37609	11192	274	16	16
1502	31823	23607	259	-1	87
1503	12095	15771	31	-1	56
1504	40925	4135	141	30	30
1505	2515	789	25	9	9
1506	37702	11106	162	16	16
1507	19284	27166	344	46	46
1508	22609	29733	51	1	1
1509	22041	32873	9	17	17
1510	11072	6135	20	29	29
1511	12603	21360	71	7	7
1512	36986	6585	356	26	26
1513	40981	5383	79	21	21
1514	42661	25696	138	24	24
1515	38722	15560	342	-1	64
1516	26685	27733	110	-1	82
1517	9324	26759	262	-1	79
1518	36307	4735	39	2	2
1519	33672	3601	80	-1	61
1520	5621	27664	19	37	37
1521	32035	19508	313	-1	51
1522	5801	27847	223	37	37
1523	24505	26769	107	-1	72
1524	24527	20269	286	-1	98
1525	31694	23529	330	-1	87
1526	30380	10247	290	-1	96
1527	10813	28301	353	-1	66
1528	2892	13347	160	27	27
1529	22657	29918	289	1	1
1530	15322	31231	227	-1	78
1531	12493	21298	8	7	7
1532	12515	21393	335	7	7
1533	11574	26089	281	-1	97
1534	36111	18836	168	8	8
1535	26415	18957	150	20	20
1536	13791	30787	72	-1	80
1537	33606	31171	294	-1	94
1538	44684	11978	222	39	39
1539	26538	27870	322	-1	82
1540	2838	13610	258	27	27
1541	16465	30845	268	-1	90
1542	26320	18816	58	20	20
1543	26561	27697	75	-1	82
1544	19795	1465	339	33	33
1545	5580	27756	322	37	37
1546	10867	19780	166	-1	70
1547	12754	21468	188	7	7
1548	26642	27928	266	-1	82
1549	19264	26979	30	46	46
1550	2632	938	241	9	9
1551	22783	29681	99	1	1
1552	44522	11788	48	39	39
1553	2527	942	309	9	9
1554	16053	18847	9	3	3
1555	6090	7205	91	38	38
1556	4263	3011	74	-1	73
1557	28147	1123	295	48	48
1558	32095	22337	168	-1	68
1559	15306	31149	183	-1	78
1560	40301	6140	37	-1	52
1561	15177	31247	250	-1	78
1562	22428	31185	73	-1	86
1563	1966	30732	193	40	40
1564	7303	31525	92	-1	85
1565	21079	11177	277	6	6
1566	12769	7971	139	-1	71
1567	19542	27141	198	46	46
1568	44430	12061	327	39	39
1569	5591	27774	358	37	37
1570	8284	32238	264	-1	59
1571	6354	4407	282	-1	91
1572	7604	21163	323	-1	100
1573	19170	7666	121	13	13
1574	2431	29021	342	45	45
1575	13725	31011	328	-1	80
1576	19212	7884	211	13	13
1577	35043	12790	314	-1	69
1578	44613	11956	228	39	39
1579	33632	30955	75	-1	94
1580	19863	11599	177	-1	55
1581	37737	11103	176	16	16
1582	23531	23297	285	-1	77
1583	37276	6652	187	26	26
1584	24256	29526	6	-1	99
1585	6071	7317	5	38	38
1586	10644	15633	258	42	42
1587	12307	10021	230	32	32
1588	2478	714	52	9	9
1589	26648	27357	10	23	23
1590	19366	26922	68	46	46
1591	23860	26783	28	-1	65
1592	22030	32814	78	17	17
1593	22700	29943	292	1	1
1594	10999	28035	256	22	22
1595	2896	13373	140	27	27
1596	14884	7140	35	43	43
1597	37054	6701	313	26	26
1598	9052	14289	218	-1	75
1599	6344	4366	343	-1	91
1600	6333	4241	80	-1	91
1601	20319	12692	354	49	49
1602	10590	15404	48	42	42
1603	19525	27147	220	46	46
1604	22545	31268	185	-1	86
1605	6572	31477	266	-1	54
1606	19038	7654	73	13	13
1607	26312	18882	74	20	20
1608	16464	30616	89	-1	90
1609	10806	20019	221	-1	70
1610	33603	3678	353	-1	61
1611	13129	27033	80	15	15
1612	33614	3765	325	-1	61
1613	37948	31398	42	50	50
1614	37151	14512	270	36	36
1615	30269	28037	247	25	25
1616	22524	31224	148	-1	86
1617	37029	14302	17	36	36
1618	43961	11120	238	-1	58
1619	30229	15987	5	-1	67
1620	42518	19637	26	-1	60
1621	24432	26916	326	-1	72
1622	21739	25386	270	-1	83
1623	6444	4450	211	-1	91
1624	10960	21994	216	41	41
1625	11079	27962	173	22	22
1626	35040	12619	5	-1	69
1627	30325	29865	358	10	10
1628	10500	15540	352	42	42
1629	40922	5508	318	21	21
1630	18359	926	321	5	5
1631	7752	21113	173	-1	100
1632	13101	27279	262	15	15
1633	10491	15631	320	42	42
1634	6564	31299	74	-1	54
1635	37090	6681	318	26	26
1636	12085	15712	52	-1	56
1637	6415	4241	108	-1	91
1638	28088	21221	224	47	47
1639	6027	7251	19	38	38
1640	12708	21320	126	7	7
1641	28392	14226	163	14	14
1642	33738	31144	225	-1	94
1643	15704	3082	12	-1	89
1644	15703	3194	356	-1	89
1645	35551	28708	47	44	44
1646	6674	31316	170	-1	54
1647	24333	20082	129	28	28
1648	28184	14219	1	14	14
1649	28318	994	154	48	48
1650	21045	11038	3	6	6
1651	41584	17846	340	11	11
1652	10636	15456	115	42	42
1653	19028	27693	244	18	18
1654	11643	26173	241	-1	97
1655	16635	7788	60	-1	88
1656	13260	27157	212	15	15
1657	7341	9246	153	-1	62
1658	26684	27925	218	-1	82
1659	41662	17998	227	11	11
1660	24103	20027	64	28	28
1661	2627	29053	252	45	45
1662	8767	13998	271	35	35
1663	28275	14260	312	14	14
1664	7432	31715	214	-1	85
1665	40866	5397	29	21	21
1666	7363	9308	198	-1	62
1667	28378	14249	188	14	14
1668	6412	4228	95	-1	91
1669	19067	7765	24	13	13
1670	7265	31531	33	-1	85
1671	31649	23482	331	-1	87
1672	24187	20261	276	28	28
1673	24780	20111	156	-1	98
1674	40872	5339	35	21	21
1675	10915	28281	51	-1	66
1676	7354	9357	270	-1	62
1677	29256	16102	98	31	31
1678	8791	13976	273	35	35
1679	36037	18916	194	8	8
1680	10942	22027	252	41	41
1681	32086	22540	251	-1	68
1682	16453	30575	57	-1	90
1683	22417	31418	265	-1	86
1684	37239	6644	183	26	26
1685	1797	30703	48	40	40
1686	10749	19904	230	-1	70
1687	6536	31366	8	-1	54
1688	7547	21273	318	-1	100
1689	25677	2773	277	19	19
1690	24665	20176	305	-1	98
1691	29132	16376	344	31	31
1692	30079	27920	340	25	25
1693	8750	13729	70	35	35
1694	2764	13610	246	27	27
1695	33769	3600	146	-1	61
1696	32051	22453	265	-1	68
1697	6456	4464	203	-1	91
1698	8842	13730	106	35	35
1699	33769	31251	245	-1	94
1700	15141	30959	89	-1	78
1701	25774	2494	116	19	19
1702	20197	16713	120	-1	76
1703	33935	3571	8	34	34
1704	20053	1620	205	33	33
1705	10775	15456	159	42	42
1706	38126	31507	190	50	50
1707	11014	27994	264	22	22
1708	20054	1316	109	33	33
1709	23754	23183	218	-1	77
1710	42696	25717	149	24	24
1711	23714	23040	152	-1	77
1712	10783	19788	124	-1	70
1713	5730	27729	252	37	37
1714	30254	15918	50	-1	67
1715	30451	16168	250	-1	67
1716	6087	7347	8	38	38
1717	8849	31444	166	-1	81
1718	2578	28804	102	45	45
1719	31029	16079	45	-1	53
1720	30399	28036	183	25	25
1721	42660	19588	135	-1	60
1722	26668	27289	17	23	23
1723	20539	12602	146	49	49
1724	10943	21816	124	41	41
1725	20588	3854	214	12	12
1726	12146	10044	300	32	32
1727	38700	15632	302	-1	64
1728	24318	20145	155	28	28
1729	6679	31407	209	-1	54
1730	1817	30636	50	40	40
1731	44031	779	326	-1	57
1732	41763	17739	148	11	11
1733	25686	2597	47	19	19
1734	7317	31739	275	-1	85
1735	10824	28183	75	-1	66
1736	37085	6633	351	26	26
1737	15822	3155	238	-1	89
1738	22001	32732	37	17	17
1739	24049	26976	229	-1	65
1740	16407	30663	21	-1	90
1741	22278	31383	319	-1	86
1742	24914	27378	60	4	4
1743	6445	4500	243	-1	91
1744	20323	12741	303	49	49
1745	35769	28731	178	44	44
1746	15042	7040	90	43	43
1747	37784	25695	88	-1	84
1748	10913	28228	71	-1	66
1749	10734	15561	189	42	42
1750	40890	4149	104	30	30
1751	13194	26998	112	15	15
1752	16579	30696	146	-1	90
1753	2871	13469	178	27	27
1754	35620	28617	103	44	44
1755	42435	25873	317	24	24
1756	30311	15902	94	-1	67
1757	7175	31659	346	-1	85
1758	6420	4343	144	-1	91
1759	37155	14356	202	36	36
1760	10822	28073	287	22	22
1761	20541	3608	132	12	12
1762	20511	12792	214	49	49
1763	11564	25961	95	-1	97
1764	40291	15184	53	-1	92
1765	29206	16234	2	31	31
1766	16800	7847	126	-1	88
1767	26543	27769	27	-1	82
1768	11199	6205	227	29	29
1769	24849	27416	74	4	4
1770	8580	31457	13	-1	81
1771	29403	16096	106	31	31
1772	40299	6033	65	-1	52
1773	33500	30946	39	-1	94
1774	30436	10237	306	-1	96
1775	19497	27194	232	46	46
1776	10608	19967	301	-1	70
1777	37089	6658	285	26	26
1778	20146	16711	113	-1	76
1779	40877	5515	339	21	21
1780	38042	31484	348	50	50
1781	31876	23511	193	-1	87
1782	30361	10007	55	-1	96
1783	44534	11838	81	39	39
1784	38781	15644	289	-1	64
1785	8678	13760	67	35	35
1786	11015	28074	244	22	22
1787	26953	23708	338	-1	95
1788	8988	14110	106	-1	75
1789	19366	27062	347	46	46
1790	11205	6011	100	29	29
1791	26632	27715	73	-1	82
1792	36324	4815	327	2	2
1793	7168	9198	12	-1	62
1794	12361	9929	157	32	32
1795	20503	3760	149	12	12
1796	24397	20003	106	28	28
1797	22394	31168	92	-1	86
1798	9133	14303	217	-1	75
1799	16287	18938	183	3	3
1800	26503	27864	316	-1	82
1801	8930	14067	76	-1	75
1802	40742	4326	320	30	30
1803	37635	25721	24	-1	84
1804	34997	12740	329	-1	69
1805	20043	16965	280	-1	76
1806	44067	10860	155	-1	58
1807	9328	26740	268	-1	79
1808	10675	19847	57	-1	70
1809	10954	28243	87	-1	66
1810	32589	30520	149	-1	74
1811	28460	14163	128	14	14
1812	6480	4395	203	-1	91
1813	37134	14393	261	36	36
1814	15057	30962	26	-1	78
1815	15876	3136	203	-1	89
1816	22397	31452	303	-1	86
1817	10622	19740	58	-1	70
1818	33633	30960	88	-1	94
1819	19928	16768	2	-1	76
1820	25747	2495	71	19	19
1821	4329	3090	76	-1	73
1822	14533	10030	47	-1	63
1823	11717	26064	192	-1	97
1824	12990	27286	304	15	15
1825	7644	21096	73	-1	100
1826	42537	19734	327	-1	60
1827	18404	889	15	5	5
1828	37174	14377	185	36	36
1829	30129	27790	34	25	25
1830	38066	31523	276	50	50
1831	7398	9096	147	-1	62
1832	28005	21204	240	47	47
1833	19049	7791	353	13	13
1834	20209	16969	213	-1	76
1835	21946	32818	31	17	17
1836	26800	27338	103	23	23
1837	6102	7300	34	38	38
1838	15938	3007	132	-1	89
1839	12585	7864	42	-1	71
1840	40782	4279	340	30	30
1841	24560	19976	58	-1	98
1842	24746	20260	259	-1	98
1843	12172	15806	18	-1	56
1844	35658	28668	93	44	44
1845	32454	30652	302	-1	74
1846	32391	30477	30	-1	74
1847	3521	28437	7	-1	93
1848	7450	9271	197	-1	62
1849	3602	28395	91	-1	93
1850	24544	26754	128	-1	72
1851	11013	28471	233	-1	66
1852	5676	27791	271	37	37
1853	40831	4226	321	30	30
1854	24798	19979	121	-1	98
1855	35120	12628	11	-1	69
1856	16357	18828	149	3	3
1857	25660	2637	348	19	19
1858	18574	751	151	5	5
1859	8863	31386	132	-1	81
1860	5606	27724	353	37	37
1861	30374	10314	281	-1	96
1862	29345	16348	229	31	31
1863	30320	29930	305	10	10
1864	25004	27405	120	4	4
1865	32193	19389	181	-1	51
1866	44165	608	141	-1	57
1867	6460	31297	358	-1	54
1868	29141	16194	32	31	31
1869	30115	27858	26	25	25
1870	30134	27887	43	25	25
1871	10995	21820	145	41	41
1872	23640	23107	143	-1	77
1873	22647	29963	299	1	1
1874	43944	810	313	-1	57
1875	3652	28418	145	-1	93
1876	30246	27933	128	25	25
1877	14918	7049	82	43	43
1878	19345	26995	16	46	46
1879	32136	19456	231	-1	51
1880	4401	3188	230	-1	73
1881	8820	14032	263	35	35
1882	2507	29038	280	45	45
1883	5635	27682	3	37	37
1884	19303	27222	281	46	46
1885	10966	28414	218	-1	66
1886	37137	6568	101	26	26
1887	23534	23292	313	-1	77
1888	7518	21094	38	-1	100
1889	41749	17688	127	11	11
1890	10618	15570	318	42	42
1891	32007	19271	89	-1	51
1892	14400	10159	349	-1	63
1893	33662	3830	268	-1	61
1894	27887	21115	352	47	47
1895	37765	11143	183	16	16
1896	6687	31349	194	-1	54
1897	27995	21028	142	47	47
1898	6199	7219	78	38	38
1899	19480	26966	125	46	46
1900	1775	30655	37	40	40
1901	37571	11023	60	16	16
1902	44482	11826	64	39	39
1903	31250	16069	164	-1	53
1904	8747	31415	92	-1	81
1905	16241	18875	99	3	3
1906	19118	7619	96	13	13
1907	26660	27352	34	23	23
1908	24914	27666	267	4	4
1909	2583	29045	258	45	45
1910	22012	32734	59	17	17
1911	42455	25667	77	24	24
1912	23871	26938	350	-1	65
1913	36282	4700	31	2	2
1914	15170	31236	263	-1	78
1915	35654	28756	170	44	44
1916	27790	21234	338	47	47
1917	28481	14282	227	14	14
1918	11049	6195	293	29	29
1919	40276	15244	18	-1	92
1920	6209	7357	178	38	38
1921	24089	27071	248	-1	65
1922	14947	7204	279	43	43
1923	11114	6105	74	29	29
1924	38227	31598	211	50	50
1925	16609	30717	165	-1	90
1926	14981	7091	112	43	43
1927	14521	10026	84	-1	63
1928	37530	11034	74	16	16
1929	15103	31002	45	-1	78
1930	12528	21495	290	7	7
1931	32622	30486	119	-1	74
1932	24370	20077	149	28	28
1933	42437	25737	40	24	24
1934	19440	27192	279	46	46
1935	41743	17783	169	11	11
1936	44132	602	107	-1	57
1937	9393	26775	250	-1	79
1938	15098	31251	299	-1	78
1939	7569	21091	352	-1	100
1940	36129	18979	200	8	8
1941	2593	28823	88	45	45
1942	8893	14181	7	-1	75
1943	15050	7193	183	43	43
1944	19648	11556	46	-1	55
1945	24638	26898	220	-1	72
1946	20463	3774	209	12	12
1947	25771	2538	129	19	19
1948	26867	27299	132	23	23
1949	3496	28442	350	-1	93
1950	8905	14176	335	-1	75
1951	23633	23172	232	-1	77
1952	10706	15462	106	42	42
1953	32116	22417	211	-1	68
1954	7387	31455	98	-1	85
1955	12285	10019	286	32	32
1956	10942	21923	204	41	41
1957	23851	26961	349	-1	65
1958	20064	16932	274	-1	76
1959	31925	19516	334	-1	51
1960	11219	6251	203	29	29
1961	28241	1178	224	48	48
1962	26664	27897	243	-1	82
1963	20373	12633	76	49	49
1964	12789	21259	157	7	7
1965	24229	29672	294	-1	99
1966	26917	23596	24	-1	95
1967	8098	32251	303	-1	59
1968	30345	15921	104	-1	67
1969	40510	6253	238	-1	52
1970	28412	14289	218	14	14
1971	19891	1535	282	33	33
1972	26660	27432	343	23	23
1973	11074	28204	122	-1	66
1974	4459	3192	213	-1	73
1975	24981	27555	214	4	4
1976	29262	16113	57	31	31
1977	27066	23616	144	-1	95
1978	7447	9379	230	-1	62
1979	8962	14195	319	-1	75
1980	1992	30752	206	40	40
1981	12573	21343	52	7	7
1982	42633	25698	136	24	24
1983	37750	25715	0	-1	84
1984	12186	9819	28	32	32
1985	16202	18932	259	3	3
1986	35557	28612	52	44	44
1987	21881	25362	213	-1	83
1988	15889	3140	198	-1	89
1989	23720	23249	220	-1	77
1990	37532	10992	40	16	16
1991	24178	29558	354	-1	99
1992	6543	31299	38	-1	54
1993	13831	30766	78	-1	80
1994	18626	981	192	5	5
1995	12762	21324	157	7	7
1996	11090	27877	179	22	22
1997	42624	25845	230	24	24
1998	23747	23029	149	-1	77
1999	7373	31701	246	-1	85
2000	28353	14363	239	14	14
2001	33717	31039	173	-1	94
2002	5705	27711	350	37	37
2003	21851	25180	151	-1	83
2004	6325	4265	84	-1	91
2005	3638	28609	267	-1	93
2006	30269	27899	115	25	25
2007	10674	19887	349	-1	70
2008	28027	1036	18	48	48
2009	30562	10074	105	-1	96
2010	11012	27812	95	22	22
2011	36371	4712	46	2	2
2012	2632	28870	139	45	45
2013	28288	1146	231	48	48
2014	26377	18996	197	20	20
2015	8052	32137	333	-1	59
2016	11054	28026	240	22	22
2017	6737	31480	215	-1	54
2018	27183	23636	166	-1	95
2019	35870	19004	310	8	8
2020	32144	19345	150	-1	51
2021	24114	20018	67	28	28
2022	28073	21230	238	47	47
2023	1901	30623	105	40	40
2024	32028	22317	115	-1	68
2025	11040	27923	169	22	22
2026	10764	15535	181	42	42
2027	18782	27483	34	18	18
2028	27802	21023	56	47	47
2029	40966	5311	83	21	21
2030	25803	2787	242	19	19
2031	22113	32788	102	17	17
2032	28096	1115	333	48	48
2033	26853	27414	156	23	23
2034	30370	29685	88	10	10
2035	23879	26984	315	-1	65
2036	20464	3645	127	12	12
2037	35284	12731	234	-1	69
2038	35891	18839	355	8	8
2039	12741	7862	127	-1	71
2040	20014	1629	265	33	33
2041	10850	19979	222	-1	70
2042	44107	11154	249	-1	58
2043	10852	19961	201	-1	70
2044	10873	28241	46	-1	66
2045	16761	7994	209	-1	88
2046	24424	29488	174	-1	99
2047	44605	11870	128	39	39
2048	40860	5381	17	21	21
2049	22624	29968	329	1	1
2050	22139	32757	125	17	17
2051	6077	7427	318	38	38
2052	3493	28500	341	-1	93
2053	24387	20307	243	28	28
2054	30451	16164	205	-1	67
2055	26799	27562	252	23	23
2056	12713	8030	292	-1	71
2057	35583	28606	52	44	44
2058	31840	23558	201	-1	87
2059	15242	31089	186	-1	78
2060	16416	30791	330	-1	90
2061	35555	28789	358	44	44
2062	15672	3229	335	-1	89
2063	30157	27911	36	25	25
2064	7279	9112	71	-1	62
2065	21223	10991	125	6	6
2066	38184	31472	197	50	50
2067	20351	12576	81	49	49
2068	10610	15491	61	42	42
2069	24655	20190	300	-1	98
2070	10776	28186	48	-1	66
2071	36435	4737	174	2	2
2072	8570	31677	290	-1	81
2073	31678	23615	293	-1	87
2074	37642	11225	243	16	16
2075	2635	13505	5	27	27
2076	13045	27029	80	15	15
2077	15902	3027	118	-1	89
2078	21804	25180	99	-1	83
2079	32226	19524	223	-1	51
2080	34024	3699	252	34	34
2081	40960	5433	354	21	21
2082	15968	3175	170	-1	89
2083	21307	11125	208	6	6
2084	31925	23583	192	-1	87
2085	22884	29821	164	1	1
2086	22376	31248	27	-1	86
2087	37636	10990	120	16	16
2088	13736	30822	3	-1	80
2089	44501	11898	17	39	39
2090	42582	19722	320	-1	60
2091	19017	7786	4	13	13
2092	40367	15266	87	-1	92
2093	21687	25146	53	-1	83
2094	16392	30571	76	-1	90
2095	26457	18916	175	20	20
2096	30453	10278	264	-1	96
2097	12204	15882	278	-1	56
2098	11076	27845	169	22	22
2099	43808	10947	357	-1	58
2100	33696	30989	122	-1	94
2101	19439	27206	273	46	46
2102	36261	4623	34	2	2
2103	36995	6633	340	26	26
2104	44102	10899	116	-1	58
2105	16563	7934	358	-1	88
2106	28186	14227	25	14	14
2107	36227	4895	327	2	2
2108	22341	31337	326	-1	86
2109	30599	10112	147	-1	96
2110	37878	25608	101	-1	84
2111	37524	11120	33	16	16
2112	44107	700	148	-1	57
2113	6224	4435	355	-1	91
2114	16559	30775	213	-1	90
2115	38119	31409	140	50	50
2116	28288	14215	350	14	14
2117	9407	26520	111	-1	79
2118	11207	6209	222	29	29
2119	36291	4853	288	2	2
2120	12145	9917	357	32	32
2121	26810	27339	98	23	23
2122	21183	11097	230	6	6
2123	15041	31186	332	-1	78
2124	30082	28096	342	25	25
2125	14590	10010	106	-1	63
2126	23900	26818	44	-1	65
2127	12078	15912	302	-1	56
2128	29403	16190	139	31	31
2129	37023	14233	23	36	36
2130	35537	28716	59	44	44
2131	12769	8128	270	-1	71
2132	1701	30726	349	40	40
2133	6221	7327	126	38	38
2134	7403	31675	241	-1	85
2135	24558	26907	223	-1	72
2136	24178	29446	40	-1	99
2137	16734	7997	253	-1	88
2138	20371	12835	268	49	49
2139	7528	21170	353	-1	100
2140	19667	11640	12	-1	55
2141	44678	11986	207	39	39
2142	16364	18937	186	3	3
2143	2439	28945	356	45	45
2144	22368	31415	321	-1	86
2145	26644	27645	75	-1	82
2146	24220	29587	327	-1	99
2147	19176	7819	204	13	13
2148	42484	19484	22	-1	60
2149	25033	27587	199	4	4
2150	19878	1393	63	33	33
2151	13946	30795	125	-1	80
2152	22321	31223	28	-1	86
2153	34017	3527	101	34	34
2154	11605	26157	253	-1	97
2155	12359	15774	141	-1	56
2156	3475	28340	23	-1	93
2157	19566	27160	200	46	46
2158	11511	25862	57	-1	97
2159	36981	6568	27	26	26
2160	11671	25896	106	-1	97
2161	19579	11577	47	-1	55
2162	7201	31475	45	-1	85
2163	25723	2673	241	19	19
2164	35847	18892	10	8	8
2165	44073	10950	156	-1	58
2166	19340	27160	286	46	46
2167	8811	14011	258	35	35
2168	36032	18755	133	8	8
2169	32604	30655	192	-1	74
2170	3564	28404	107	-1	93
2171	2496	732	20	9	9
2172	9261	26703	275	-1	79
2173	34084	3454	144	34	34
2174	37145	6503	100	26	26
2175	44480	12034	316	39	39
2176	21276	11023	176	6	6
2177	30370	15959	108	-1	67
2178	7574	20967	33	-1	100
2179	1897	30876	282	40	40
2180	25735	2770	237	19	19
2181	10972	6271	327	29	29
2182	20476	12761	223	49	49
2183	30431	15895	128	-1	67
2184	18766	27616	329	18	18
2185	19792	1460	23	33	33
2186	24249	20293	246	28	28
2187	8088	32247	311	-1	59
2188	29386	16080	123	31	31
2189	24297	20257	267	28	28
2190	25057	27574	230	4	4
2191	32053	22368	120	-1	68
2192	10929	28182	111	-1	66
2193	24486	26849	23	-1	72
2194	38735	15379	58	-1	64
2195	31672	23588	282	-1	87
2196	26613	27715	67	-1	82
2197	40474	6255	239	-1	52
2198	8842	31584	207	-1	81
2199	23581	23183	301	-1	77
2200	42650	19654	226	-1	60
2201	18505	943	218	5	5
2202	40424	15332	215	-1	92
2203	40392	15410	263	-1	92
2204	24634	20186	282	-1	98
2205	21675	25337	346	-1	83
2206	29429	16243	211	31	31
2207	27045	23784	271	-1	95
2208	22595	29970	287	1	1
2209	12982	27215	332	15	15
2210	24656	26708	146	-1	72
2211	21670	25313	341	-1	83
2212	40316	15255	9	-1	92
2213	21949	32933	4	17	17
2214	10751	21791	16	41	41
2215	26895	23629	359	-1	95
2216	42447	25733	21	24	24
2217	24899	27558	309	4	4
2218	30373	27930	162	25	25
2219	29181	16378	284	31	31
2220	30477	29955	211	10	10
2221	1831	30721	56	40	40
2222	19470	27105	183	46	46
2223	44024	613	32	-1	57
2224	6680	31322	174	-1	54
2225	16583	30584	99	-1	90
2226	38025	31522	339	50	50
2227	37622	11063	69	16	16
2228	18618	957	215	5	5
2229	37068	6735	299	26	26
2230	28057	917	36	48	48
2231	2914	13304	144	27	27
2232	11502	26092	310	-1	97
2233	37712	10994	126	16	16
2234	12666	7998	345	-1	71
2235	33458	31093	341	-1	94
2236	8749	14030	269	35	35
2237	24491	26803	91	-1	72
2238	26468	27670	36	-1	82
2239	30483	10320	283	-1	96
2240	19471	27085	208	46	46
2241	6501	4221	127	-1	91
2242	22593	29937	297	1	1
2243	27145	23592	167	-1	95
2244	16537	8056	334	-1	88
2245	10741	15500	165	42	42
2246	31710	23480	18	-1	87
2247	19131	7936	290	13	13
2248	26257	18966	359	20	20
2249	6513	31465	316	-1	54
2250	33932	3473	61	34	34
2251	10597	15554	22	42	42
2252	11017	6032	35	29	29
2253	27985	21081	120	47	47
2254	19033	27510	137	18	18
2255	19284	7856	189	13	13
2256	42554	25857	272	24	24
2257	38921	15418	153	-1	64
2258	23858	26777	28	-1	65
2259	24294	29439	58	-1	99
2260	9152	14193	177	-1	75
2261	19420	27119	283	46	46
2262	35063	12664	318	-1	69
2263	9199	26660	336	-1	79
2264	8856	13861	162	35	35
2265	41465	17809	44	11	11
2266	24413	20055	150	28	28
2267	5785	27785	247	37	37
2268	3693	28392	126	-1	93
2269	4241	3228	322	-1	73
2270	12381	9775	116	32	32
2271	40955	5559	308	21	21
2272	13065	27078	55	15	15
2273	33860	3547	158	-1	61
2274	31970	22424	344	-1	68
2275	19878	1484	332	33	33
2276	41165	5532	241	21	21
2277	16653	8058	312	-1	88
2278	15248	31203	221	-1	78
2279	16757	7762	116	-1	88
2280	14797	7235	324	43	43
2281	19127	7766	39	13	13
2282	29289	16168	123	31	31
2283	6243	4343	22	-1	91
2284	41004	5483	271	21	21
2285	31007	15969	49	-1	53
2286	12294	15975	269	-1	56
2287	11504	26122	281	-1	97
2288	8672	31696	292	-1	81
2289	3453	28603	306	-1	93
2290	13727	30812	55	-1	80
2291	21657	25160	80	-1	83
2292	38042	31406	89	50	50
2293	6176	7262	101	38	38
2294	11245	5975	156	29	29
2295	27152	23661	210	-1	95
2296	12345	15706	109	-1	56
2297	35290	12575	132	-1	69
2298	44516	11944	317	39	39
2299	26715	27454	307	23	23
2300	8233	32081	144	-1	59
2301	10656	15612	237	42	42
2302	30300	27885	107	25	25
2303	6237	7442	250	38	38
2304	24548	26811	139	-1	72
2305	22475	31221	143	-1	86
2306	42592	19550	50	-1	60
2307	7268	9366	293	-1	62
2308	13201	27055	122	15	15
2309	27802	21281	285	47	47
2310	18759	27446	8	18	18
2311	22684	29792	28	1	1
2312	28125	990	18	48	48
2313	29298	16284	243	31	31
2314	22049	32949	314	17	17
2315	12624	21288	57	7	7
2316	40294	6075	56	-1	52
2317	26902	23704	2	-1	95
2318	20083	1496	174	33	33
2319	41511	17700	68	11	11
2320	23454	23121	38	-1	77
2321	2906	13345	145	27	27
2322	18783	27634	352	18	18
2323	10663	19765	53	-1	70
2324	14976	7065	109	43	43
2325	15774	3166	326	-1	89
2326	20073	16936	299	-1	76
2327	16258	18935	203	3	3
2328	20497	3858	215	12	12
2329	10746	21949	326	41	41
2330	6599	31310	104	-1	54
2331	12414	9893	156	32	32
2332	22633	29877	312	1	1
2333	10946	27790	105	22	22
2334	16666	7938	314	-1	88
2335	12496	21550	335	7	7
2336	9399	26600	143	-1	79
2337	37055	6493	43	26	26
2338	7162	9305	359	-1	62
2339	19386	27055	30	46	46
2340	24811	20118	172	-1	98
2341	42541	25719	84	24	24
2342	42646	25813	180	24	24
2343	32120	19370	143	-1	51
2344	30270	29773	16	10	10
2345	7262	31472	73	-1	85
2346	22012	32967	307	17	17
2347	20507	12785	241	49	49
2348	22093	33034	239	17	17
2349	14974	7136	141	43	43
2350	33699	3730	298	-1	61
2351	11642	26133	267	-1	97
2352	12702	21431	214	7	7
2353	7427	9260	155	-1	62
2354	31057	15998	58	-1	53
2355	37507	11182	323	16	16
2356	30183	27873	71	25	25
2357	2566	29097	273	45	45
2358	26817	27513	272	23	23
2359	24757	19982	147	-1	98
2360	2716	13620	281	27	27
2361	38131	31398	100	50	50
2362	22679	29848	344	1	1
2363	36997	6587	30	26	26
2364	12856	7895	127	-1	71
2365	1940	30616	92	40	40
2366	11020	21871	171	41	41
2367	13695	30768	10	-1	80
2368	6287	4504	317	-1	91
2369	44495	12024	279	39	39
2370	42653	19685	212	-1	60
2371	19723	11775	267	-1	55
2372	36047	18956	253	8	8
2373	34053	3515	111	34	34
2374	10965	6018	13	29	29
2375	31281	16008	167	-1	53
2376	42544	25711	85	24	24
2377	24646	26706	134	-1	72
2378	7228	31731	284	-1	85
2379	36299	4677	40	2	2
2380	27876	21045	70	47	47
2381	12762	21444	197	7	7
2382	16554	30871	277	-1	90
2383	10983	21896	195	41	41
2384	20540	3752	196	12	12
2385	10893	21988	244	41	41
2386	2735	810	167	9	9
2387	29346	16298	237	31	31
2388	26936	27354	154	23	23
2389	28341	14134	73	14	14
2390	2662	29007	180	45	45
2391	44568	11990	247	39	39
2392	6269	4498	302	-1	91
2393	33486	30951	73	-1	94
2394	21616	25196	19	-1	83
2395	11017	21787	145	41	41
2396	7499	21219	313	-1	100
2397	2620	775	140	9	9
2398	6397	4522	235	-1	91
2399	7630	21102	28	-1	100
2400	44028	11043	180	-1	58
2401	13804	31013	287	-1	80
2402	10949	22033	215	41	41
2403	38775	15369	50	-1	64
2404	15890	3013	145	-1	89
2405	22790	29705	83	1	1
2406	23482	23310	288	-1	77
2407	1738	30874	291	40	40
2408	16263	18777	124	3	3
2409	18997	7764	26	13	13
2410	24814	20136	173	-1	98
2411	21879	25435	233	-1	83
2412	36488	4785	218	2	2
2413	11246	5995	153	29	29
2414	36118	18891	210	8	8
2415	35192	12776	250	-1	69
2416	20038	16780	51	-1	76
2417	12385	15773	149	-1	56
2418	7339	9160	128	-1	62
2419	15343	31064	184	-1	78
2420	26722	27338	48	23	23
2421	7310	9269	278	-1	62
2422	8855	31472	167	-1	81
2423	12383	15727	126	-1	56
2424	30267	15960	36	-1	67
2425	1845	30648	104	40	40
2426	23553	23211	292	-1	77
2427	11692	25970	140	-1	97
2428	16138	18765	85	3	3
2429	37282	6560	143	26	26
2430	20037	1442	148	33	33
2431	36231	4630	28	2	2
2432	42512	25857	322	24	24
2433	16197	18789	88	3	3
2434	27045	23802	244	-1	95
2435	40393	6177	199	-1	52
2436	6328	4451	318	-1	91
2437	42757	19792	248	-1	60
2438	42458	25703	22	24	24
2439	43823	11129	335	-1	58
2440	26767	27838	173	-1	82
2441	38079	31633	277	50	50
2442	33785	3726	199	-1	61
2443	5863	27584	109	37	37
2444	23692	23221	214	-1	77
2445	31620	23593	344	-1	87
2446	14896	7273	318	43	43
2447	38070	31371	74	50	50
2448	24254	20204	298	28	28
2449	28071	21167	179	47	47
2450	5683	27685	12	37	37
2451	8873	14246	306	-1	75
2452	10969	28354	198	-1	66
2453	22043	33021	257	17	17
2454	12312	9822	86	32	32
2455	10736	21769	40	41	41
2456	22467	31320	162	-1	86
2457	20026	1322	109	33	33
2458	44596	11817	134	39	39
2459	16591	30857	244	-1	90
2460	15123	30957	66	-1	78
2461	20224	16724	136	-1	76
2462	38120	31473	173	50	50
2463	19149	7836	244	13	13
2464	40710	4158	20	30	30
2465	43875	11015	7	-1	58
2466	2635	795	140	9	9
2467	7631	20990	55	-1	100
2468	4455	3206	203	-1	73
2469	43980	821	339	-1	57
2470	35748	28629	139	44	44
2471	32510	30628	281	-1	74
2472	13168	27270	226	15	15
2473	38169	31534	204	50	50
2474	25018	27632	224	4	4
2475	5658	27746	314	37	37
2476	30632	10208	173	-1	96
2477	33515	31246	276	-1	94
2478	8293	31968	99	-1	59
2479	3587	28504	229	-1	93
2480	15054	7216	162	43	43
2481	22801	29928	236	1	1
2482	20400	3707	61	12	12
2483	33661	31207	244	-1	94
2484	32140	19272	132	-1	51
2485	11060	28298	157	-1	66
2486	23962	26921	63	-1	65
2487	19669	11560	52	-1	55
2488	20369	12678	2	49	49
2489	7175	31705	305	-1	85
2490	7727	21167	219	-1	100
2491	30376	10313	291	-1	96
2492	24857	27649	302	4	4
2493	37141	6741	243	26	26
2494	13018	27198	317	15	15
2495	20288	12597	39	49	49
2496	35872	18883	337	8	8
2497	33744	31192	218	-1	94
2498	9149	14127	162	-1	75
2499	33675	30949	137	-1	94
2500	7788	21275	229	-1	100
