130
71
59
1
202
38
74
6
227
195
87
218
82
97
115
208
78
56
72
104
47
34
238
138
244
131
149
3
140
246
143
231
214
64
29
123
160
223
66
91
119
35
213
229
241
60
132
171
49
203
101
150
89
166
48
139
164
217
185
110
167
235
9
99
4
209
103
125
211
53
43
118
206
242
117
186
210
21
65
205
76
61
224
16
133
8
145
51
199
108
159
41
79
191
70
228
27
151
154
58
0
216
23
112
32
243
20
46
55
121
33
153
184
134
215
220
222
106
107
88
102
127
114
39
12
207
181
14
84
28
83
68
42
161
113
136
50
190
57
156
45
194
183
177
221
230
2
18
233
126
192
40
197
178
179
141
172
239
52
19
162
37
147
122
7
30
86
90
100
11
146
75
196
170
180
31
144
219
36
25
165
155
236
232
158
226
174
116
80
62
22
13
105
137
237
24
120
17
201
98
152
175
248
225
173
182
81
169
135
234
95
67
73
111
163
96
77
5
168
188
247
124
240
176
63
85
245
212
93
44
187
193
69
26
15
109
249
10
189
128
157
200
198
54
148
129
92
142
94
204
