Message stats for scenario Photo_1000-Scenario_3
sim_time: 10000.0000

Photo List Size: 1000
coverageValue-----------------	155	254	182	328	340	220	232	308	169	279	113	270	313	220	207	161	181	320	352	289	187	275	217	179	232	193	348	276	303	273	297	240	351	247	310	217	203	271	163	230	294	332	221	261	279	300	165	213	280	258	
redundantCoverageValue--------	145	166	238	272	260	140	248	292	251	201	127	210	407	140	213	139	179	220	488	131	173	265	83	241	128	287	312	84	177	327	183	120	429	173	290	143	217	209	137	130	246	148	139	159	321	120	15	147	260	282	
halfCoverageTime--------------	.0	5505.5	6919.6	5333.8	4022.2	6677.7	4499.8	502.4	.0	4814.0	.0	4826.3	5139.8	2419.0	6964.2	.0	4633.1	5598.8	3298.7	2328.3	2397.1	1693.4	5614.4	.0	4382.1	6598.8	1567.9	3381.8	2758.3	2031.0	5820.4	5029.8	2670.7	4358.2	3759.1	3169.0	4997.8	2589.3	.0	4227.2	1661.1	6343.1	7102.1	3308.4	5507.6	2682.5	.0	2763.1	4531.8	4367.7	
numberOfPoint-----------------	2	2	3	3	3	2	3	3	1	4	4	2	4	3	3	2	3	3	2	2	4	3	3	4	3	3	1	4	2	2	2	2	4	3	4	1	2	3	4	1	2	2	2	2	4	2	2	4	2	2	
standardDeviation-------------	4.87	2.96	4.46	3.21	3.61	3.43	4.83	4.51	.45	4.81	4.49	3.66	5.38	4.88	2.98	2.17	4.33	4.24	2.2	2.29	4.89	3.83	5.33	4.16	4.35	3.94	.64	5.39	4.24	3.26	2.8	3.06	4.73	4.42	5.33	1.12	3.27	3.91	5.17	1.63	2.88	3.26	3.48	2.54	4.74	3.25	2.14	6.03	2.78	3.8	
initialCoverageValue----------	360	360	360	360	355	318	286	360	329	360	360	298	360	360	360	334	360	355	352	360	323	353	360	335	360	357	357	360	360	360	359	344	360	360	360	360	321	360	360	335	360	360	311	360	352	360	317	355	360	360	
initialRedundantCoverageValue-	780	900	780	1140	785	402	914	1140	631	1140	960	842	1080	840	900	446	780	725	848	660	517	787	420	865	1080	1143	1323	540	720	840	781	376	1020	720	960	540	699	600	900	325	960	780	469	900	1088	1260	583	665	1200	780	
additionalPoiTime-------------	5850037.5
algorithmTime-----------------	7566048.5
totalMsgTransferred-----------------	11592

Photo List Size: 1000
Gained Coverage %-------------	0.7153151092302413
Gained Redundancy %-----------	0.25687077515172446
Total Cluster Created---------	50
Total Transferred Photo-------	137687
Coverage Group----------------	1-30	31-60	61-90	91-120	121-150	151-180	181-210	211-240	241-270	271-300	301-330	331-360	
Coverage Distribution---------	0	0	0	1	0	6	6	10	5	11	6	5	
Ratio Group-------------------	.0	.1	.2	.3	.4	.5	.6	.7	.8	.9	1.0	
Coverage Ratio----------------	0	0	0	0	1	3	9	9	11	9	8	
Redundant Ratio---------------	0	2	12	18	16	1	1	0	0	0	0	
NumberOfPoint Group-----------	0	1	2	3	4	
NumOfPoint Distribution-------	0	4	20	15	11	
SD Group----------------------	0-1	1-2	2-3	3-4	4-5	5-6	6-7	
SD Distribution---------------	2	2	10	14	16	5	1	
Half Coverage Group-----------	0-1000	1000-2000	2000-3000	3000-4000	4000-5000	5000-6000	6000-7000	7000-8000	8000-9000	9000-10000	
Half Cvg Time Distribution----	1	3	9	5	11	8	5	1	0	0	
Transferred Photo Group-------	0-1000	1000-2000	2000-3000	3000-4000	4000-5000	5000-6000	6000-7000	7000-8000	8000-9000	9000-10000	
Photo Time Distribution-------	8015	28011	29945	18409	18248	8592	6506	6698	5829	5594	

