Message stats for scenario Photo_1000-Scenario_2
sim_time: 10000.0000

Photo List Size: 1000
coverageValue-----------------	281	333	346	205	286	343	288	256	323	161	250	352	339	354	213	309	302	186	271	221	120	227	252	126	306	132	195	310	340	243	282	266	180	243	205	228	309	222	344	292	102	178	300	297	223	204	319	194	248	331	
redundantCoverageValue--------	379	147	374	215	194	197	252	164	97	19	110	428	261	186	27	411	478	294	149	139	0	193	108	54	234	48	105	470	380	357	258	214	0	57	215	72	171	258	196	248	18	2	180	243	197	156	401	226	232	269	
halfCoverageTime--------------	5614.4	3144.7	4651.4	5919.8	1376.5	1764.6	4100.1	4491.2	2695.3	.0	4811.9	2305.5	562.7	2390.4	5114.5	1942.9	1429.0	9278.2	3333.8	8716.6	.0	5027.1	6964.2	.0	2837.9	.0	6051.6	2589.3	1659.0	5505.5	5025.0	1772.7	5776.7	4756.6	5139.8	7113.7	3211.4	3933.2	2033.1	2177.6	.0	.0	5417.3	5745.4	6031.7	6343.1	1287.3	5733.1	4022.2	2217.0	
numberOfPoint-----------------	3	2	2	3	2	2	1	4	3	2	4	2	3	5	2	2	2	1	2	3	2	3	2	3	3	2	1	3	3	2	2	1	3	2	4	2	3	1	2	3	4	3	1	2	3	2	3	1	1	4	
standardDeviation-------------	4.22	2.99	2.8	4.33	4.42	2.96	.85	4.26	4.43	2.62	4.18	2.47	4.12	4.89	2.75	2.82	2.39	.7	3.32	4.38	2.07	3.87	2.15	4.21	3.81	2.99	.94	4.09	4.66	2.78	4.85	.54	4.52	2.27	4.17	2.65	4.29	1.53	3.31	2.99	3.86	3.69	.95	2.87	3.47	2.83	3.2	1.08	.45	4.53	
initialCoverageValue----------	316	360	360	360	343	354	337	360	360	360	360	352	360	360	333	357	360	360	349	351	338	336	358	325	360	331	360	360	353	331	340	360	345	360	290	321	345	315	360	346	354	332	360	360	340	351	348	346	358	345	
initialRedundantCoverageValue-	1064	660	1020	780	857	726	743	900	960	600	660	848	960	1620	927	843	780	660	851	969	502	684	602	695	840	389	480	1020	1147	989	800	840	375	840	670	399	975	825	960	854	486	448	1200	900	1340	549	1152	674	782	975	
additionalPoiTime-------------	7737649.6
algorithmTime-----------------	9375660.1
totalMsgTransferred-----------------	11590

Photo List Size: 1000
Gained Coverage %-------------	0.7386075949367089
Gained Redundancy %-----------	0.2470112689857913
Total Cluster Created---------	0
Total Transferred Photo-------	137783
Coverage Group----------------	1-30	31-60	61-90	91-120	121-150	151-180	181-210	211-240	241-270	271-300	301-330	331-360	
Coverage Distribution---------	0	0	0	2	2	3	6	6	7	8	7	9	
Ratio Group-------------------	.0	.1	.2	.3	.4	.5	.6	.7	.8	.9	1.0	
Coverage Ratio----------------	0	0	0	1	3	1	7	7	8	13	10	
Redundant Ratio---------------	2	6	12	15	10	3	1	1	0	0	0	
NumberOfPoint Group-----------	0	1	2	3	4	5	
NumOfPoint Distribution-------	0	8	20	16	5	1	
SD Group----------------------	0-1	1-2	2-3	3-4	4-5	
SD Distribution---------------	6	2	17	8	17	
Half Coverage Group-----------	0-1000	1000-2000	2000-3000	3000-4000	4000-5000	5000-6000	6000-7000	7000-8000	8000-9000	9000-10000	
Half Cvg Time Distribution----	1	7	8	4	6	11	4	1	1	1	
Transferred Photo Group-------	0-1000	1000-2000	2000-3000	3000-4000	4000-5000	5000-6000	6000-7000	7000-8000	8000-9000	9000-10000	
Photo Time Distribution-------	8031	27947	29650	18303	18109	8761	6568	6862	5932	5739	

