Message stats for scenario Photo_4000-Scenario_3
sim_time: 10000.0000

Photo List Size: 4000
coverageValue-----------------	165	246	137	185	271	264	311	317	266	132	334	248	276	296	132	178	217	269	315	280	167	309	184	187	209	333	348	216	95	250	252	298	252	358	306	290	235	306	221	164	252	200	265	231	225	293	90	120	211	258	
redundantCoverageValue--------	75	174	43	235	389	156	469	343	274	108	506	112	384	184	108	122	143	211	465	140	13	411	116	113	91	387	312	144	85	290	348	242	288	422	354	550	65	354	79	76	348	100	395	69	75	247	30	0	209	102	
halfCoverageTime--------------	.0	3333.5	.0	6649.5	2215.0	5807.7	3300.8	2419.0	2758.1	.0	4382.1	5834.8	4103.6	2177.6	.0	.0	5717.2	3455.6	3469.2	4380.0	.0	3336.3	9889.5	4900.0	3248.8	3916.7	1376.5	4000.4	.0	2840.0	2691.3	1762.5	2357.2	2033.1	1659.0	738.1	5417.3	2758.3	4826.3	.0	957.0	8277.1	4651.4	5359.8	5421.5	4358.2	.0	.0	5614.4	4814.0	
numberOfPoint-----------------	4	4	5	4	5	6	4	3	3	3	4	4	5	5	5	4	2	4	6	4	5	5	5	3	4	6	5	4	4	4	3	4	3	3	5	3	4	2	5	4	5	6	4	5	4	5	4	3	4	2	
standardDeviation-------------	4.41	3.8	5.28	3.76	4.43	4.98	4.4	3.96	4.03	4.14	4.09	4.01	4.5	4.96	5.17	4.52	2.72	4.31	5.28	4.03	4.55	5.25	4.21	4.61	4.41	4.88	4.31	4.19	5.3	3.57	3.24	4.13	3.97	3.27	4.7	2.89	4.32	2.51	5.12	3.9	5.01	5.05	4.02	4.38	4.69	4.82	4.58	4.22	4.19	2.57	
initialCoverageValue----------	360	360	360	360	360	360	360	360	360	360	360	360	360	360	360	360	360	360	360	360	360	360	360	360	360	360	360	360	360	360	360	360	360	360	360	360	360	360	360	360	360	360	360	360	360	360	360	360	360	360	
initialRedundantCoverageValue-	4260	4440	3660	3480	4200	3900	4140	3720	4500	3960	3540	4320	4020	4140	3960	3480	4320	3240	3540	3600	4380	3840	3000	4200	4020	3960	4080	4260	3180	4200	4020	4320	3600	3840	3480	3780	4380	3360	5100	3780	3960	3540	3900	3780	4500	4320	4080	3900	3000	3360	
additionalPoiTime-------------	1.767803332E8
algorithmTime-----------------	2.008356874E8
totalMsgTransferred-----------------	11597

Photo List Size: 4000
Gained Coverage %-------------	0.6646666666666666
Gained Redundancy %-----------	0.05602945688861614
Total Cluster Created---------	50
Total Transferred Photo-------	382373
Coverage Group----------------	1-30	31-60	61-90	91-120	121-150	151-180	181-210	211-240	241-270	271-300	301-330	331-360	
Coverage Distribution---------	0	0	1	2	3	4	5	7	11	7	6	4	
Ratio Group-------------------	.0	.1	.2	.3	.4	.5	.6	.7	.8	.9	1.0	
Coverage Ratio----------------	0	0	0	2	4	4	7	11	8	10	4	
Redundant Ratio---------------	1	40	9	0	0	0	0	0	0	0	0	
NumberOfPoint Group-----------	0	1	2	3	4	5	6	
NumOfPoint Distribution-------	0	0	3	9	20	14	4	
SD Group----------------------	0-1	1-2	2-3	3-4	4-5	5-6	
SD Distribution---------------	0	0	4	8	30	8	
Half Coverage Group-----------	0-1000	1000-2000	2000-3000	3000-4000	4000-5000	5000-6000	6000-7000	7000-8000	8000-9000	9000-10000	
Half Cvg Time Distribution----	2	3	9	7	9	7	1	0	1	1	
Transferred Photo Group-------	0-1000	1000-2000	2000-3000	3000-4000	4000-5000	5000-6000	6000-7000	7000-8000	8000-9000	9000-10000	
Photo Time Distribution-------	29530	95916	97710	55634	49874	16274	9788	8632	7141	6670	

