Message stats for scenario Photo_2000-Scenario_4
sim_time: 10000.0000

Photo List Size: 2000
coverageValue-----------------	265	300	301	237	109	348	317	326	307	214	307	308	293	181	277	261	204	200	168	279	210	345	253	298	271	263	348	164	216	252	213	314	176	306	354	139	228	360	208	228	292	315	204	360	180	244	197	206	261	317	
redundantCoverageValue--------	215	240	179	123	131	612	103	94	233	86	173	52	187	59	143	519	96	40	12	21	90	735	227	182	89	97	432	76	204	48	87	406	124	234	726	101	132	900	32	132	368	105	156	480	0	236	283	94	159	283	
halfCoverageTime--------------	3360.4	1758.3	682.0	5620.0	.0	1967.3	2390.4	3248.8	5598.8	3333.8	1722.5	5717.2	3577.8	6671.1	4754.5	1085.8	6548.5	8816.8	.0	5638.1	8829.8	1281.4	4360.3	1565.6	2084.1	6209.5	1267.5	.0	2328.3	4425.4	3759.1	2357.2	.0	1290.5	1760.4	.0	2758.3	1585.3	6207.4	5027.1	4356.1	2758.1	5614.4	2793.4	9628.6	1476.4	5919.8	8547.8	3757.0	1764.6	
numberOfPoint-----------------	3	4	4	3	2	3	4	3	3	3	4	3	3	4	4	3	4	2	3	4	2	4	4	3	4	1	2	3	3	2	3	4	4	4	4	2	4	5	5	2	5	4	4	3	4	4	3	3	5	3	
standardDeviation-------------	3.95	3.96	4.3	3.89	2.08	4.33	4.78	4.54	2.77	5.71	4.87	4.66	3.88	4.55	3.94	3.6	5.12	3.72	4.88	4.92	2.5	4.02	4.54	4.48	4.4	.76	2.11	4.33	3.31	2.9	4.7	4.81	5.23	4.86	4.22	2.73	3.89	4.42	4.69	2.14	4.55	4.27	4.52	4.3	4.23	4.62	3.43	4.04	4.67	3.77	
initialCoverageValue----------	360	360	360	360	360	360	360	360	360	360	360	360	355	359	360	360	360	360	360	360	360	360	360	360	360	360	348	360	360	359	357	360	360	360	360	360	357	360	360	360	360	360	360	360	360	360	360	360	360	360	
initialRedundantCoverageValue-	1560	2700	2100	1920	2220	2160	2280	1680	2100	1740	2280	1800	1745	1321	2100	1920	1800	1560	1560	1560	2640	2400	1920	1320	1380	2400	1572	2160	2100	1081	1323	1560	1620	2220	2400	1980	1683	1980	1800	2040	1680	2520	1080	1920	1740	1620	2280	2220	2160	1560	
additionalPoiTime-------------	3.99674562E7
algorithmTime-----------------	4.61450958E7
totalMsgTransferred-----------------	7237

Photo List Size: 2000
Gained Coverage %-------------	0.7189986091794158
Gained Redundancy %-----------	0.11153337214841476
Total Cluster Created---------	51
Total Transferred Photo-------	48527
Coverage Group----------------	1-30	31-60	61-90	91-120	121-150	151-180	181-210	211-240	241-270	271-300	301-330	331-360	
Coverage Distribution---------	0	0	0	1	1	4	8	6	7	7	10	6	
Ratio Group-------------------	.0	.1	.2	.3	.4	.5	.6	.7	.8	.9	1.0	
Coverage Ratio----------------	0	0	0	0	2	4	11	4	9	13	7	
Redundant Ratio---------------	1	30	10	6	2	1	0	0	0	0	0	
NumberOfPoint Group-----------	0	1	2	3	4	5	
NumOfPoint Distribution-------	0	1	7	18	20	4	
SD Group----------------------	0-1	1-2	2-3	3-4	4-5	5-6	
SD Distribution---------------	1	0	7	11	28	3	
Half Coverage Group-----------	0-1000	1000-2000	2000-3000	3000-4000	4000-5000	5000-6000	6000-7000	7000-8000	8000-9000	9000-10000	
Half Cvg Time Distribution----	1	12	7	6	4	7	4	0	3	1	
Transferred Photo Group-------	0-1000	1000-2000	2000-3000	3000-4000	4000-5000	5000-6000	6000-7000	7000-8000	8000-9000	9000-10000	
Photo Time Distribution-------	1138	6014	16226	11574	9578	2057	734	300	176	236	

