Message stats for scenario Photo_1000-Scenario_5
sim_time: 10000.0000

Photo List Size: 390
coverageValue-----------------	250	290	176	335	305	215	266	282	287	266	143	247	262	286	209	222	310	268	231	303	265	276	324	213	235	297	268	298	270	257	319	233	290	190	265	319	280	326	315	258	299	200	296	327	261	201	181	332	280	251	
redundantCoverageValue--------	170	190	124	325	175	85	214	198	193	34	157	233	218	134	211	138	230	212	189	117	155	324	96	207	5	183	272	242	270	163	221	67	250	110	275	221	80	334	345	162	301	100	304	213	159	99	179	568	140	289	
halfCoverageTime--------------	5445.8	2758.3	.0	2031.0	2082.0	3469.2	5507.6	2466.1	3308.4	2760.2	.0	1049.6	3298.7	4832.6	1991.1	4360.3	5417.3	4365.6	5803.4	2460.9	7531.7	4022.2	4367.7	1045.4	3009.5	3086.3	2793.4	3333.5	2691.3	3124.0	2084.1	7533.8	2430.8	8744.6	5598.8	1567.9	6548.5	1714.6	4653.5	5589.7	1047.5	7936.0	3128.2	2695.3	1981.0	5116.6	5879.0	1585.3	4633.1	2328.3	
numberOfPoint-----------------	2	2	2	2	1	2	2	2	2	1	1	3	1	3	2	3	2	1	2	1	1	1	2	1	3	1	2	1	2	1	2	1	3	2	2	1	1	3	2	3	3	1	2	2	1	1	1	2	1	1	
standardDeviation-------------	5.22	3.96	3.59	2.52	.92	4.61	3.75	3.27	2.56	.82	1.5	4.64	1.6	3.31	3.0	4.43	3.97	.41	2.72	2.13	.4	.3	3.64	1.66	4.44	1.43	3.05	.51	3.16	2.25	2.49	1.1	4.57	3.03	3.87	.72	.22	4.02	3.22	5.21	3.18	2.27	3.24	4.71	1.32	3.28	1.04	3.5	.85	1.25	
initialCoverageValue----------	346	360	352	360	308	248	344	360	359	348	351	360	341	360	360	350	353	327	343	337	293	358	360	330	346	360	360	356	360	356	360	358	329	360	360	360	351	356	332	315	351	360	360	360	355	360	358	360	360	359	
initialRedundantCoverageValue-	674	900	848	1200	652	412	856	780	901	732	609	960	859	720	840	850	547	693	737	443	547	1082	960	870	554	1140	1440	724	420	1024	780	782	691	540	1020	1140	429	844	688	945	549	540	840	1200	725	840	782	1200	960	1141	
additionalPoiTime-------------	78000.5
algorithmTime-----------------	6.42568119E7
totalMsgTransferred-----------------	7108

Photo List Size: 390
Gained Coverage %-------------	0.7627225732337737
Gained Redundancy %-----------	0.24331445456784043
Total Cluster Created---------	0
Total Transferred Photo-------	14322
Coverage Group----------------	1-30	31-60	61-90	91-120	121-150	151-180	181-210	211-240	241-270	271-300	301-330	331-360	
Coverage Distribution---------	0	0	0	0	1	1	5	6	14	12	9	2	
Ratio Group-------------------	.0	.1	.2	.3	.4	.5	.6	.7	.8	.9	1.0	
Coverage Ratio----------------	0	0	0	0	0	2	5	7	15	14	7	
Redundant Ratio---------------	0	4	13	23	5	2	2	1	0	0	0	
NumberOfPoint Group-----------	0	1	2	3	
NumOfPoint Distribution-------	0	21	21	8	
SD Group----------------------	0-1	1-2	2-3	3-4	4-5	5-6	
SD Distribution---------------	9	8	8	16	7	2	
Half Coverage Group-----------	0-1000	1000-2000	2000-3000	3000-4000	4000-5000	5000-6000	6000-7000	7000-8000	8000-9000	9000-10000	
Half Cvg Time Distribution----	0	8	12	8	7	8	1	3	1	0	
Transferred Photo Group-------	0-1000	1000-2000	2000-3000	3000-4000	4000-5000	5000-6000	6000-7000	7000-8000	8000-9000	9000-10000	
Photo Time Distribution-------	523	1379	1892	1548	1704	1995	1655	1387	1266	908	

