Message stats for scenario Photo_4000-Scenario_5
sim_time: 10000.0000

Photo List Size: 393
coverageValue-----------------	285	331	201	163	238	193	237	264	240	288	260	198	257	129	134	245	354	197	306	343	341	296	115	238	286	292	276	197	184	257	306	273	278	308	271	199	233	300	360	289	324	283	276	120	266	239	265	252	283	309	
redundantCoverageValue--------	135	389	99	137	302	107	243	336	300	192	280	162	403	291	46	355	606	43	414	377	259	124	5	182	134	248	264	43	116	223	234	147	262	292	149	161	187	240	180	251	336	137	204	0	154	421	35	108	137	231	
halfCoverageTime--------------	4098.0	941.5	6338.9	.0	7531.7	5031.9	4740.8	2403.8	755.3	1444.2	4814.0	4367.7	1764.6	.0	.0	5505.7	2015.0	9742.4	2045.4	4832.6	2472.0	3009.5	.0	5614.4	4103.6	1290.5	5568.6	3933.2	4491.2	2697.4	4247.7	4360.3	3308.4	5445.8	2460.9	5507.6	3998.2	2466.1	4100.1	3142.6	2131.1	652.9	3577.8	.0	3381.8	4022.2	1722.5	3166.9	2840.0	3306.3	
numberOfPoint-----------------	1	3	2	1	2	1	1	1	2	2	1	1	3	1	1	3	2	1	2	2	2	3	1	1	1	1	3	1	1	3	4	1	2	2	1	1	2	2	2	2	2	2	4	2	1	2	1	2	1	2	
standardDeviation-------------	1.75	4.41	3.13	2.25	2.46	4.87	1.04	1.49	2.67	3.11	.5	1.8	3.47	1.84	1.94	5.02	4.25	.51	4.0	4.04	2.93	3.65	1.44	.51	1.04	.32	4.89	.81	2.3	5.18	5.13	1.66	2.8	4.12	.95	.41	3.32	3.19	2.18	3.57	2.53	2.81	5.11	5.07	.22	3.31	2.41	3.1	.89	2.8	
initialCoverageValue----------	360	360	360	360	360	360	360	360	360	360	360	360	360	360	360	360	360	360	360	360	360	360	360	360	360	360	360	360	360	360	360	360	360	360	360	360	360	360	360	360	360	360	360	360	360	360	360	360	360	360	
initialRedundantCoverageValue-	3540	3840	3120	4320	4140	3780	3720	4380	3420	3720	4560	3960	3060	4020	4320	4560	4260	3060	4260	3840	4320	4320	3420	3540	5040	4140	3780	3900	4140	3840	3840	3600	3780	4080	3480	4080	4080	3900	4020	3600	4200	3480	3720	4080	3900	4080	4140	4140	4380	4260	
additionalPoiTime-------------	15600.1
algorithmTime-----------------	1.724279053E8
totalMsgTransferred-----------------	4987

Photo List Size: 393
Gained Coverage %-------------	0.7099444444444445
Gained Redundancy %-----------	0.05417427470075066
Total Cluster Created---------	0
Total Transferred Photo-------	12871
Coverage Group----------------	1-30	31-60	61-90	91-120	121-150	151-180	181-210	211-240	241-270	271-300	301-330	331-360	
Coverage Distribution---------	0	0	0	2	2	1	7	6	8	14	5	5	
Ratio Group-------------------	.0	.1	.2	.3	.4	.5	.6	.7	.8	.9	1.0	
Coverage Ratio----------------	0	0	0	0	4	1	7	8	16	9	5	
Redundant Ratio---------------	1	45	4	0	0	0	0	0	0	0	0	
NumberOfPoint Group-----------	0	1	2	3	4	
NumOfPoint Distribution-------	0	22	20	6	2	
SD Group----------------------	0-1	1-2	2-3	3-4	4-5	5-6	
SD Distribution---------------	9	9	11	9	7	5	
Half Coverage Group-----------	0-1000	1000-2000	2000-3000	3000-4000	4000-5000	5000-6000	6000-7000	7000-8000	8000-9000	9000-10000	
Half Cvg Time Distribution----	3	4	9	9	11	6	1	1	0	1	
Transferred Photo Group-------	0-1000	1000-2000	2000-3000	3000-4000	4000-5000	5000-6000	6000-7000	7000-8000	8000-9000	9000-10000	
Photo Time Distribution-------	1423	2064	1999	1489	1103	1902	985	648	578	638	

