Message stats for scenario Photo_2000-Scenario_2
sim_time: 10000.0000

Photo List Size: 2000
coverageValue-----------------	255	184	318	299	211	349	258	231	284	244	294	113	355	199	293	161	341	306	259	145	240	279	201	232	302	325	340	298	308	200	292	257	360	120	289	143	287	264	169	213	273	324	281	230	183	272	347	138	212	334	
redundantCoverageValue--------	165	116	342	361	149	431	222	189	136	176	366	7	245	221	247	139	439	234	341	95	120	321	159	368	118	95	140	242	112	100	188	103	420	0	191	37	313	216	131	27	267	396	79	190	57	88	373	102	448	266	
halfCoverageTime--------------	4102.2	4362.4	1045.4	5497.4	7807.0	1565.6	4365.6	1378.6	5745.4	5417.3	3121.9	.0	4425.4	3935.3	2793.4	.0	3124.0	652.9	619.7	.0	5809.8	2419.0	4838.8	7549.4	3169.0	5116.6	2084.1	1967.3	5348.6	4633.1	5795.0	6209.5	2131.1	.0	5867.3	.0	3914.6	6033.8	.0	9574.9	4531.8	2430.8	4358.2	7529.6	5820.4	2357.2	2305.5	.0	5139.8	3097.1	
numberOfPoint-----------------	3	4	4	2	3	3	3	3	4	3	4	4	5	4	3	3	2	5	4	4	4	6	3	5	2	2	3	5	4	4	4	6	3	5	3	4	4	2	2	3	3	4	4	4	2	4	4	5	6	3	
standardDeviation-------------	4.11	5.04	3.99	2.72	4.43	3.6	4.3	4.48	5.15	4.01	5.03	3.69	4.8	3.19	4.75	3.71	3.44	4.45	3.8	5.05	4.0	4.82	4.56	4.57	3.7	2.48	3.35	4.56	4.52	4.08	4.35	4.93	4.1	5.69	4.56	4.63	4.8	3.42	2.84	4.1	4.3	4.88	4.56	4.39	2.58	4.31	4.86	4.91	5.11	4.13	
initialCoverageValue----------	360	360	360	360	360	360	360	360	360	360	348	346	360	360	360	357	360	360	360	360	360	360	360	357	360	360	360	360	360	360	360	360	360	360	360	360	360	360	360	360	360	360	360	360	360	360	360	337	360	360	
initialRedundantCoverageValue-	2040	1440	2100	1620	1380	1860	2100	2160	1500	1620	1512	1214	2280	1860	1920	1443	1500	2160	2820	1200	1860	2820	1620	1383	1800	2100	1920	2340	2160	1860	1560	2040	2460	2340	1740	2340	2220	1620	1800	1740	1800	2280	1800	1860	1620	2640	1740	1343	2340	2460	
additionalPoiTime-------------	3.55994282E7
algorithmTime-----------------	4.14806659E7
totalMsgTransferred-----------------	11597

Photo List Size: 2000
Gained Coverage %-------------	0.7139593201448872
Gained Redundancy %-----------	0.10791419730424293
Total Cluster Created---------	0
Total Transferred Photo-------	231079
Coverage Group----------------	1-30	31-60	61-90	91-120	121-150	151-180	181-210	211-240	241-270	271-300	301-330	331-360	
Coverage Distribution---------	0	0	0	2	3	2	5	7	6	12	6	7	
Ratio Group-------------------	.0	.1	.2	.3	.4	.5	.6	.7	.8	.9	1.0	
Coverage Ratio----------------	0	0	0	0	3	4	8	5	11	11	8	
Redundant Ratio---------------	1	22	21	6	0	0	0	0	0	0	0	
NumberOfPoint Group-----------	0	1	2	3	4	5	6	
NumOfPoint Distribution-------	0	0	7	15	19	6	3	
SD Group----------------------	0-1	1-2	2-3	3-4	4-5	5-6	
SD Distribution---------------	0	0	4	10	30	6	
Half Coverage Group-----------	0-1000	1000-2000	2000-3000	3000-4000	4000-5000	5000-6000	6000-7000	7000-8000	8000-9000	9000-10000	
Half Cvg Time Distribution----	2	4	7	6	8	10	2	3	0	1	
Transferred Photo Group-------	0-1000	1000-2000	2000-3000	3000-4000	4000-5000	5000-6000	6000-7000	7000-8000	8000-9000	9000-10000	
Photo Time Distribution-------	15432	52116	54651	32605	30693	12305	8452	8138	6987	6561	

