Message stats for scenario Photo_2000-Scenario_5
sim_time: 10000.0000

Photo List Size: 392
coverageValue-----------------	174	284	277	333	304	159	302	253	329	349	233	309	320	192	265	216	208	289	278	258	347	306	186	312	190	291	220	298	230	289	347	223	262	283	236	173	291	200	182	246	320	196	236	152	245	287	278	312	321	320	
redundantCoverageValue--------	186	256	263	147	296	201	178	167	331	311	127	231	340	48	95	144	32	311	142	42	313	354	174	288	110	249	260	182	190	251	373	257	38	257	4	67	129	40	178	114	340	104	184	88	55	433	142	408	399	340	
halfCoverageTime--------------	.0	4247.7	4633.1	1480.6	3333.5	.0	3124.0	5505.7	2077.8	766.4	7200.2	1261.6	3086.3	8641.7	5715.1	2031.0	4425.4	3248.8	4740.8	7936.0	5286.6	2419.0	7615.1	1567.9	6391.7	2591.4	5348.6	5419.4	2375.4	1287.3	1444.2	4102.2	3577.8	2390.4	1693.4	.0	5029.8	4811.9	9744.5	7054.2	1297.9	6341.0	4491.2	.0	5333.8	1570.5	1758.3	1651.3	1967.3	5743.3	
numberOfPoint-----------------	2	2	1	1	1	2	1	4	3	3	2	2	2	1	2	1	1	1	2	2	2	3	1	2	2	2	2	1	2	2	2	2	2	2	1	2	1	1	2	1	2	3	2	2	2	2	1	3	3	3	
standardDeviation-------------	4.3	3.24	1.1	1.75	.45	3.85	.81	4.31	4.33	4.12	4.81	2.74	3.6	1.93	5.14	.5	.54	1.33	4.53	4.56	4.53	3.88	1.04	2.92	2.8	2.86	3.93	1.5	3.61	4.81	3.12	3.62	3.94	4.52	1.5	2.83	.41	3.47	5.1	.91	3.02	4.1	3.29	2.63	3.3	3.0	1.56	5.06	5.04	4.26	
initialCoverageValue----------	360	360	360	360	360	360	360	360	360	360	360	360	360	345	360	360	360	360	360	360	360	360	360	360	360	360	360	360	360	360	360	360	360	360	360	360	360	360	360	360	360	360	360	360	360	360	353	360	360	360	
initialRedundantCoverageValue-	2280	1920	2040	1380	2100	1920	2160	2220	1920	1800	1800	1800	2580	1695	1380	1380	1920	2100	1620	1740	1440	2040	2100	2160	1860	1860	1920	1920	2400	1800	1980	1920	1500	2340	1680	1860	1680	2640	2220	1740	2220	1740	1860	1560	1740	1620	1327	2100	2220	2340	
additionalPoiTime-------------	31200.2
algorithmTime-----------------	1.000902416E8
totalMsgTransferred-----------------	6615

Photo List Size: 392
Gained Coverage %-------------	0.729280231393926
Gained Redundancy %-----------	0.10643486634150426
Total Cluster Created---------	0
Total Transferred Photo-------	16723
Coverage Group----------------	1-30	31-60	61-90	91-120	121-150	151-180	181-210	211-240	241-270	271-300	301-330	331-360	
Coverage Distribution---------	0	0	0	0	0	4	7	7	6	11	11	4	
Ratio Group-------------------	.0	.1	.2	.3	.4	.5	.6	.7	.8	.9	1.0	
Coverage Ratio----------------	0	0	0	0	0	4	8	8	10	15	5	
Redundant Ratio---------------	0	24	24	2	0	0	0	0	0	0	0	
NumberOfPoint Group-----------	0	1	2	3	4	
NumOfPoint Distribution-------	0	15	27	7	1	
SD Group----------------------	0-1	1-2	2-3	3-4	4-5	5-6	
SD Distribution---------------	6	8	6	14	12	4	
Half Coverage Group-----------	0-1000	1000-2000	2000-3000	3000-4000	4000-5000	5000-6000	6000-7000	7000-8000	8000-9000	9000-10000	
Half Cvg Time Distribution----	1	11	6	5	7	8	2	4	1	1	
Transferred Photo Group-------	0-1000	1000-2000	2000-3000	3000-4000	4000-5000	5000-6000	6000-7000	7000-8000	8000-9000	9000-10000	
Photo Time Distribution-------	1067	2293	2776	1874	1929	2228	1616	1148	994	719	

