Message stats for scenario Photo_500-Scenario_3
sim_time: 10000.0000

Photo List Size: 500
coverageValue-----------------	203	279	310	360	133	182	234	293	186	334	260	319	322	299	235	300	342	326	330	249	302	189	295	60	264	263	275	258	246	321	252	351	194	256	328	316	309	190	296	305	318	290	208	312	294	308	292	309	332	289	
redundantCoverageValue--------	37	141	410	240	47	58	246	247	54	146	100	161	398	241	125	240	198	154	150	51	298	111	425	0	336	277	265	162	114	99	168	249	46	224	212	224	111	50	304	535	162	190	32	108	186	112	188	111	148	191	
halfCoverageTime--------------	9753.1	5423.6	2177.6	3300.8	.0	8875.2	8641.7	5421.5	5803.4	5139.8	1772.7	3455.6	3169.0	3933.2	2758.1	4826.3	2390.4	1722.5	3124.0	6964.2	938.4	7200.2	1376.5	.0	1482.7	5286.6	5031.9	4367.7	5862.2	2133.2	5505.5	1476.4	2591.4	4382.1	2131.1	2015.0	1693.4	3935.3	4756.3	2031.0	3248.8	6300.5	5505.7	3333.5	7440.4	3144.7	504.5	4356.1	5114.5	3298.7	
numberOfPoint-----------------	1	2	3	1	1	2	2	2	1	2	1	2	2	1	1	2	1	2	2	1	3	2	3	1	3	3	2	2	2	2	1	3	1	2	4	2	1	3	2	4	1	3	2	2	2	2	1	2	2	3	
standardDeviation-------------	1.71	5.26	3.6	.5	2.47	2.53	2.3	2.73	.22	3.85	.22	2.94	2.79	.14	.72	3.85	.67	2.23	4.53	1.39	4.61	2.83	3.42	2.16	3.94	4.09	3.18	2.78	2.21	4.49	2.1	4.8	2.63	4.19	4.48	2.18	1.72	3.7	2.95	4.66	1.27	5.02	4.45	4.15	2.5	2.84	.9	2.93	4.95	4.62	
initialCoverageValue----------	203	295	310	360	183	190	286	305	186	334	298	319	330	325	274	300	346	360	350	249	302	189	300	120	278	305	281	271	246	331	299	351	215	256	328	327	346	249	320	305	336	290	208	319	359	347	292	310	332	302	
initialRedundantCoverageValue-	37	245	470	420	57	170	254	295	54	206	182	221	690	455	326	420	434	300	250	111	598	231	480	0	502	355	379	209	114	209	361	489	85	344	332	513	134	171	460	655	444	190	32	221	421	553	248	230	208	298	
additionalPoiTime-------------	1107607.1
algorithmTime-----------------	1856411.9
totalMsgTransferred-----------------	11579

Photo List Size: 500
Gained Coverage %-------------	0.944961080112971
Gained Redundancy %-----------	0.6029343424284671
Total Cluster Created---------	50
Total Transferred Photo-------	78801
Coverage Group----------------	1-30	31-60	61-90	91-120	121-150	151-180	181-210	211-240	241-270	271-300	301-330	331-360	
Coverage Distribution---------	0	1	0	0	1	0	7	2	8	11	15	5	
Ratio Group-------------------	.0	.1	.2	.3	.4	.5	.6	.7	.8	.9	1.0	
Coverage Ratio----------------	0	0	0	0	0	1	0	0	2	8	39	
Redundant Ratio---------------	0	0	0	2	3	10	10	6	6	6	6	
NumberOfPoint Group-----------	0	1	2	3	4	
NumOfPoint Distribution-------	0	15	24	9	2	
SD Group----------------------	0-1	1-2	2-3	3-4	4-5	5-6	
SD Distribution---------------	7	4	18	7	12	2	
Half Coverage Group-----------	0-1000	1000-2000	2000-3000	3000-4000	4000-5000	5000-6000	6000-7000	7000-8000	8000-9000	9000-10000	
Half Cvg Time Distribution----	2	6	8	10	5	10	2	2	2	1	
Transferred Photo Group-------	0-1000	1000-2000	2000-3000	3000-4000	4000-5000	5000-6000	6000-7000	7000-8000	8000-9000	9000-10000	
Photo Time Distribution-------	4049	14752	16341	10706	10837	5702	4352	4436	3465	3064	

