Message stats for scenario Photo_1000-Scenario_4
sim_time: 10000.0000

Photo List Size: 1000
coverageValue-----------------	279	250	323	306	219	308	360	315	291	261	302	280	326	242	292	297	359	324	265	320	307	317	249	290	220	333	334	255	302	217	290	205	257	196	331	261	208	326	330	190	284	280	291	297	259	191	329	332	306	311	
redundantCoverageValue--------	141	170	157	174	21	292	240	285	309	99	358	200	214	118	128	363	241	216	95	280	233	343	171	70	140	267	386	105	58	23	70	35	43	104	269	159	92	334	330	50	76	320	189	183	101	109	271	208	174	349	
halfCoverageTime--------------	2466.1	6964.2	1758.3	5050.5	2695.3	3331.7	2793.4	4367.7	1978.6	5029.8	2276.9	2395.0	1565.6	6917.5	5109.2	3128.2	1476.4	2758.3	2758.1	1693.4	2031.0	2215.5	5854.3	5589.7	9431.2	5505.7	766.4	7531.7	3300.8	3457.7	5139.8	5919.8	6548.5	2637.0	1376.5	1942.9	5620.0	4227.2	2707.4	6300.5	1049.6	3211.4	5864.3	3933.2	6598.8	9999.6	2760.2	3166.9	3086.3	3214.4	
numberOfPoint-----------------	3	2	4	2	2	3	1	3	4	2	3	2	3	2	3	2	3	3	3	2	2	3	3	1	3	4	3	2	1	3	2	3	2	3	2	2	3	3	2	3	3	3	2	3	2	3	2	3	3	2	
standardDeviation-------------	4.12	3.27	4.95	3.3	2.71	3.23	.3	3.37	4.46	2.65	4.15	2.17	3.41	3.25	4.56	3.45	3.4	3.59	3.42	2.98	3.01	2.58	3.72	.94	4.54	4.3	2.81	2.86	.22	4.93	2.97	3.74	4.15	4.45	3.87	2.19	3.62	4.65	2.32	3.75	3.81	5.16	3.12	3.26	3.25	4.3	2.98	4.52	5.04	3.17	
initialCoverageValue----------	320	346	360	350	339	311	360	340	341	351	352	330	360	356	350	297	360	360	360	360	360	344	321	360	360	360	339	329	342	339	360	305	355	313	337	353	360	342	360	349	337	327	360	358	358	360	341	360	340	335	
initialRedundantCoverageValue-	520	674	1560	730	381	649	780	1160	919	729	908	990	960	844	850	663	780	840	840	840	900	916	639	840	1020	1020	801	511	498	741	660	535	845	527	683	1147	900	438	900	791	743	993	900	902	1022	960	799	660	860	925	
additionalPoiTime-------------	7035645.1
algorithmTime-----------------	8829656.6
totalMsgTransferred-----------------	7241

Photo List Size: 1000
Gained Coverage %-------------	0.8233624833497423
Gained Redundancy %-----------	0.2300887130464699
Total Cluster Created---------	50
Total Transferred Photo-------	27759
Coverage Group----------------	1-30	31-60	61-90	91-120	121-150	151-180	181-210	211-240	241-270	271-300	301-330	331-360	
Coverage Distribution---------	0	0	0	0	0	0	5	3	9	11	16	6	
Ratio Group-------------------	.0	.1	.2	.3	.4	.5	.6	.7	.8	.9	1.0	
Coverage Ratio----------------	0	0	0	0	0	0	3	6	8	18	15	
Redundant Ratio---------------	0	7	13	14	12	2	1	0	1	0	0	
NumberOfPoint Group-----------	0	1	2	3	4	
NumOfPoint Distribution-------	0	3	19	25	3	
SD Group----------------------	0-1	1-2	2-3	3-4	4-5	5-6	
SD Distribution---------------	3	0	11	21	13	2	
Half Coverage Group-----------	0-1000	1000-2000	2000-3000	3000-4000	4000-5000	5000-6000	6000-7000	7000-8000	8000-9000	9000-10000	
Half Cvg Time Distribution----	1	8	12	9	2	10	5	1	0	2	
Transferred Photo Group-------	0-1000	1000-2000	2000-3000	3000-4000	4000-5000	5000-6000	6000-7000	7000-8000	8000-9000	9000-10000	
Photo Time Distribution-------	614	3390	9344	6660	5435	1232	415	162	115	125	

