Message stats for scenario Photo_250-Scenario_4
sim_time: 10000.0000

Photo List Size: 250
coverageValue-----------------	235	128	228	233	122	144	161	180	149	268	220	298	179	192	122	191	187	227	251	266	94	211	187	267	208	120	213	320	60	316	115	180	211	174	299	185	183	270	110	153	208	216	210	271	290	157	205	220	217	160	
redundantCoverageValue--------	125	52	132	7	58	96	79	0	31	32	20	122	61	48	58	229	53	73	49	214	26	29	53	153	212	0	147	100	0	104	125	0	29	66	181	55	57	150	10	87	92	264	30	89	130	23	35	20	23	80	
halfCoverageTime--------------	5767.2	.0	1693.4	4653.5	.0	.0	.0	3783.1	.0	1047.5	2758.1	4103.6	.0	3121.9	.0	6563.6	4814.0	2697.4	2328.3	562.7	.0	8989.4	2758.1	4380.0	5807.7	.0	2419.0	2015.0	.0	3333.5	.0	5333.8	5879.0	.0	3009.5	2215.5	4997.8	3097.1	.0	.0	8816.8	2695.3	2637.0	1758.3	2033.1	.0	2670.7	3166.9	6391.7	.0	
numberOfPoint-----------------	1	3	2	3	1	1	1	1	1	1	1	2	1	2	2	2	1	2	2	2	2	1	1	2	3	1	2	2	1	2	2	1	3	2	2	2	1	1	1	1	2	3	2	1	2	2	1	3	1	2	
standardDeviation-------------	2.0	4.03	4.25	4.4	.71	.73	1.5	3.14	3.99	2.75	1.53	3.3	1.94	3.46	3.37	3.45	5.76	3.35	2.69	3.9	3.26	.22	2.53	3.21	4.04	.94	2.85	2.96	3.11	2.77	5.13	1.44	5.98	3.19	3.44	2.14	3.01	.81	2.14	.57	3.78	3.92	3.93	.73	4.28	4.07	.76	5.34	2.53	3.59	
initialCoverageValue----------	235	128	228	233	122	238	161	180	149	268	220	298	179	192	122	191	187	227	251	295	154	211	247	267	219	120	213	320	60	316	115	180	211	174	299	199	183	270	110	153	208	220	210	271	310	157	205	220	258	160	
initialRedundantCoverageValue-	125	52	132	127	58	122	79	0	31	32	20	122	61	48	58	229	53	73	49	245	86	29	53	153	321	0	147	100	0	104	125	0	29	66	241	101	57	150	10	87	92	320	30	89	230	23	35	80	102	80	
additionalPoiTime-------------	577203.7
algorithmTime-----------------	826805.3
totalMsgTransferred-----------------	6734

Photo List Size: 250
Gained Coverage %-------------	0.9678074245939675
Gained Redundancy %-----------	0.8395618556701031
Total Cluster Created---------	50
Total Transferred Photo-------	6000
Coverage Group----------------	1-30	31-60	61-90	91-120	121-150	151-180	181-210	211-240	241-270	271-300	301-330	331-360	
Coverage Distribution---------	0	1	0	4	5	8	10	11	5	4	2	0	
Ratio Group-------------------	.0	.1	.2	.3	.4	.5	.6	.7	.8	.9	1.0	
Coverage Ratio----------------	0	0	0	0	0	0	0	2	1	1	46	
Redundant Ratio---------------	0	1	0	2	1	0	2	1	2	2	35	
NumberOfPoint Group-----------	0	1	2	3	
NumOfPoint Distribution-------	0	22	22	6	
SD Group----------------------	0-1	1-2	2-3	3-4	4-5	5-6	
SD Distribution---------------	8	5	9	18	6	4	
Half Coverage Group-----------	0-1000	1000-2000	2000-3000	3000-4000	4000-5000	5000-6000	6000-7000	7000-8000	8000-9000	9000-10000	
Half Cvg Time Distribution----	1	3	11	6	5	4	2	0	2	0	
Transferred Photo Group-------	0-1000	1000-2000	2000-3000	3000-4000	4000-5000	5000-6000	6000-7000	7000-8000	8000-9000	9000-10000	
Photo Time Distribution-------	125	779	2183	1496	1126	170	41	1	5	3	

