Message stats for scenario Photo_500-Scenario_5
sim_time: 10000.0000

Photo List Size: 365
coverageValue-----------------	265	224	296	300	176	174	207	298	197	320	151	305	214	330	319	250	250	255	304	184	280	205	277	338	250	303	327	296	271	288	170	328	274	228	190	306	271	277	266	254	157	268	266	302	269	224	337	360	219	205	
redundantCoverageValue--------	215	136	244	120	124	66	213	62	43	280	29	55	266	450	521	170	290	45	356	236	260	95	203	202	110	177	153	184	209	72	70	92	146	312	110	234	89	203	274	166	83	92	94	118	151	76	143	420	81	35	
halfCoverageTime--------------	2758.1	3998.2	2695.3	2419.0	.0	.0	2033.1	2077.8	3248.8	2403.8	.0	6671.1	5877.6	2589.3	2297.1	2763.1	3455.6	5805.5	2756.0	8716.6	2357.2	7000.3	4651.4	2758.3	5109.2	3308.4	2950.4	2017.1	1352.4	5116.6	.0	4382.1	1287.3	4761.4	4227.2	2840.0	4830.5	5620.0	1297.9	4358.2	.0	4740.8	3358.3	4762.5	6338.9	3935.3	504.5	619.7	9878.8	5029.8	
numberOfPoint-----------------	1	2	2	1	4	2	2	1	1	3	1	2	3	2	2	1	2	2	2	2	2	3	2	2	2	1	3	1	2	1	1	2	1	1	2	3	1	2	3	1	3	2	2	2	1	2	2	2	2	2	
standardDeviation-------------	.51	2.87	3.56	.22	4.11	4.77	2.72	1.4	3.67	3.88	.82	4.49	4.2	2.55	3.0	2.82	2.92	2.53	3.11	2.39	3.15	3.58	3.21	4.97	3.57	1.2	4.48	.91	4.97	.85	2.91	2.42	.64	2.06	4.63	4.35	.5	4.17	4.58	2.95	5.39	3.22	3.43	2.6	.82	4.0	2.46	2.7	4.34	3.14	
initialCoverageValue----------	272	318	334	315	307	174	267	298	258	347	302	315	282	343	359	256	258	293	304	241	299	317	306	338	318	339	348	318	309	288	209	333	308	351	291	306	360	346	335	348	277	268	304	302	315	224	337	360	325	260	
initialRedundantCoverageValue-	328	222	326	225	353	66	213	122	102	433	178	285	378	617	721	284	402	127	356	359	301	223	354	502	222	321	432	282	351	72	151	147	172	609	129	234	360	314	445	432	143	92	176	238	285	196	203	540	155	160	
additionalPoiTime-------------	78000.5
algorithmTime-----------------	4.36022795E7
totalMsgTransferred-----------------	7191

Photo List Size: 365
Gained Coverage %-------------	0.857923857199315
Gained Redundancy %-----------	0.5980610963872227
Total Cluster Created---------	0
Total Transferred Photo-------	10422
Coverage Group----------------	1-30	31-60	61-90	91-120	121-150	151-180	181-210	211-240	241-270	271-300	301-330	331-360	
Coverage Distribution---------	0	0	0	0	0	5	6	5	10	11	10	3	
Ratio Group-------------------	.0	.1	.2	.3	.4	.5	.6	.7	.8	.9	1.0	
Coverage Ratio----------------	0	0	0	0	0	1	2	4	10	10	23	
Redundant Ratio---------------	0	0	2	2	5	6	11	8	7	3	6	
NumberOfPoint Group-----------	0	1	2	3	4	
NumOfPoint Distribution-------	0	15	27	7	1	
SD Group----------------------	0-1	1-2	2-3	3-4	4-5	5-6	
SD Distribution---------------	8	2	15	11	13	1	
Half Coverage Group-----------	0-1000	1000-2000	2000-3000	3000-4000	4000-5000	5000-6000	6000-7000	7000-8000	8000-9000	9000-10000	
Half Cvg Time Distribution----	2	3	15	6	8	6	2	1	1	1	
Transferred Photo Group-------	0-1000	1000-2000	2000-3000	3000-4000	4000-5000	5000-6000	6000-7000	7000-8000	8000-9000	9000-10000	
Photo Time Distribution-------	246	735	1119	1033	1193	1418	1307	1264	1161	896	

