Message stats for scenario Photo_250-Scenario_3
sim_time: 10000.0000

Photo List Size: 250
coverageValue-----------------	60	249	120	284	164	215	240	120	250	221	95	169	219	207	78	284	303	180	197	186	172	60	175	267	198	152	226	263	191	180	243	156	180	241	307	148	102	120	340	248	195	276	163	251	60	284	272	254	180	233	
redundantCoverageValue--------	0	111	0	196	136	85	0	0	50	19	85	11	81	33	42	136	177	0	103	114	128	0	125	153	42	28	134	97	49	0	117	84	0	59	53	32	18	0	260	172	165	144	197	49	0	196	28	226	0	187	
halfCoverageTime--------------	.0	1942.9	.0	1045.4	.0	2466.1	2215.5	.0	3759.1	5445.8	.0	.0	5077.7	5044.9	.0	2691.3	1714.6	5717.2	2756.0	4360.3	.0	.0	.0	2591.4	4832.6	.0	3933.2	3009.5	4456.6	4382.1	1297.9	.0	5715.1	3336.3	3142.6	.0	.0	.0	1936.6	1444.2	4454.5	1743.4	.0	1261.6	.0	2395.0	3121.9	1178.9	4900.0	3213.4	
numberOfPoint-----------------	1	3	2	1	1	2	2	1	2	1	1	3	2	1	2	2	2	1	3	1	1	1	3	2	2	2	3	2	2	1	2	1	1	2	4	2	2	2	2	3	2	1	2	2	1	2	2	1	2	1	
standardDeviation-------------	4.05	4.6	5.81	.3	4.02	3.32	3.18	2.76	3.02	.36	.1	5.7	2.98	1.84	3.56	2.63	3.34	2.82	4.11	2.0	.9	.86	3.92	2.66	3.78	5.9	4.6	3.92	3.5	1.91	5.2	1.88	1.36	3.0	5.8	4.37	2.56	4.81	2.79	4.24	3.75	.22	3.48	2.49	3.62	2.96	2.97	.36	3.74	1.53	
initialCoverageValue----------	60	249	120	284	184	215	240	120	250	221	95	169	219	207	78	284	303	180	197	186	172	60	175	267	198	152	226	263	191	180	243	156	180	241	307	148	102	120	340	248	195	276	163	251	60	284	272	254	180	233	
initialRedundantCoverageValue-	0	171	0	256	176	85	0	0	50	19	85	11	81	33	42	136	237	0	103	114	188	0	125	153	102	28	134	97	49	0	117	84	0	119	53	32	18	0	260	172	165	144	257	109	0	196	28	346	0	187	
additionalPoiTime-------------	343202.2
algorithmTime-----------------	655204.2
totalMsgTransferred-----------------	10782

Photo List Size: 250
Gained Coverage %-------------	0.997999599919984
Gained Redundancy %-----------	0.8656026879462411
Total Cluster Created---------	50
Total Transferred Photo-------	37264
Coverage Group----------------	1-30	31-60	61-90	91-120	121-150	151-180	181-210	211-240	241-270	271-300	301-330	331-360	
Coverage Distribution---------	0	3	1	5	1	11	6	6	9	5	2	1	
Ratio Group-------------------	.0	.1	.2	.3	.4	.5	.6	.7	.8	.9	1.0	
Coverage Ratio----------------	0	0	0	0	0	0	0	0	0	1	49	
Redundant Ratio---------------	0	0	0	0	0	3	0	3	4	0	29	
NumberOfPoint Group-----------	0	1	2	3	4	
NumOfPoint Distribution-------	0	18	25	6	1	
SD Group----------------------	0-1	1-2	2-3	3-4	4-5	5-6	
SD Distribution---------------	7	5	12	13	8	5	
Half Coverage Group-----------	0-1000	1000-2000	2000-3000	3000-4000	4000-5000	5000-6000	6000-7000	7000-8000	8000-9000	9000-10000	
Half Cvg Time Distribution----	0	9	6	7	6	5	0	0	0	0	
Transferred Photo Group-------	0-1000	1000-2000	2000-3000	3000-4000	4000-5000	5000-6000	6000-7000	7000-8000	8000-9000	9000-10000	
Photo Time Distribution-------	1988	7405	8697	5905	5692	2717	1807	1394	771	314	

