Message stats for scenario 4000
sim_time: 10000.0000

Photo List Size: 4000
coverageValue-----------------	210	327	273	219	219	238	275	247	175	232	351	240	239	63	255	261	260	266	164	290	227	285	135	338	321	264	307	280	326	270	284	282	323	313	280	275	120	285	213	137	293	202	276	252	222	305	324	120	328	293	
halfCoverageTime--------------	5421.5	3086.3	1764.6	1047.5	6964.2	2793.4	6677.7	2276.9	.0	4828.4	3914.6	6033.8	4365.6	.0	5507.6	5114.5	4098.0	4247.7	.0	5589.7	5116.6	5875.5	.0	1296.2	3124.0	5776.7	1376.5	2033.1	1352.4	6317.1	3169.0	3166.9	2403.8	2031.0	5417.3	3333.8	.0	4022.2	6300.5	.0	5077.7	6671.1	4499.8	4653.5	4811.9	3308.4	2390.4	.0	4103.6	1267.5	
redundantCoverageValue--------	30	153	147	201	141	242	325	53	305	188	249	180	121	57	165	99	100	214	16	130	73	135	45	202	279	156	233	260	454	270	136	438	397	227	140	205	0	195	147	163	187	158	324	408	318	295	576	0	332	547	
numberOfPoint-----------------	1	1	1	1	1	1	1	1	1	1	1	1	1	1	1	1	1	1	1	1	1	1	1	1	1	4	3	2	2	3	5	5	5	3	3	6	4	3	4	5	4	4	3	4	4	4	5	4	4	3	
standardDeviation-------------	.0	.0	.0	.0	.0	.0	.0	.0	.0	.0	.0	.0	.0	.0	.0	.0	.0	.0	.0	.0	.0	.0	.0	.0	.0	4.06	3.88	3.12	2.09	4.43	4.7	4.51	4.78	4.1	4.41	5.14	3.77	3.59	4.77	5.3	4.78	3.81	3.74	4.16	3.93	4.34	4.22	5.3	3.55	3.42	
initialCoverageValue----------	360	360	360	360	360	360	360	360	360	360	360	360	360	360	360	360	360	360	360	360	360	360	360	360	360	360	360	360	360	360	360	360	360	360	360	360	360	360	360	360	360	360	360	360	360	360	360	360	360	360	
initialRedundantCoverageValue-	4140	4260	4020	3900	3840	3420	3360	4140	4140	3840	4500	4320	4140	4500	4620	3720	4020	2880	4200	3660	4500	3780	3660	4260	3840	3840	4440	3540	3660	3060	4080	4260	4380	4080	3480	3540	3300	3960	4020	3840	3420	4500	3840	3660	3900	4140	4260	4200	4260	3960	

Photo List Size: 4000
Coverage Group----------------	1-30	31-60	61-90	91-120	121-150	151-180	181-210	211-240	241-270	271-300	301-330	331-360	
Coverage Distribution---------	0	0	1	2	2	2	2	9	8	13	9	2	
Average Coverage--------------	253
Average Redundancy------------	208
Ratio Group-------------------	.0	.1	.2	.3	.4	.5	.6	.7	.8	.9	1.0	
Coverage Ratio----------------	0	0	1	0	4	2	3	10	16	9	5	
Redundant Ratio---------------	2	43	5	0	0	0	0	0	0	0	0	
NumberOfPoint Group-----------	0	1	2	3	4	5	6	
NumOfPoint Distribution-------	0	0	2	7	10	5	1	
SD Group----------------------	0-1	1-2	2-3	3-4	4-5	5-6	
SD Distribution---------------	0	0	1	9	12	3	
Half Coverage Group-----------	0-1000	1000-2000	2000-3000	3000-4000	4000-5000	5000-6000	6000-7000	7000-8000	8000-9000	9000-10000	
Half Cvg Time Distribution----	0	6	6	7	9	9	6	0	0	0	

