Message stats for scenario 500
sim_time: 10000.0000

Photo List Size: 500
coverageValue-----------------	314	290	258	180	303	230	188	294	284	212	292	296	131	357	205	208	274	215	360	327	281	269	295	329	286	342	329	243	218	348	267	258	303	345	344	351	340	306	304	283	285	258	308	348	129	311	133	335	299	238	
halfCoverageTime--------------	5873.6	6517.4	3759.1	5505.5	4740.8	3336.3	4367.7	8718.7	6704.7	7111.8	5507.6	2695.3	.0	2307.6	5919.8	4456.6	2031.0	5875.5	2299.2	4000.4	6338.9	3358.3	1653.4	2793.4	4754.5	4358.2	4900.0	7531.7	4997.8	619.7	4103.6	1722.5	2215.0	3455.6	2472.0	1743.4	1942.9	5589.7	3300.8	2419.0	4651.4	5803.4	1758.3	1370.1	.0	1352.4	.0	1981.0	2556.1	5031.9	
redundantCoverageValue--------	106	130	42	0	117	70	52	66	136	88	188	64	49	243	215	32	206	85	300	153	79	211	185	91	134	258	151	57	82	432	153	162	177	315	196	429	380	174	236	257	135	42	232	492	111	229	47	205	121	242	
numberOfPoint-----------------	1	1	1	1	1	1	1	1	1	1	1	1	1	1	1	1	1	1	1	1	1	1	1	1	1	4	2	2	2	2	2	1	2	2	1	3	2	2	3	3	2	3	1	2	2	3	2	2	2	3	
standardDeviation-------------	.0	.0	.0	.0	.0	.0	.0	.0	.0	.0	.0	.0	.0	.0	.0	.0	.0	.0	.0	.0	.0	.0	.0	.0	.0	4.75	2.39	3.72	3.51	2.69	2.87	1.75	2.94	2.77	.81	4.57	2.65	3.19	4.25	5.57	3.15	4.93	1.57	2.42	2.94	4.88	3.63	2.55	3.28	4.27	
initialCoverageValue----------	314	290	277	333	303	230	276	324	292	248	292	355	239	357	240	208	288	292	360	352	281	275	329	339	286	342	329	243	226	348	279	278	303	345	346	360	340	306	304	283	318	287	308	353	129	327	222	335	323	296	
initialRedundantCoverageValue-	286	250	323	87	297	130	144	276	188	172	488	365	181	603	300	32	312	368	480	488	199	325	271	441	194	318	151	117	194	432	261	262	177	315	314	660	680	174	296	317	162	193	412	727	111	333	78	385	157	424	

Photo List Size: 500
Coverage Group----------------	1-30	31-60	61-90	91-120	121-150	151-180	181-210	211-240	241-270	271-300	301-330	331-360	
Coverage Distribution---------	0	0	0	0	3	1	3	5	6	12	10	10	
Average Coverage--------------	278
Average Redundancy------------	167
Ratio Group-------------------	.0	.1	.2	.3	.4	.5	.6	.7	.8	.9	1.0	
Coverage Ratio----------------	0	0	0	0	0	0	3	1	1	7	38	
Redundant Ratio---------------	1	0	2	5	6	3	8	11	4	3	7	
NumberOfPoint Group-----------	0	1	2	3	4	
NumOfPoint Distribution-------	0	3	15	6	1	
SD Group----------------------	0-1	1-2	2-3	3-4	4-5	5-6	
SD Distribution---------------	1	2	9	6	6	1	
Half Coverage Group-----------	0-1000	1000-2000	2000-3000	3000-4000	4000-5000	5000-6000	6000-7000	7000-8000	8000-9000	9000-10000	
Half Cvg Time Distribution----	1	8	9	5	10	8	3	2	1	0	

