Message stats for scenario Photo_5000-Scenario_8-ActualPOI_50
sim_time: 160388470.0000

Photo List Size: 852
coverageValue-----------------	306	338	191	285	360	348	328	284	336	258	347	195	327	357	312	281	208	351	224	271	308	258	199	338	249	307	280	332	274	273	336	360	206	262	217	279	331	308	316	351	324	316	293	222	337	280	335	270	319	333	240	214	244	158	301	285	120	274	304	252	125	191	352	319	208	318	228	232	350	180	200	243	339	240	271	183	203	302	276	294	253	295	309	331	227	327	233	293	129	282	120	351	247	313	258	212	239	274	225	125	
redundantCoverageValue--------	234	442	49	315	300	792	452	556	384	162	253	285	273	423	288	439	92	189	136	209	172	102	341	322	351	473	140	328	326	327	444	600	214	218	143	321	509	292	284	429	276	404	127	198	383	140	505	450	461	447	180	26	176	82	59	75	0	266	356	48	55	229	188	221	92	282	72	128	370	0	220	177	141	240	149	57	97	118	204	66	167	245	111	209	13	153	67	67	51	138	0	369	53	107	222	28	241	266	195	55	
halfCoverageTime--------------	32008624.0	32159410.0	64666596.0	33906623.0	32761757.0	32264432.0	32008549.0	32676014.0	33906548.0	63507439.0	32095134.0	33195349.0	32868767.0	32868702.0	32761732.0	32061669.0	32676002.0	33985362.0	33906583.0	32159103.0	32159188.0	63704148.0	63704188.0	32264397.0	32264387.0	32061724.0	32686098.0	32061699.0	32868732.0	32095124.0	33195359.0	32061729.0	63704198.0	32761768.0	33178415.0	32159395.0	32686193.0	32264242.0	33195344.0	32868757.0	33195299.0	32264447.0	32264587.0	33985352.0	33985307.0	32510968.0	32008609.0	32264467.0	32686173.0	32061623.0	63849984.0	32061639.0	33906543.0	.0	64666621.0	33906558.0	.0	32686143.0	32008504.0	63704293.0	.0	64666616.0	32960478.0	32264407.0	32761711.0	32761805.0	63849999.0	64666174.0	33195249.0	63704133.0	63704193.0	63850004.0	64666210.0	32159208.0	33906573.0	63704248.0	33298118.0	32008649.0	33195334.0	33266829.0	63850049.0	32960437.0	33906588.0	32868777.0	64666802.0	32264307.0	32686108.0	63850024.0	.0	32008397.0	.0	32868712.0	63704253.0	64666346.0	.0	64666521.0	.0	64582501.0	33985332.0	.0	
numberOfPoint-----------------	1	1	1	1	1	1	1	1	1	1	1	1	1	1	1	1	1	1	1	1	1	1	1	1	1	1	1	1	1	1	1	1	1	1	1	1	1	1	1	1	1	1	1	1	1	1	1	1	1	1	0	1	1	0	1	1	1	2	1	2	1	1	2	3	0	1	1	1	1	0	1	2	2	1	1	2	1	1	1	1	2	2	1	2	1	2	0	1	0	1	0	1	1	2	0	1	0	2	1	1	
standardDeviation-------------	.0	.0	.0	.0	.0	.0	.0	.0	.0	.0	.0	.0	.0	.0	.0	.0	.0	.0	.0	.0	.0	.0	.0	.0	.0	.0	.0	.0	.0	.0	.0	.0	.0	.0	.0	.0	.0	.0	.0	.0	.0	.0	.0	.0	.0	.0	.0	.0	.0	.0	.0	3.63	8.0	.0	1.4	9.43	7.16	7.23	6.44	5.95	2.1	8.22	8.24	7.33	.0	4.36	3.51	6.82	3.98	.0	.5	8.11	9.72	1.49	3.36	5.41	8.02	.32	11.96	2.36	9.6	7.38	1.51	6.02	9.5	5.42	.0	3.62	.0	1.58	.0	2.12	7.5	7.02	.0	9.23	.0	6.25	8.1	6.79	
initialCoverageValue----------	360	360	360	360	360	360	360	360	349	360	360	360	360	360	360	360	360	360	360	360	360	360	360	360	360	356	360	360	360	360	360	360	360	360	360	360	360	360	360	360	360	360	360	360	360	360	360	360	360	360	360	360	360	360	360	360	360	360	360	360	360	360	360	360	360	360	360	360	360	360	360	360	360	360	360	360	360	360	360	360	360	360	360	360	360	360	360	360	360	360	360	360	360	360	360	360	360	360	360	360	
initialRedundantCoverageValue-	2220	2700	2220	2700	3480	2640	2640	3360	2651	2700	2100	2580	2040	2640	2340	2400	2100	2340	2160	2880	2220	2640	2220	3060	2460	2164	1980	2880	2340	2580	3360	2160	1980	2340	2640	2520	2460	2040	2880	2580	2160	2820	2460	1560	2580	1980	2760	2820	2580	2580	2760	2340	3000	1980	2460	2400	2280	2520	3180	2220	1740	2100	2460	2160	2340	3060	2220	2820	2580	1800	2340	2700	2760	2880	2520	1860	2220	2520	1860	2340	1800	2160	2340	1620	2160	2760	2580	2640	2340	3240	2040	3000	2880	2700	2160	1980	2460	1860	2400	1980	
additionalPoiTime-------------	93600.6
algorithmTime-----------------	1.4155180589464E10
Total Transferred Metadata----	2498

Photo List Size: 852
Gained Coverage %-------------	0.7561206058079756
Gained Redundancy %-----------	0.09471572180251009
Total Cluster Created---------	0
Total Transferred Photo-------	29684
Total Photo at Destination----	906
Coverage Group----------------	1-30	31-60	61-90	91-120	121-150	151-180	181-210	211-240	241-270	271-300	301-330	331-360	
Coverage Distribution---------	0	0	0	2	3	2	10	13	11	19	19	21	
Ratio Group-------------------	.0	.1	.2	.3	.4	.5	.6	.7	.8	.9	1.0	
Coverage Ratio----------------	0	0	0	0	5	2	12	16	21	20	24	
Redundant Ratio---------------	3	51	42	4	0	0	0	0	0	0	0	
NumberOfPoint Group-----------	0	1	2	3	
NumOfPoint Distribution-------	9	28	12	1	
SD Group----------------------	0-1	1-2	2-3	3-4	4-5	5-6	6-7	7-8	8-9	9-10	10-11	11-12	
SD Distribution---------------	61	4	3	5	1	3	5	6	6	5	0	1	
Half Coverage Group-----------	0-16038847	16038847-32077694	32077694-48116541	48116541-64155388	64155388-80194235	80194235-96233082	96233082-112271929	112271929-128310776	128310776-144349623	144349623-160388470	160388470-176427317	
Half Cvg Time Distribution----	0	12	57	14	9	0	0	0	0	0	0	
Transferred Photo Group-------	0-16038847	16038847-32077694	32077694-48116541	48116541-64155388	64155388-80194235	80194235-96233082	96233082-112271929	112271929-128310776	128310776-144349623	144349623-160388470	160388470-176427317	
Photo Time Distribution-------	5884	15219	18383	15984	8136	316	196	851	247	34	0	

Cvg&Red Distribution----------	0.0	2.0	3.2077694E7	6.4155388E7	1.28310776E8	1.6038847E8	9.6233082E7	
Average PhotoNum--------------	26.63888888888889	26.63888888888889	35.8	40.15555555555556	41.94444444444444	42.12222222222222	40.96666666666667	
Nodes Above Average-----------	102	102	97	126	137	137	131	
Nodes Below Average-----------	78	78	83	54	43	43	49	

Average Coverage--------------	1557.2555555555555	1557.2555555555555	2067.988888888889	2310.05	2404.311111111111	2414.116666666667	2348.3888888888887	
Nodes Above Average-----------	101	101	98	127	137	138	129	
Nodes Below Average-----------	79	79	82	53	43	42	51	
Photos Above Average----------	33	33	48	49	49	49	49	
Photos Below Average----------	17	17	21	17	16	16	18	
Network Coverage--------------	35985	35985	35985	35985	35985	35985	35985	

Average Redundancy------------	41.077777777777776	41.077777777777776	80.0111111111111	99.28333333333333	112.35555555555555	113.21666666666667	109.61111111111111	
Nodes Above Average-----------	77	77	76	90	87	87	87	
Nodes Below Average-----------	103	103	104	90	93	93	93	
Photos Above Average----------	31	31	46	48	49	49	49	
Photos Below Average----------	22	22	27	31	35	35	33	
Network Redundancy------------	251715	251715	350655	397695	417015	418935	406455	

