Message stats for scenario Photo_10000-Scenario_8-ActualPOI_50
sim_time: 160388470.0000

Photo List Size: 987
coverageValue-----------------	301	341	277	341	311	335	360	306	307	314	260	312	339	182	359	308	334	236	360	360	198	352	235	271	292	345	357	298	294	359	309	332	360	303	323	302	328	349	360	289	360	280	246	171	292	245	279	249	355	353	183	252	138	309	260	258	329	207	252	149	166	315	132	246	312	300	222	352	360	60	318	312	251	344	200	263	338	210	112	303	170	292	360	180	246	236	252	268	245	316	350	303	318	214	324	323	203	120	317	280	
redundantCoverageValue--------	419	259	323	679	349	325	780	114	353	226	280	348	561	118	361	352	566	244	1020	720	342	608	425	569	368	255	543	242	186	601	291	388	480	597	337	298	572	731	540	251	420	320	114	69	248	175	441	111	605	367	117	48	42	231	220	282	91	93	108	31	14	165	48	174	288	120	138	488	420	0	282	228	109	316	100	277	322	90	8	297	190	128	720	0	174	64	168	152	235	284	490	597	342	266	396	397	277	0	103	200	
halfCoverageTime--------------	32008464.0	32960504.0	32686128.0	32264397.0	32159405.0	32061608.0	32008534.0	63507475.0	33985307.0	33195319.0	33298108.0	32095129.0	32008459.0	64666501.0	32159128.0	32008444.0	32761794.0	32960372.0	1746480.0	32264402.0	33384331.0	32686158.0	32061751.0	32061714.0	33906593.0	32264252.0	32686148.0	32008669.0	32159470.0	32008414.0	33298118.0	32008584.0	32264447.0	32008704.0	33195284.0	32868752.0	32675978.0	32159455.0	32264282.0	63507454.0	32159545.0	63704233.0	32264582.0	.0	32761840.0	32264602.0	32960315.0	33384461.0	32761671.0	63507429.0	64732435.0	33985457.0	.0	63704193.0	63849934.0	33906603.0	32761747.0	.0	32960432.0	.0	.0	63704198.0	.0	32159420.0	63704158.0	32761825.0	64666546.0	1746498.0	33195274.0	.0	32264612.0	63850104.0	32960417.0	32159133.0	32761885.0	32159535.0	32159113.0	64582506.0	.0	33195369.0	.0	63850019.0	32008392.0	64582466.0	64582486.0	64666777.0	33007247.0	64139252.0	32761762.0	32159158.0	33195374.0	32960525.0	32159390.0	63704073.0	32686183.0	32264312.0	64666752.0	.0	33384476.0	32008519.0	
numberOfPoint-----------------	1	1	1	1	1	1	1	1	1	1	1	1	1	1	1	1	1	1	1	1	1	1	1	1	1	1	1	1	1	1	1	1	1	1	1	1	1	1	1	1	1	1	1	1	1	1	1	1	1	1	0	1	1	1	1	3	1	0	2	0	1	1	0	1	2	1	1	2	2	0	2	3	1	1	1	1	1	1	1	2	1	1	3	0	2	1	3	1	1	3	2	2	1	2	2	2	3	1	1	1	
standardDeviation-------------	.0	.0	.0	.0	.0	.0	.0	.0	.0	.0	.0	.0	.0	.0	.0	.0	.0	.0	.0	.0	.0	.0	.0	.0	.0	.0	.0	.0	.0	.0	.0	.0	.0	.0	.0	.0	.0	.0	.0	.0	.0	.0	.0	.0	.0	.0	.0	.0	.0	.0	.0	4.25	5.03	.92	3.89	10.98	1.9	.0	6.08	.0	1.64	6.25	.0	6.03	6.44	2.42	10.55	4.85	7.06	.0	7.2	9.11	10.29	1.65	3.31	7.7	6.31	6.89	6.17	10.21	7.32	5.85	9.1	.0	8.72	3.82	10.27	1.27	6.72	8.81	7.5	4.4	5.1	8.42	6.24	6.48	8.26	7.75	4.92	3.96	
initialCoverageValue----------	360	360	360	360	360	360	360	360	360	360	360	360	360	360	360	360	360	360	360	360	360	360	360	360	360	360	360	360	360	360	360	360	360	360	360	360	360	360	360	360	360	360	360	360	360	360	360	360	360	360	360	360	360	360	360	360	360	360	360	360	360	360	360	360	360	360	360	360	360	360	360	360	360	360	360	360	360	360	360	360	360	360	360	360	360	360	360	360	360	360	360	360	360	360	360	360	360	360	360	360	
initialRedundantCoverageValue-	4560	4440	5280	5820	4860	4680	5280	4560	4800	5100	4440	5400	4260	3480	5280	4440	5340	4320	5400	5160	4260	4800	5040	4860	5280	4740	5100	4440	5100	5040	5580	3480	4380	5040	5280	3840	4320	5700	4500	4320	5700	5040	4440	4920	5160	4200	4680	4440	5580	4920	5100	5580	5040	4500	4500	4440	5400	4680	4440	6120	5880	5400	4980	4980	5040	5520	4020	4860	4560	5280	5520	4260	4200	4560	4740	4260	5340	4620	4440	3840	5280	5700	4800	4800	4440	4980	4500	4920	5820	4680	4560	5940	3900	5460	5760	5160	4800	4800	4680	5100	
additionalPoiTime-------------	296401.9
algorithmTime-----------------	2.7513824351992E10
Total Transferred Metadata----	2479

Photo List Size: 987
Gained Coverage %-------------	0.7805277777777778
Gained Redundancy %-----------	0.062022328941427576
Total Cluster Created---------	0
Total Transferred Photo-------	38772
Total Photo at Destination----	1015
Coverage Group----------------	1-30	31-60	61-90	91-120	121-150	151-180	181-210	211-240	241-270	271-300	301-330	331-360	
Coverage Distribution---------	0	1	0	2	3	4	7	5	15	12	25	26	
Ratio Group-------------------	.0	.1	.2	.3	.4	.5	.6	.7	.8	.9	1.0	
Coverage Ratio----------------	0	0	1	0	4	5	8	14	10	30	28	
Redundant Ratio---------------	3	76	21	0	0	0	0	0	0	0	0	
NumberOfPoint Group-----------	0	1	2	3	
NumOfPoint Distribution-------	6	26	12	6	
SD Group----------------------	0-1	1-2	2-3	3-4	4-5	5-6	6-7	7-8	8-9	9-10	10-11	
SD Distribution---------------	57	4	1	4	4	3	10	6	4	2	5	
Half Coverage Group-----------	0-16038847	16038847-32077694	32077694-48116541	48116541-64155388	64155388-80194235	80194235-96233082	96233082-112271929	112271929-128310776	128310776-144349623	144349623-160388470	160388470-176427317	
Half Cvg Time Distribution----	2	13	55	12	8	0	0	0	0	0	0	
Transferred Photo Group-------	0-16038847	16038847-32077694	32077694-48116541	48116541-64155388	64155388-80194235	80194235-96233082	96233082-112271929	112271929-128310776	128310776-144349623	144349623-160388470	160388470-176427317	
Photo Time Distribution-------	11060	28913	36446	31358	16065	621	427	1535	498	67	0	

Cvg&Red Distribution----------	0.0	2.0	3.2077694E7	6.4155388E7	1.28310776E8	1.6038847E8	9.6233082E7	
Average PhotoNum--------------	49.51111111111111	49.51111111111111	68.06666666666666	77.17777777777778	80.37222222222222	80.52222222222223	78.4888888888889	
Nodes Above Average-----------	97	97	95	119	127	127	121	
Nodes Below Average-----------	83	83	85	61	53	53	59	

Average Coverage--------------	2831.8055555555557	2831.8055555555557	3792.5555555555557	4263.722222222223	4424.961111111111	4436.472222222223	4329.472222222223	
Nodes Above Average-----------	96	96	97	121	127	127	121	
Nodes Below Average-----------	84	84	83	59	53	53	59	
Photos Above Average----------	65	65	93	98	98	98	98	
Photos Below Average----------	30	30	37	33	36	36	36	
Network Coverage--------------	36000	36000	36000	36000	36000	36000	36000	

Average Redundancy------------	138.86111111111111	138.86111111111111	291.44444444444446	366.94444444444446	397.3722222222222	394.8611111111111	379.8611111111111	
Nodes Above Average-----------	77	77	86	100	103	104	101	
Nodes Below Average-----------	103	103	94	80	77	76	79	
Photos Above Average----------	65	65	95	98	98	98	98	
Photos Below Average----------	37	37	42	50	55	55	52	
Network Redundancy------------	498720	498720	699120	797520	832020	833640	811680	

