Message stats for scenario Photo_1250-Scenario_4-ActualPOI_50
sim_time: 160388470.0000

Photo List Size: 1109
coverageValue-----------------	208	120	181	120	60	120	120	160	180	215	217	60	180	60	235	136	148	258	120	60	120	213	164	86	264	60	0	60	120	60	133	147	60	169	243	221	60	225	229	120	82	110	120	60	120	60	147	180	161	159	121	107	204	60	79	60	120	169	95	145	107	120	60	120	309	120	111	180	60	180	261	154	180	215	128	0	60	226	121	276	120	148	232	60	120	145	120	134	133	166	162	196	149	208	161	93	132	216	135	177	
redundantCoverageValue--------	152	0	239	0	0	0	0	80	0	25	23	0	0	0	125	44	32	42	0	0	0	27	16	34	36	0	0	0	0	0	47	33	0	11	57	79	0	75	131	0	38	10	0	0	0	0	93	0	19	21	59	13	36	0	41	0	0	131	25	35	13	0	0	0	171	0	69	0	0	0	39	26	0	25	52	0	0	14	59	24	0	32	8	0	0	35	0	106	107	14	138	44	151	152	19	147	48	24	105	123	
halfCoverageTime--------------	33906493.0	.0	33906518.0	.0	.0	.0	.0	.0	32960340.0	64732445.0	64582391.0	.0	64139257.0	.0	64666207.0	.0	.0	63507429.0	.0	.0	.0	64666241.0	.0	.0	33178430.0	.0	.0	.0	.0	.0	.0	.0	.0	.0	63271969.0	64666192.0	.0	64582411.0	32675984.0	.0	.0	.0	.0	.0	.0	.0	.0	33178450.0	.0	.0	.0	.0	63704073.0	.0	.0	.0	.0	.0	.0	.0	.0	.0	.0	.0	32008280.0	.0	.0	2334922.0	.0	64666139.0	32960350.0	.0	32008306.0	32868707.0	.0	.0	.0	33298108.0	.0	32008402.0	.0	.0	33266799.0	.0	.0	.0	.0	.0	.0	.0	.0	32960315.0	.0	33178440.0	.0	.0	.0	32686123.0	.0	.0	
numberOfPoint-----------------	1	1	1	1	1	1	1	1	1	1	1	1	1	1	1	1	1	1	1	1	1	1	1	1	1	1	1	1	1	1	1	1	1	1	1	1	1	1	1	1	1	1	1	1	1	1	1	1	1	1	2	2	2	6	4	2	1	5	2	2	2	1	1	1	3	7	2	10	5	4	1	2	6	6	1	2	1	5	3	4	1	16	3	3	3	3	4	1	1	2	8	3	2	7	1	2	6	2	2	2	
standardDeviation-------------	.0	.0	.0	.0	.0	.0	.0	.0	.0	.0	.0	.0	.0	.0	.0	.0	.0	.0	.0	.0	.0	.0	.0	.0	.0	.0	.0	.0	.0	.0	.0	.0	.0	.0	.0	.0	.0	.0	.0	.0	.0	.0	.0	.0	.0	.0	.0	.0	.0	.0	2.48	7.86	6.16	4.43	7.59	7.54	3.41	9.28	6.38	8.66	6.9	.85	9.35	1.2	9.09	7.23	5.31	6.07	8.32	9.14	2.78	9.54	8.92	5.65	2.55	5.12	6.45	5.96	7.84	6.05	8.93	8.93	8.05	7.19	6.86	6.62	7.71	6.17	1.99	3.47	5.46	3.72	4.98	8.83	4.78	5.13	4.28	6.24	6.9	7.11	
initialCoverageValue----------	350	334	285	287	289	316	360	249	348	346	300	284	360	283	360	345	254	327	348	253	257	357	316	340	356	341	299	331	304	331	350	318	208	336	345	340	360	348	344	304	276	314	329	325	328	334	313	312	270	318	332	353	332	290	301	262	273	309	304	260	352	360	236	283	338	202	291	320	262	280	331	340	346	281	263	332	358	334	359	360	332	321	302	217	294	308	339	289	284	307	311	355	337	332	262	274	236	356	331	268	
initialRedundantCoverageValue-	490	626	735	373	491	524	660	291	492	554	360	256	660	257	720	435	346	453	552	467	163	483	464	500	304	379	661	509	476	389	490	282	272	504	435	380	360	672	736	416	324	106	271	575	392	506	407	768	510	162	448	667	508	250	179	218	267	531	176	400	548	540	124	137	562	338	489	280	218	320	389	440	494	319	217	208	182	566	421	780	268	279	178	143	366	292	381	371	316	413	349	845	443	508	518	386	364	544	509	632	
additionalPoiTime-------------	4071626.1
algorithmTime-----------------	920405.9
Total Transferred Metadata----	3628

Photo List Size: 1109
Gained Coverage %-------------	0.4511080465668195
Gained Redundancy %-----------	0.08517838842679759
Total Cluster Created---------	50
Total Transferred Photo-------	856
Total Photo at Destination----	295
Coverage Group----------------	1-30	31-60	61-90	91-120	121-150	151-180	181-210	211-240	241-270	271-300	301-330	331-360	
Coverage Distribution---------	2	17	3	23	16	17	5	11	4	1	1	0	
Ratio Group-------------------	.0	.1	.2	.3	.4	.5	.6	.7	.8	.9	1.0	
Coverage Ratio----------------	2	0	7	13	21	17	17	14	8	0	1	
Redundant Ratio---------------	42	24	18	9	7	0	0	0	0	0	0	
NumberOfPoint Group-----------	0	1	2	3	4	5	6	7	8	9	10	11	12	13	14	15	16	
NumOfPoint Distribution-------	0	11	16	7	4	3	4	2	1	0	1	0	0	0	0	0	1	
SD Group----------------------	0-1	1-2	2-3	3-4	4-5	5-6	6-7	7-8	8-9	9-10	
SD Distribution---------------	51	2	3	3	4	6	11	8	7	5	
Half Coverage Group-----------	0-16038847	16038847-32077694	32077694-48116541	48116541-64155388	64155388-80194235	80194235-96233082	96233082-112271929	112271929-128310776	128310776-144349623	144349623-160388470	160388470-176427317	
Half Cvg Time Distribution----	1	3	13	4	7	0	0	0	0	0	0	
Transferred Photo Group-------	0-16038847	16038847-32077694	32077694-48116541	48116541-64155388	64155388-80194235	80194235-96233082	96233082-112271929	112271929-128310776	128310776-144349623	144349623-160388470	160388470-176427317	
Photo Time Distribution-------	159	466	733	225	140	7	0	9	5	0	0	

Cvg&Red Distribution----------	0.0	2.0	3.2077694E7	6.4155388E7	1.28310776E8	1.6038847E8	9.6233082E7	
Average PhotoNum--------------	6.555555555555555	6.555555555555555	6.683333333333334	6.561111111111111	6.638888888888889	6.638888888888889	6.638888888888889	
Nodes Above Average-----------	101	101	101	90	89	89	89	
Nodes Below Average-----------	79	79	79	90	91	91	91	

Average Coverage--------------	389.73333333333335	389.73333333333335	397.28333333333336	390.03333333333336	394.56111111111113	394.56111111111113	394.56111111111113	
Nodes Above Average-----------	100	100	99	90	88	88	88	
Nodes Below Average-----------	80	80	81	90	92	92	92	
Photos Above Average----------	8	8	8	8	9	9	9	
Photos Below Average----------	4	4	4	4	4	4	4	
Network Coverage--------------	30869	30869	30740	29915	29836	29836	29836	

Average Redundancy------------	3.6	3.6	3.716666666666667	3.6333333333333333	3.772222222222222	3.772222222222222	3.772222222222222	
Nodes Above Average-----------	20	20	21	20	20	20	20	
Nodes Below Average-----------	160	160	159	160	160	160	160	
Photos Above Average----------	8	8	9	9	9	9	9	
Photos Below Average----------	6	6	6	6	6	6	6	
Network Redundancy------------	39931	39931	41440	40945	41864	41864	41864	

