Message stats for scenario Photo_5000-Scenario_7-ActualPOI_50
sim_time: 160388470.0000

Photo List Size: 4495
coverageValue-----------------	294	312	286	255	282	275	268	319	297	360	349	210	190	232	97	191	252	309	233	246	215	243	211	258	202	228	268	95	243	188	209	231	188	310	272	173	297	167	336	208	321	273	243	301	227	259	217	244	337	123	290	322	327	285	238	313	260	321	309	310	217	262	172	294	151	343	247	212	254	200	333	301	352	202	294	357	328	299	279	336	261	223	183	335	233	354	299	169	264	168	180	309	319	214	311	222	336	229	243	349	
redundantCoverageValue--------	126	168	134	165	138	265	92	341	243	540	671	210	290	188	83	109	108	231	67	54	205	117	269	222	98	192	92	25	237	112	271	249	232	170	88	127	123	73	204	212	339	267	117	119	133	401	83	236	443	57	70	338	153	255	182	347	220	219	351	230	83	458	8	186	29	377	113	148	46	280	147	299	668	218	666	423	512	121	261	384	99	257	117	325	307	246	301	11	276	132	0	291	281	86	469	258	264	131	237	191	
halfCoverageTime--------------	32960362.0	32868762.0	32960535.0	64666296.0	64582421.0	32960432.0	33906603.0	32264347.0	63507429.0	32159425.0	32159364.0	32675978.0	64666205.0	64666571.0	.0	64582501.0	32960540.0	32761721.0	63849959.0	33298098.0	33985362.0	63849944.0	64666416.0	64666139.0	33195364.0	33178420.0	32761757.0	.0	32264597.0	64666396.0	63507475.0	63704148.0	64582391.0	32686153.0	32761691.0	.0	32686138.0	.0	63704253.0	33906573.0	33195254.0	32686083.0	33985312.0	32960530.0	33985392.0	33985387.0	33985317.0	33532159.0	32868757.0	.0	32868732.0	32761716.0	32264272.0	32008414.0	63704218.0	32008300.0	32159108.0	32159390.0	32761656.0	32686203.0	64666271.0	32510968.0	.0	32761696.0	.0	32264352.0	32761651.0	64666236.0	32264342.0	63704168.0	32761726.0	32761773.0	32159455.0	63704098.0	32686118.0	32061618.0	32159410.0	32008306.0	32264442.0	33985332.0	64666190.0	63507530.0	64666376.0	32264467.0	32264607.0	33178430.0	32264432.0	.0	32686143.0	.0	33195324.0	32761686.0	32761681.0	64666682.0	32008368.0	32264377.0	32008280.0	63704108.0	33906568.0	32960382.0	
numberOfPoint-----------------	1	1	1	1	1	1	1	1	1	1	1	1	1	1	1	1	1	1	1	1	1	1	1	1	1	1	1	1	1	1	1	1	1	1	1	1	1	1	1	1	1	1	1	1	1	1	1	1	1	1	3	9	5	1	5	2	1	3	4	2	2	8	2	3	3	2	4	3	6	3	1	4	14	6	3	3	5	2	2	3	2	3	2	2	5	3	5	4	7	6	5	3	5	3	7	4	5	1	5	4	
standardDeviation-------------	.0	.0	.0	.0	.0	.0	.0	.0	.0	.0	.0	.0	.0	.0	.0	.0	.0	.0	.0	.0	.0	.0	.0	.0	.0	.0	.0	.0	.0	.0	.0	.0	.0	.0	.0	.0	.0	.0	.0	.0	.0	.0	.0	.0	.0	.0	.0	.0	.0	.0	7.58	9.11	7.93	4.8	5.75	6.38	.28	9.3	5.0	7.03	5.87	6.12	5.71	2.91	9.33	5.89	7.44	4.84	7.56	8.45	2.14	8.45	7.61	7.56	8.76	6.28	6.89	5.79	6.16	6.79	5.86	6.98	7.33	8.3	6.2	6.53	6.03	6.69	6.3	6.76	6.59	7.4	6.53	8.64	6.02	7.11	7.2	10.74	6.29	8.01	
initialCoverageValue----------	360	360	360	360	360	360	360	360	360	360	360	360	360	360	360	360	360	360	360	360	360	360	360	360	360	360	360	355	360	360	360	360	360	360	360	360	360	360	360	360	360	360	360	360	360	360	360	360	360	360	360	360	360	360	360	360	360	360	360	360	360	360	360	360	360	360	360	342	360	360	360	360	360	360	360	360	360	360	360	360	360	360	360	360	360	360	360	360	360	360	360	360	360	360	360	360	360	360	360	360	
initialRedundantCoverageValue-	2400	2760	2400	2640	2280	2340	2400	2520	2340	2640	3060	2220	2580	2640	1980	2040	2520	2580	2280	2220	2280	2160	2880	2520	2340	2700	2280	1625	2340	2160	1860	3060	2580	1980	2820	2280	2460	2400	2460	1980	3000	2280	2700	1980	2220	2520	2520	2040	2640	2100	2100	2580	2520	2220	2700	3000	2580	2700	2700	2340	2700	2760	2280	1860	2040	1920	2640	1758	2400	2400	1920	3420	3060	2100	2640	3660	3180	2340	2160	2700	2220	2220	2040	2040	2640	2760	3000	1860	3000	2760	2340	2460	2520	2340	1980	2760	2760	2400	2040	3060	
additionalPoiTime-------------	2.145949756E8
algorithmTime-----------------	1.48668953E7
Total Transferred Metadata----	3614

Photo List Size: 4495
Gained Coverage %-------------	0.7213775467659894
Gained Redundancy %-----------	0.0891599170833623
Total Cluster Created---------	50
Total Transferred Photo-------	1886
Total Photo at Destination----	799
Coverage Group----------------	1-30	31-60	61-90	91-120	121-150	151-180	181-210	211-240	241-270	271-300	301-330	331-360	
Coverage Distribution---------	0	0	0	2	1	7	11	16	18	15	17	13	
Ratio Group-------------------	.0	.1	.2	.3	.4	.5	.6	.7	.8	.9	1.0	
Coverage Ratio----------------	0	0	0	2	1	7	14	21	17	23	15	
Redundant Ratio---------------	1	63	31	5	0	0	0	0	0	0	0	
NumberOfPoint Group-----------	0	1	2	3	4	5	6	7	8	9	10	11	12	13	14	
NumOfPoint Distribution-------	0	4	10	13	6	9	3	2	1	1	0	0	0	0	1	
SD Group----------------------	0-1	1-2	2-3	3-4	4-5	5-6	6-7	7-8	8-9	9-10	10-11	
SD Distribution---------------	51	0	2	0	3	6	17	11	6	3	1	
Half Coverage Group-----------	0-16038847	16038847-32077694	32077694-48116541	48116541-64155388	64155388-80194235	80194235-96233082	96233082-112271929	112271929-128310776	128310776-144349623	144349623-160388470	160388470-176427317	
Half Cvg Time Distribution----	0	6	60	11	14	0	0	0	0	0	0	
Transferred Photo Group-------	0-16038847	16038847-32077694	32077694-48116541	48116541-64155388	64155388-80194235	80194235-96233082	96233082-112271929	112271929-128310776	128310776-144349623	144349623-160388470	160388470-176427317	
Photo Time Distribution-------	552	1922	2701	963	703	39	0	55	37	0	0	

Cvg&Red Distribution----------	0.0	2.0	3.2077694E7	6.4155388E7	1.28310776E8	1.6038847E8	9.6233082E7	
Average PhotoNum--------------	26.63888888888889	26.63888888888889	27.13888888888889	27.433333333333334	27.872222222222224	27.866666666666667	27.872222222222224	
Nodes Above Average-----------	102	102	97	90	90	90	90	
Nodes Below Average-----------	78	78	83	90	90	90	90	

Average Coverage--------------	1559.4666666666667	1559.4666666666667	1587.3944444444444	1603.9333333333334	1627.8111111111111	1627.4777777777779	1627.8111111111111	
Nodes Above Average-----------	103	103	100	89	86	86	86	
Nodes Below Average-----------	77	77	80	91	94	94	94	
Photos Above Average----------	33	33	34	36	37	37	37	
Photos Below Average----------	17	17	17	18	18	18	18	
Network Coverage--------------	35972	35972	35972	35972	35972	35972	35972	

Average Redundancy------------	38.86666666666667	38.86666666666667	40.93888888888889	42.06666666666667	44.522222222222226	44.522222222222226	44.522222222222226	
Nodes Above Average-----------	72	72	73	71	69	69	69	
Nodes Below Average-----------	108	108	107	109	111	111	111	
Photos Above Average----------	32	32	33	34	36	36	36	
Photos Below Average----------	22	22	22	22	22	22	22	
Network Redundancy------------	251728	251728	257128	260308	265048	264988	265048	

