Message stats for scenario Photo_2500-Scenario_4-ActualPOI_50
sim_time: 160388470.0000

Photo List Size: 2145
coverageValue-----------------	147	195	242	123	173	277	311	190	252	237	173	316	144	161	194	208	289	120	65	175	224	185	120	201	120	76	259	149	206	259	220	231	157	130	231	237	156	216	244	340	261	180	287	180	253	319	198	132	204	60	149	266	267	120	253	277	180	180	60	193	201	193	92	131	262	293	180	227	120	189	203	120	99	229	153	199	248	244	180	120	333	126	161	60	174	220	60	180	142	211	60	120	131	60	190	282	137	275	308	191	
redundantCoverageValue--------	93	45	178	57	67	203	49	110	168	63	67	104	36	19	106	92	131	0	55	5	136	55	0	39	0	44	41	31	94	101	20	9	83	50	129	3	24	24	236	200	99	0	193	0	47	161	42	48	96	0	31	154	273	0	47	83	0	0	0	47	99	107	88	49	98	127	0	13	0	111	97	0	21	11	27	41	52	56	120	0	147	54	79	0	6	80	0	0	38	29	0	0	49	0	50	18	43	145	172	49	
halfCoverageTime--------------	.0	33906588.0	33036185.0	.0	.0	32159133.0	63507434.0	64666248.0	64666198.0	64666164.0	.0	32868762.0	.0	.0	33195264.0	63704088.0	32686133.0	.0	.0	.0	32868772.0	33195294.0	.0	64732430.0	.0	.0	64666169.0	.0	63849912.0	63704138.0	64666291.0	33266770.0	.0	.0	32761686.0	33007252.0	.0	33906503.0	33178425.0	33205464.0	63704128.0	33298108.0	32676008.0	63507480.0	32264592.0	32159103.0	33266834.0	.0	64666301.0	.0	.0	32686138.0	33266788.0	.0	32761701.0	32675972.0	32868747.0	33178440.0	.0	64666258.0	63704178.0	31744040.0	.0	.0	32761661.0	33178450.0	64666243.0	32761666.0	.0	64666124.0	63704118.0	.0	.0	63704073.0	.0	33195249.0	32008519.0	32008228.0	32510968.0	.0	32686158.0	.0	.0	.0	.0	33298103.0	.0	63507464.0	.0	33298118.0	.0	.0	.0	.0	32960330.0	32686123.0	.0	32159108.0	32686083.0	33985342.0	
numberOfPoint-----------------	1	1	1	1	1	1	1	1	1	1	1	1	1	1	1	1	1	1	1	1	1	1	1	1	1	1	1	1	1	1	1	1	1	1	1	1	1	1	1	1	1	1	1	1	1	1	1	1	1	1	4	3	2	3	9	4	2	5	2	2	2	3	5	3	4	4	4	2	1	6	6	10	2	2	6	1	1	2	6	3	3	6	6	4	6	22	2	2	3	4	1	1	3	2	3	3	2	3	2	3	
standardDeviation-------------	.0	.0	.0	.0	.0	.0	.0	.0	.0	.0	.0	.0	.0	.0	.0	.0	.0	.0	.0	.0	.0	.0	.0	.0	.0	.0	.0	.0	.0	.0	.0	.0	.0	.0	.0	.0	.0	.0	.0	.0	.0	.0	.0	.0	.0	.0	.0	.0	.0	.0	5.11	4.78	5.23	9.89	8.32	8.88	4.66	7.78	5.8	4.96	5.89	6.25	4.15	7.34	9.92	7.57	4.94	6.45	2.6	5.89	8.66	7.82	10.22	10.96	9.86	3.06	3.14	5.09	6.72	5.7	7.28	4.43	9.0	8.57	5.48	7.37	8.21	4.61	7.64	5.88	4.86	1.0	5.39	4.04	5.9	7.4	5.71	6.27	5.68	9.76	
initialCoverageValue----------	360	347	360	336	360	360	360	349	360	358	360	360	360	357	360	356	360	360	360	360	337	360	354	360	360	356	360	360	360	360	333	360	360	359	360	336	360	360	345	360	348	360	352	360	360	360	357	353	346	291	360	360	360	348	360	360	360	360	360	360	360	347	360	319	360	360	352	360	360	360	330	360	360	343	360	360	347	360	341	343	360	345	352	360	340	360	342	360	328	332	360	360	326	324	360	360	360	360	360	360	
initialRedundantCoverageValue-	780	793	1440	1044	1500	1080	1080	851	1800	662	1260	1500	1140	903	1260	844	1320	1260	1200	960	1043	1440	846	780	660	964	1440	780	1020	1260	927	1800	1080	901	1140	744	1260	1260	1095	1380	1032	780	668	1200	1560	1440	1083	907	854	489	1200	1320	1440	1032	1140	1080	1260	900	960	840	840	1093	1500	761	1080	1260	1208	1200	720	1560	1110	1140	1680	1037	1020	1200	913	1020	979	977	1140	1215	728	780	860	1020	858	1320	332	808	1260	840	994	996	1200	1320	1020	1320	1140	1200	
additionalPoiTime-------------	2.45233572E7
algorithmTime-----------------	3385221.7
Total Transferred Metadata----	3616

Photo List Size: 2145
Gained Coverage %-------------	0.5393423619553847
Gained Redundancy %-----------	0.058745880680506964
Total Cluster Created---------	50
Total Transferred Photo-------	1251
Total Photo at Destination----	427
Coverage Group----------------	1-30	31-60	61-90	91-120	121-150	151-180	181-210	211-240	241-270	271-300	301-330	331-360	
Coverage Distribution---------	0	6	2	10	12	16	17	11	13	7	4	2	
Ratio Group-------------------	.0	.1	.2	.3	.4	.5	.6	.7	.8	.9	1.0	
Coverage Ratio----------------	0	0	6	4	14	19	20	13	15	7	2	
Redundant Ratio---------------	20	58	20	2	0	0	0	0	0	0	0	
NumberOfPoint Group-----------	0	1	2	3	4	5	6	7	8	9	10	11	12	13	14	15	16	17	18	19	20	21	22	
NumOfPoint Distribution-------	0	5	14	12	7	2	7	0	0	1	1	0	0	0	0	0	0	0	0	0	0	0	1	
SD Group----------------------	0-1	1-2	2-3	3-4	4-5	5-6	6-7	7-8	8-9	9-10	10-11	
SD Distribution---------------	50	1	1	2	9	13	4	8	5	5	2	
Half Coverage Group-----------	0-16038847	16038847-32077694	32077694-48116541	48116541-64155388	64155388-80194235	80194235-96233082	96233082-112271929	112271929-128310776	128310776-144349623	144349623-160388470	160388470-176427317	
Half Cvg Time Distribution----	0	3	38	10	10	0	0	0	0	0	0	
Transferred Photo Group-------	0-16038847	16038847-32077694	32077694-48116541	48116541-64155388	64155388-80194235	80194235-96233082	96233082-112271929	112271929-128310776	128310776-144349623	144349623-160388470	160388470-176427317	
Photo Time Distribution-------	288	971	1152	363	290	9	0	13	6	0	0	

Cvg&Red Distribution----------	0.0	2.0	3.2077694E7	6.4155388E7	1.28310776E8	1.6038847E8	9.6233082E7	
Average PhotoNum--------------	12.672222222222222	12.672222222222222	13.033333333333333	13.077777777777778	13.3	13.3	13.3	
Nodes Above Average-----------	101	101	90	81	81	81	81	
Nodes Below Average-----------	79	79	90	99	99	99	99	

Average Coverage--------------	754.1222222222223	754.1222222222223	775.5444444444445	777.6388888888889	790.8611111111111	790.8611111111111	790.8611111111111	
Nodes Above Average-----------	99	99	100	93	80	80	80	
Nodes Below Average-----------	81	81	80	87	100	100	100	
Photos Above Average----------	16	16	17	17	18	18	18	
Photos Below Average----------	8	8	8	8	8	8	8	
Network Coverage--------------	35170	35170	35168	35000	34977	34977	34977	

Average Redundancy------------	6.211111111111111	6.211111111111111	6.455555555555556	7.027777777777778	7.138888888888889	7.138888888888889	7.138888888888889	
Nodes Above Average-----------	32	32	33	31	32	32	32	
Nodes Below Average-----------	148	148	147	149	148	148	148	
Photos Above Average----------	15	15	16	16	16	16	16	
Photos Below Average----------	11	11	12	12	12	12	12	
Network Redundancy------------	101690	101690	105592	106240	108663	108663	108663	

