Message stats for scenario Photo_10000-Scenario_5-ActualPOI_50
sim_time: 160388470.0000

Photo List Size: 8411
coverageValue-----------------	352	360	297	298	327	255	295	336	219	251	285	321	317	307	304	342	350	314	359	311	335	360	335	227	360	354	305	349	352	280	291	325	308	347	357	257	333	344	317	269	314	330	295	310	341	318	296	357	348	348	186	275	284	280	180	234	311	287	199	227	291	266	142	303	212	327	207	201	198	249	302	316	226	179	276	280	120	246	177	0	165	120	249	327	254	242	235	221	290	218	256	219	310	327	207	274	222	297	245	226	
redundantCoverageValue--------	248	300	123	182	213	165	65	264	201	349	195	339	103	353	56	258	190	166	361	289	385	360	205	253	240	246	115	191	248	80	249	215	232	193	363	283	447	136	283	151	346	90	185	290	379	162	184	243	192	192	54	25	76	260	0	126	229	373	41	313	69	214	98	177	148	213	213	219	162	351	178	104	14	241	204	80	0	174	63	0	75	0	111	333	166	238	125	19	250	262	104	261	290	393	213	146	378	183	175	134	
halfCoverageTime--------------	33195269.0	32960377.0	33178435.0	32868697.0	32686093.0	32264247.0	32761778.0	32159565.0	32761691.0	32686148.0	32159490.0	32686188.0	63507480.0	32264377.0	63704278.0	32159390.0	32159198.0	33384256.0	32264252.0	32159103.0	33906508.0	32960315.0	33178425.0	33266759.0	32761830.0	32868707.0	33985322.0	33195374.0	32761681.0	64666185.0	32159470.0	32761732.0	32868742.0	32960530.0	32264397.0	64666119.0	32008549.0	32264457.0	32008684.0	64666164.0	32061674.0	33195344.0	33298093.0	32960504.0	32159380.0	32686158.0	32868717.0	32061608.0	32761810.0	32761676.0	63849979.0	32008529.0	32686203.0	32159163.0	32159405.0	63704158.0	32008402.0	32868787.0	33906583.0	32761840.0	32868702.0	32095139.0	.0	33906618.0	64666139.0	32008356.0	32095124.0	32675972.0	33195319.0	32008469.0	33384271.0	32159525.0	32159550.0	.0	33985367.0	32159515.0	.0	32008439.0	.0	.0	.0	.0	32159505.0	32008233.0	63849954.0	32675990.0	32264257.0	33266754.0	32960432.0	33266804.0	32008351.0	63704123.0	32008584.0	32008429.0	64139267.0	32008346.0	33195369.0	32960447.0	32761820.0	32264317.0	
numberOfPoint-----------------	1	1	1	1	1	1	1	1	1	1	1	1	1	1	1	1	1	1	1	1	1	1	1	1	1	1	1	1	1	1	1	1	1	1	1	1	1	1	1	1	1	1	1	1	1	1	1	1	1	1	4	2	2	3	2	7	2	9	5	2	3	4	8	9	4	6	2	3	4	3	6	6	4	9	2	4	3	2	3	1	2	3	4	3	3	5	2	2	2	4	3	3	7	2	2	5	4	4	5	3	
standardDeviation-------------	.0	.0	.0	.0	.0	.0	.0	.0	.0	.0	.0	.0	.0	.0	.0	.0	.0	.0	.0	.0	.0	.0	.0	.0	.0	.0	.0	.0	.0	.0	.0	.0	.0	.0	.0	.0	.0	.0	.0	.0	.0	.0	.0	.0	.0	.0	.0	.0	.0	.0	6.87	8.84	9.27	8.17	6.11	7.12	9.43	7.19	8.66	5.72	6.76	6.98	7.0	5.87	9.91	5.78	6.02	6.56	8.36	5.04	7.47	8.08	6.8	6.05	5.82	6.08	5.73	4.78	10.63	4.34	8.25	8.81	8.1	6.74	6.25	8.99	6.84	5.84	5.83	6.97	7.21	5.07	8.58	5.38	7.88	6.88	9.81	5.86	8.05	7.41	
initialCoverageValue----------	360	360	360	360	360	360	360	360	360	360	360	360	360	360	360	360	360	360	360	360	360	360	360	360	360	360	360	360	360	360	360	360	360	360	360	360	360	360	360	360	360	360	360	360	360	360	360	360	360	360	360	360	360	360	360	360	360	360	360	360	360	360	360	360	360	360	360	360	360	360	360	360	360	360	360	360	360	360	360	360	360	360	360	360	360	360	360	360	360	360	360	360	360	360	360	360	360	360	360	360	
initialRedundantCoverageValue-	4680	5400	5280	6000	4860	4560	5040	4140	5340	4380	5160	5640	4920	5400	4200	5220	4620	4560	5760	5100	5040	4980	5100	4440	4380	5640	4860	4380	5040	4260	5220	4320	4140	4800	5280	4860	5340	5340	3720	4380	4380	4920	4440	4020	4440	5280	5040	5460	5160	5340	4020	4980	4560	5220	4500	4800	5100	5160	4980	5040	4020	4620	4740	5040	5640	4620	4260	4920	4620	4980	5040	4860	4920	4500	5580	5220	4560	4680	5160	4260	5100	4560	4920	5580	4740	4380	4860	4560	5460	4980	4860	4380	5640	4500	4860	4620	5400	5100	4260	4980	
additionalPoiTime-------------	0.0
algorithmTime-----------------	5.82039731E7
Total Transferred Metadata----	3610

Photo List Size: 8411
Gained Coverage %-------------	0.77075
Gained Redundancy %-----------	0.04075832305795314
Total Cluster Created---------	50
Total Transferred Photo-------	1964
Total Photo at Destination----	795
Coverage Group----------------	1-30	31-60	61-90	91-120	121-150	151-180	181-210	211-240	241-270	271-300	301-330	331-360	
Coverage Distribution---------	1	0	0	2	1	4	6	12	12	18	23	21	
Ratio Group-------------------	.0	.1	.2	.3	.4	.5	.6	.7	.8	.9	1.0	
Coverage Ratio----------------	1	0	0	0	3	4	7	17	15	26	27	
Redundant Ratio---------------	4	96	0	0	0	0	0	0	0	0	0	
NumberOfPoint Group-----------	0	1	2	3	4	5	6	7	8	9	
NumOfPoint Distribution-------	0	1	14	12	10	4	3	2	1	3	
SD Group----------------------	0-1	1-2	2-3	3-4	4-5	5-6	6-7	7-8	8-9	9-10	10-11	
SD Distribution---------------	50	0	0	0	2	11	14	7	11	4	1	
Half Coverage Group-----------	0-16038847	16038847-32077694	32077694-48116541	48116541-64155388	64155388-80194235	80194235-96233082	96233082-112271929	112271929-128310776	128310776-144349623	144349623-160388470	160388470-176427317	
Half Cvg Time Distribution----	0	14	68	7	4	0	0	0	0	0	0	
Transferred Photo Group-------	0-16038847	16038847-32077694	32077694-48116541	48116541-64155388	64155388-80194235	80194235-96233082	96233082-112271929	112271929-128310776	128310776-144349623	144349623-160388470	160388470-176427317	
Photo Time Distribution-------	938	2310	3844	1053	779	17	0	24	19	0	0	

Cvg&Red Distribution----------	0.0	2.0	3.2077694E7	6.4155388E7	1.28310776E8	1.6038847E8	9.6233082E7	
Average PhotoNum--------------	49.51111111111111	49.51111111111111	50.361111111111114	51.355555555555554	51.75	51.75	51.75	
Nodes Above Average-----------	97	97	96	90	89	89	89	
Nodes Below Average-----------	83	83	84	90	91	91	91	

Average Coverage--------------	2831.927777777778	2831.927777777778	2878.1444444444446	2928.061111111111	2948.061111111111	2948.061111111111	2948.061111111111	
Nodes Above Average-----------	96	96	97	93	92	92	92	
Nodes Below Average-----------	84	84	83	87	88	88	88	
Photos Above Average----------	65	65	67	69	70	70	70	
Photos Below Average----------	30	30	30	31	31	31	31	
Network Coverage--------------	36000	36000	36000	36000	36000	36000	36000	

Average Redundancy------------	138.73888888888888	138.73888888888888	143.5222222222222	153.2722222222222	156.9388888888889	156.9388888888889	156.9388888888889	
Nodes Above Average-----------	82	82	80	78	75	75	75	
Nodes Below Average-----------	98	98	100	102	105	105	105	
Photos Above Average----------	64	64	66	69	71	71	71	
Photos Below Average----------	36	36	37	37	37	37	37	
Network Redundancy------------	498720	498720	507900	518640	522900	522900	522900	

