Message stats for scenario Photo_5000-Scenario_6-ActualPOI_50
sim_time: 160388470.0000

Photo List Size: 846
coverageValue-----------------	306	313	278	273	191	169	272	312	283	120	300	283	327	266	330	299	323	300	254	137	232	264	236	223	307	245	275	280	334	274	237	193	270	178	241	285	342	277	322	251	325	255	225	290	216	224	321	302	275	334	340	221	182	109	245	328	279	339	129	317	254	322	210	274	330	327	205	285	202	307	301	240	221	284	229	319	282	315	250	325	285	227	301	276	218	215	224	309	211	168	190	157	273	325	342	298	268	260	217	338	
redundantCoverageValue--------	294	527	562	147	349	11	88	468	137	0	180	137	333	214	330	541	277	240	226	43	188	156	64	137	233	55	265	140	326	326	63	107	390	242	119	255	318	203	98	109	395	285	255	190	264	316	459	178	205	446	680	199	58	131	115	392	261	561	51	283	46	398	90	266	390	453	95	315	218	233	359	60	139	196	251	281	138	105	50	455	75	313	299	264	82	145	196	411	29	192	50	23	207	275	318	302	212	160	203	622	
halfCoverageTime--------------	32960437.0	32061724.0	33178445.0	32159525.0	33195299.0	.0	63849984.0	2334932.0	33906513.0	.0	32960462.0	32960442.0	64139277.0	33384276.0	32868702.0	32960432.0	32008459.0	32159480.0	33906563.0	.0	32960488.0	32686128.0	32960382.0	63507459.0	32008346.0	64666134.0	33985412.0	33205475.0	32061704.0	32159158.0	32960457.0	33906598.0	33195294.0	.0	33205487.0	32095124.0	32960478.0	33985357.0	2334920.0	64582471.0	32264417.0	32264272.0	32159400.0	33384256.0	32159380.0	64666149.0	32686138.0	32159425.0	1746462.0	32159108.0	32159395.0	32008429.0	64666331.0	.0	33384286.0	32264312.0	32676002.0	32008454.0	.0	32008489.0	33195284.0	32008514.0	64666341.0	32095139.0	32264422.0	32159183.0	33384396.0	32159113.0	33384371.0	32095144.0	33384406.0	32960356.0	63849974.0	32008544.0	33195344.0	32686208.0	64139247.0	32264347.0	32960498.0	32264342.0	33384401.0	32675966.0	32159198.0	32960377.0	33266794.0	33906518.0	.0	32761706.0	64666727.0	.0	63849964.0	.0	32960320.0	32008519.0	32264277.0	32264247.0	32264302.0	63507444.0	64666119.0	32008549.0	
numberOfPoint-----------------	1	1	1	1	1	1	1	1	1	1	1	1	1	1	1	1	1	1	1	1	1	1	1	1	1	1	1	1	1	1	1	1	1	1	1	1	1	1	1	1	1	1	1	1	1	1	1	1	1	1	2	1	0	0	2	2	2	2	1	1	1	1	1	2	1	2	1	1	2	2	1	0	2	2	1	2	1	2	1	1	1	2	2	3	2	3	1	1	1	1	1	1	1	2	2	1	1	2	0	3	
standardDeviation-------------	.0	.0	.0	.0	.0	.0	.0	.0	.0	.0	.0	.0	.0	.0	.0	.0	.0	.0	.0	.0	.0	.0	.0	.0	.0	.0	.0	.0	.0	.0	.0	.0	.0	.0	.0	.0	.0	.0	.0	.0	.0	.0	.0	.0	.0	.0	.0	.0	.0	.0	6.44	9.39	.0	.0	7.2	6.64	6.79	5.67	5.24	2.13	8.23	.92	6.03	9.98	2.28	6.08	5.3	2.15	7.22	7.5	8.27	.0	8.09	10.22	6.5	6.94	6.38	6.49	5.31	2.9	8.07	7.78	5.94	6.67	6.87	5.28	9.04	4.6	5.02	3.93	2.66	5.26	5.3	5.22	6.02	5.58	3.6	7.63	.0	9.7	
initialCoverageValue----------	360	360	360	360	360	360	360	360	360	360	360	360	360	360	360	360	360	360	360	360	360	360	360	360	360	360	360	360	360	360	360	360	360	360	360	360	360	360	360	360	360	360	360	360	353	360	360	360	360	360	360	360	360	360	360	360	360	360	360	360	349	360	360	360	360	360	360	360	360	360	360	360	360	360	360	360	360	360	360	360	360	360	360	360	360	360	360	360	360	360	360	360	360	356	360	360	360	360	360	360	
initialRedundantCoverageValue-	2760	2760	3000	1920	2640	1620	2400	2940	2700	2160	2700	2280	2760	2640	2700	3240	2580	2040	2280	2580	3060	3000	2760	2520	2760	2100	2520	1800	2160	2700	2220	2340	2100	1860	2340	1980	2160	2040	2160	2820	2400	2760	2340	2520	1147	1980	2520	2280	1740	2940	3120	2280	2100	2760	2460	2100	2400	3000	2160	2700	1991	2940	1860	2040	2520	2940	2400	2700	3000	2400	3120	2160	2760	2280	2220	2340	3120	2340	2100	2820	2400	3300	2100	2340	2700	2520	2460	2640	1740	2460	1920	2160	1920	2344	2940	2100	2220	2400	1800	3000	
additionalPoiTime-------------	46800.3
algorithmTime-----------------	1.400420977E8
Total Transferred Metadata----	2849

Photo List Size: 846
Gained Coverage %-------------	0.7349491355828562
Gained Redundancy %-----------	0.09673601236221961
Total Cluster Created---------	0
Total Transferred Photo-------	3491
Total Photo at Destination----	875
Coverage Group----------------	1-30	31-60	61-90	91-120	121-150	151-180	181-210	211-240	241-270	271-300	301-330	331-360	
Coverage Distribution---------	0	0	0	2	2	4	7	17	13	24	24	7	
Ratio Group-------------------	.0	.1	.2	.3	.4	.5	.6	.7	.8	.9	1.0	
Coverage Ratio----------------	0	0	0	0	4	4	9	20	27	21	15	
Redundant Ratio---------------	1	51	45	3	0	0	0	0	0	0	0	
NumberOfPoint Group-----------	0	1	2	3	
NumOfPoint Distribution-------	4	24	19	3	
SD Group----------------------	0-1	1-2	2-3	3-4	4-5	5-6	6-7	7-8	8-9	9-10	10-11	
SD Distribution---------------	55	0	5	2	1	11	12	5	4	4	1	
Half Coverage Group-----------	0-16038847	16038847-32077694	32077694-48116541	48116541-64155388	64155388-80194235	80194235-96233082	96233082-112271929	112271929-128310776	128310776-144349623	144349623-160388470	160388470-176427317	
Half Cvg Time Distribution----	3	11	63	7	7	0	0	0	0	0	0	
Transferred Photo Group-------	0-16038847	16038847-32077694	32077694-48116541	48116541-64155388	64155388-80194235	80194235-96233082	96233082-112271929	112271929-128310776	128310776-144349623	144349623-160388470	160388470-176427317	
Photo Time Distribution-------	558	2226	4567	1551	1138	27	0	49	25	0	0	

Cvg&Red Distribution----------	0.0	2.0	3.2077694E7	6.4155388E7	1.28310776E8	1.6038847E8	9.6233082E7	
Average PhotoNum--------------	26.63888888888889	26.63888888888889	27.761111111111113	29.677777777777777	30.166666666666668	30.166666666666668	30.1	
Nodes Above Average-----------	102	102	97	85	82	82	81	
Nodes Below Average-----------	78	78	83	95	98	98	99	

Average Coverage--------------	1555.9888888888888	1555.9888888888888	1617.8277777777778	1722.7222222222222	1749.6333333333334	1749.6333333333334	1745.8222222222223	
Nodes Above Average-----------	103	103	96	85	83	83	83	
Nodes Below Average-----------	77	77	84	95	97	97	97	
Photos Above Average----------	33	33	36	41	42	42	42	
Photos Below Average----------	17	17	18	19	19	19	19	
Network Coverage--------------	35958	35958	35958	35958	35958	35958	35958	

Average Redundancy------------	42.34444444444444	42.34444444444444	47.83888888888889	57.94444444444444	60.36666666666667	60.36666666666667	60.17777777777778	
Nodes Above Average-----------	76	76	72	67	67	67	67	
Nodes Below Average-----------	104	104	108	113	113	113	113	
Photos Above Average----------	32	32	34	39	41	41	41	
Photos Below Average----------	22	22	22	23	23	23	23	
Network Redundancy------------	251742	251742	263862	284562	289842	289842	289122	

