Message stats for scenario Photo_2500-Scenario_6-ActualPOI_50
sim_time: 160388470.0000

Photo List Size: 522
coverageValue-----------------	230	226	266	94	199	298	272	243	229	78	228	74	134	118	257	202	177	300	180	223	338	162	175	138	242	284	74	277	110	127	206	240	227	213	286	257	254	210	209	269	60	279	260	120	258	296	315	166	261	148	152	280	183	192	182	106	171	260	120	237	183	217	162	147	276	243	240	229	60	288	280	306	155	255	268	252	180	199	180	130	218	294	110	184	287	202	218	184	172	120	213	218	295	273	177	198	124	294	247	184	
redundantCoverageValue--------	10	74	154	86	101	122	268	177	131	102	132	46	106	2	103	98	63	180	0	257	262	18	5	42	118	76	46	203	10	53	154	0	13	87	74	223	166	150	91	91	0	81	280	0	102	184	345	74	219	32	28	320	117	48	238	74	9	100	0	63	237	23	78	33	84	117	0	251	0	72	20	474	25	165	152	108	0	101	0	50	142	246	70	56	193	98	82	56	128	0	87	82	185	27	63	42	56	6	173	56	
halfCoverageTime--------------	64666331.0	64582416.0	32675990.0	.0	33195309.0	32960422.0	32960417.0	32008394.0	33178420.0	.0	32159370.0	.0	.0	.0	32761696.0	33384261.0	.0	32264272.0	32159128.0	32868732.0	32686093.0	.0	.0	.0	33266799.0	1746450.0	.0	33195314.0	.0	.0	63849949.0	32095129.0	64666271.0	32960387.0	32008295.0	63704078.0	32264307.0	63849974.0	33195344.0	32159123.0	.0	32868702.0	32686083.0	.0	33298098.0	32960372.0	2334764.0	.0	32675972.0	.0	.0	32686158.0	64666341.0	33906508.0	33906528.0	.0	.0	32159158.0	.0	64582451.0	64666401.0	33906498.0	.0	.0	32061654.0	33906558.0	32960315.0	33906613.0	.0	33178440.0	33195319.0	32761671.0	.0	32686188.0	32095144.0	33985332.0	64139252.0	32686198.0	32159178.0	.0	33178415.0	32868742.0	.0	33985342.0	33384281.0	33384336.0	63507459.0	.0	.0	.0	64666139.0	63507475.0	33906593.0	33195259.0	.0	32676008.0	.0	32868782.0	32868762.0	32960362.0	
numberOfPoint-----------------	1	1	1	1	1	1	1	1	1	1	1	1	1	1	1	1	1	1	1	1	1	1	1	1	1	1	1	1	1	1	1	1	1	1	1	1	1	1	1	1	1	1	1	1	1	1	1	1	1	1	1	1	1	1	1	1	1	1	0	1	2	2	0	0	1	3	1	1	0	2	1	2	1	1	2	1	1	2	1	1	3	2	2	2	1	1	2	1	1	1	1	2	1	1	1	1	0	1	2	1	
standardDeviation-------------	.0	.0	.0	.0	.0	.0	.0	.0	.0	.0	.0	.0	.0	.0	.0	.0	.0	.0	.0	.0	.0	.0	.0	.0	.0	.0	.0	.0	.0	.0	.0	.0	.0	.0	.0	.0	.0	.0	.0	.0	.0	.0	.0	.0	.0	.0	.0	.0	.0	.0	1.65	7.24	7.07	7.56	.78	3.4	5.19	3.64	.0	4.21	5.45	6.15	.0	.0	3.58	8.48	9.71	4.0	.0	6.52	1.08	9.45	6.0	10.04	9.61	5.65	7.53	8.92	8.38	6.91	9.6	5.78	7.28	7.07	4.61	2.68	10.8	3.62	7.38	7.78	9.3	8.2	3.89	3.21	4.05	1.03	.0	7.25	8.78	5.75	
initialCoverageValue----------	352	352	350	360	359	360	360	360	360	303	354	347	360	360	357	360	360	360	360	360	360	344	353	360	360	346	360	360	354	341	360	358	360	360	360	359	360	360	338	360	285	360	344	360	360	360	360	346	357	360	360	360	360	349	360	360	360	360	324	360	360	301	360	360	360	355	360	349	360	357	360	360	360	360	355	360	360	331	360	356	360	347	360	360	360	360	360	332	341	289	357	360	360	360	306	341	355	360	349	360	
initialRedundantCoverageValue-	608	1148	1150	1380	1261	1080	1560	1500	1560	777	1206	973	1200	1020	1263	1320	1020	1380	1140	1500	1500	856	1027	1140	1260	854	900	720	906	799	1080	1022	1140	1320	1080	1261	1020	1320	562	900	915	1620	1216	1020	1080	1320	1200	914	783	1080	900	1380	1680	1211	1080	960	900	840	696	1020	1200	659	840	1200	1140	1025	780	1211	780	903	1560	1920	840	1380	1445	1020	1320	929	1140	844	1380	1453	1140	960	1560	780	1080	1048	859	311	1023	1020	1680	1200	714	919	845	960	791	900	
additionalPoiTime-------------	46800.3
algorithmTime-----------------	1.59745024E7
Total Transferred Metadata----	2854

Photo List Size: 522
Gained Coverage %-------------	0.5899810268173195
Gained Redundancy %-----------	0.09375314538783204
Total Cluster Created---------	0
Total Transferred Photo-------	2365
Total Photo at Destination----	536
Coverage Group----------------	1-30	31-60	61-90	91-120	121-150	151-180	181-210	211-240	241-270	271-300	301-330	331-360	
Coverage Distribution---------	0	2	3	8	7	13	15	16	16	17	2	1	
Ratio Group-------------------	.0	.1	.2	.3	.4	.5	.6	.7	.8	.9	1.0	
Coverage Ratio----------------	0	0	1	6	10	14	17	19	22	10	1	
Redundant Ratio---------------	10	52	29	9	0	0	0	0	0	0	0	
NumberOfPoint Group-----------	0	1	2	3	
NumOfPoint Distribution-------	5	31	12	2	
SD Group----------------------	0-1	1-2	2-3	3-4	4-5	5-6	6-7	7-8	8-9	9-10	10-11	
SD Distribution---------------	56	3	1	6	4	5	4	9	5	5	2	
Half Coverage Group-----------	0-16038847	16038847-32077694	32077694-48116541	48116541-64155388	64155388-80194235	80194235-96233082	96233082-112271929	112271929-128310776	128310776-144349623	144349623-160388470	160388470-176427317	
Half Cvg Time Distribution----	2	3	51	6	7	0	0	0	0	0	0	
Transferred Photo Group-------	0-16038847	16038847-32077694	32077694-48116541	48116541-64155388	64155388-80194235	80194235-96233082	96233082-112271929	112271929-128310776	128310776-144349623	144349623-160388470	160388470-176427317	
Photo Time Distribution-------	282	1090	2250	759	567	13	0	23	12	0	0	

Cvg&Red Distribution----------	0.0	2.0	3.2077694E7	6.4155388E7	1.28310776E8	1.6038847E8	9.6233082E7	
Average PhotoNum--------------	12.672222222222222	12.672222222222222	13.36111111111111	14.444444444444445	14.727777777777778	14.727777777777778	14.677777777777777	
Nodes Above Average-----------	101	101	91	80	83	83	82	
Nodes Below Average-----------	79	79	89	100	97	97	98	

Average Coverage--------------	749.7055555555555	749.7055555555555	790.0111111111111	853.5222222222222	870.7222222222222	870.7222222222222	867.7222222222222	
Nodes Above Average-----------	98	98	90	80	83	83	82	
Nodes Below Average-----------	82	82	90	100	97	97	98	
Photos Above Average----------	16	16	18	21	21	21	21	
Photos Below Average----------	8	8	8	9	9	9	9	
Network Coverage--------------	35041	35041	34963	34791	34731	34731	34731	

Average Redundancy------------	10.627777777777778	10.627777777777778	11.655555555555555	13.144444444444444	12.944444444444445	12.944444444444445	12.944444444444445	
Nodes Above Average-----------	38	38	40	46	45	45	45	
Nodes Below Average-----------	142	142	140	134	135	135	135	
Photos Above Average----------	15	15	16	19	19	19	19	
Photos Below Average----------	11	11	12	12	13	13	13	
Network Redundancy------------	101819	101819	109337	121209	124329	124329	123789	

