Message stats for scenario Photo_10000-Scenario_6-ActualPOI_50
sim_time: 160388470.0000

Photo List Size: 1016
coverageValue-----------------	301	305	286	320	336	359	305	193	202	320	313	331	341	319	295	330	352	266	328	310	269	342	313	250	337	308	319	191	315	319	213	294	315	261	284	255	313	324	360	201	271	287	351	244	265	303	284	167	330	335	327	336	284	254	147	332	308	352	298	302	342	331	324	261	350	360	312	254	309	246	303	334	270	240	286	295	267	240	347	337	247	242	174	266	310	265	288	302	279	269	304	277	243	343	326	357	264	311	180	360	
redundantCoverageValue--------	299	475	254	340	624	301	295	107	218	100	287	269	739	161	245	510	368	334	332	350	271	798	347	170	383	112	521	109	345	401	207	306	285	339	256	225	107	216	600	39	149	313	309	596	395	357	256	193	270	385	693	264	256	286	93	328	292	488	362	178	318	509	576	39	310	480	648	106	231	534	297	146	150	60	194	365	393	0	313	383	173	178	126	274	230	215	312	238	141	271	416	263	237	497	454	423	36	229	60	420	
halfCoverageTime--------------	32159385.0	2334932.0	32960545.0	32686178.0	32264377.0	33036189.0	32761681.0	33195324.0	63850004.0	32675996.0	32061603.0	33266788.0	32264352.0	32761732.0	63850134.0	32686123.0	33205459.0	64666616.0	32686203.0	32761830.0	32159103.0	32159400.0	32008529.0	33384266.0	32264392.0	32008699.0	32159545.0	63704288.0	33985377.0	32761783.0	33985332.0	32761880.0	32095139.0	33298103.0	32761656.0	32159590.0	64582466.0	63704153.0	32061739.0	32159505.0	32960452.0	32008624.0	33195349.0	32008392.0	32761875.0	33195299.0	32761661.0	.0	32761870.0	32264347.0	32686193.0	32008336.0	32008248.0	32159430.0	.0	33178420.0	32960520.0	32008569.0	32159410.0	32686188.0	32061729.0	32061674.0	32061744.0	33985317.0	32761742.0	32264427.0	32159395.0	64666652.0	33384361.0	32264457.0	32159455.0	63704228.0	33298113.0	64582426.0	63850074.0	32008341.0	63704173.0	33384246.0	32159555.0	32159405.0	33384421.0	33985352.0	.0	33384376.0	63704278.0	32675972.0	32264337.0	33195314.0	2334860.0	33195354.0	32008614.0	32159480.0	64666251.0	32159123.0	32008270.0	32061704.0	63850049.0	32761845.0	63850059.0	32159570.0	
numberOfPoint-----------------	1	1	1	1	1	1	1	1	1	1	1	1	1	1	1	1	1	1	1	1	1	1	1	1	1	1	1	1	1	1	1	1	1	1	1	1	1	1	1	1	1	1	1	1	1	1	1	1	1	1	2	2	2	1	0	1	2	1	2	2	2	3	1	2	2	2	2	1	2	1	1	2	2	1	1	1	1	1	3	2	1	2	0	1	2	3	2	3	2	1	1	1	1	2	2	3	1	2	1	1	
standardDeviation-------------	.0	.0	.0	.0	.0	.0	.0	.0	.0	.0	.0	.0	.0	.0	.0	.0	.0	.0	.0	.0	.0	.0	.0	.0	.0	.0	.0	.0	.0	.0	.0	.0	.0	.0	.0	.0	.0	.0	.0	.0	.0	.0	.0	.0	.0	.0	.0	.0	.0	.0	6.0	5.79	5.19	8.26	.0	7.15	5.25	5.15	6.59	6.4	9.16	9.57	4.1	4.85	10.6	7.68	10.9	1.75	8.5	4.11	3.21	6.68	7.2	11.04	5.79	4.02	3.72	6.68	9.72	6.04	3.91	8.08	.0	4.29	5.42	6.21	6.75	7.44	5.63	4.46	1.14	3.55	6.36	7.59	7.62	9.14	6.8	6.93	4.8	3.0	
initialCoverageValue----------	360	360	360	360	360	360	360	360	360	360	360	360	360	360	360	360	360	360	360	360	360	360	360	360	360	360	360	360	360	360	360	360	360	360	360	360	360	360	360	360	360	360	360	360	360	360	360	360	360	360	360	360	360	360	360	360	360	360	360	360	360	360	360	360	360	360	360	360	360	360	360	360	360	360	360	360	360	360	360	360	360	360	360	360	360	360	360	360	360	360	360	360	360	360	360	360	360	360	360	360	
initialRedundantCoverageValue-	4860	5280	4860	4200	5100	4800	4740	5340	4680	5220	5040	4680	4980	4380	4620	4200	5100	5160	4500	5160	4800	5160	5100	4560	5040	4320	5520	4680	4560	5160	3900	4860	5520	4680	5460	4860	5160	4980	6000	4560	4260	4440	4920	4860	5280	5400	4140	4320	4200	4860	4680	5220	4740	4800	4680	5880	4260	4440	4860	4500	4740	5280	5400	4740	4740	5640	5160	4920	4680	5280	4800	4980	4860	4260	4680	4320	4740	3780	4620	4680	5280	4560	3960	4860	4980	4920	5040	5100	4440	5700	5400	4800	4560	4560	5100	5100	5040	5160	3840	4920	
additionalPoiTime-------------	171601.1
algorithmTime-----------------	1.0091548689E9
Total Transferred Metadata----	2847

Photo List Size: 1016
Gained Coverage %-------------	0.8135277777777777
Gained Redundancy %-----------	0.06269467509398108
Total Cluster Created---------	0
Total Transferred Photo-------	4078
Total Photo at Destination----	1058
Coverage Group----------------	1-30	31-60	61-90	91-120	121-150	151-180	181-210	211-240	241-270	271-300	301-330	331-360	
Coverage Distribution---------	0	0	0	0	1	3	4	3	20	14	32	23	
Ratio Group-------------------	.0	.1	.2	.3	.4	.5	.6	.7	.8	.9	1.0	
Coverage Ratio----------------	0	0	0	0	0	4	5	8	24	31	28	
Redundant Ratio---------------	1	88	11	0	0	0	0	0	0	0	0	
NumberOfPoint Group-----------	0	1	2	3	
NumOfPoint Distribution-------	2	21	22	5	
SD Group----------------------	0-1	1-2	2-3	3-4	4-5	5-6	6-7	7-8	8-9	9-10	10-11	11-12	
SD Distribution---------------	52	2	0	5	7	8	10	6	3	4	2	1	
Half Coverage Group-----------	0-16038847	16038847-32077694	32077694-48116541	48116541-64155388	64155388-80194235	80194235-96233082	96233082-112271929	112271929-128310776	128310776-144349623	144349623-160388470	160388470-176427317	
Half Cvg Time Distribution----	2	16	64	10	5	0	0	0	0	0	0	
Transferred Photo Group-------	0-16038847	16038847-32077694	32077694-48116541	48116541-64155388	64155388-80194235	80194235-96233082	96233082-112271929	112271929-128310776	128310776-144349623	144349623-160388470	160388470-176427317	
Photo Time Distribution-------	960	4332	9115	3171	2110	50	0	87	44	0	0	

Cvg&Red Distribution----------	0.0	2.0	3.2077694E7	6.4155388E7	1.28310776E8	1.6038847E8	9.6233082E7	
Average PhotoNum--------------	49.51111111111111	49.51111111111111	51.355555555555554	55.111111111111114	55.69444444444444	55.69444444444444	55.62777777777778	
Nodes Above Average-----------	97	97	93	82	84	84	83	
Nodes Below Average-----------	83	83	87	98	96	96	97	

Average Coverage--------------	2823.4222222222224	2823.4222222222224	2922.6	3121.383333333333	3151.3944444444446	3151.3944444444446	3148.027777777778	
Nodes Above Average-----------	99	99	95	86	86	86	86	
Nodes Below Average-----------	81	81	85	94	94	94	94	
Photos Above Average----------	65	65	69	78	80	80	79	
Photos Below Average----------	30	30	31	33	33	33	33	
Network Coverage--------------	36000	36000	36000	36000	36000	36000	36000	

Average Redundancy------------	147.24444444444444	147.24444444444444	158.73333333333332	185.28333333333333	190.2722222222222	190.2722222222222	189.63888888888889	
Nodes Above Average-----------	77	77	74	69	72	72	71	
Nodes Below Average-----------	103	103	106	111	108	108	109	
Photos Above Average----------	65	65	71	82	82	82	82	
Photos Below Average----------	37	37	37	38	37	37	37	
Network Redundancy------------	498720	498720	518640	559200	565500	565500	564780	

