Message stats for scenario Photo_2500-Scenario_7-ActualPOI_50
sim_time: 160388470.0000

Photo List Size: 2145
coverageValue-----------------	120	159	60	202	309	169	184	173	120	208	218	193	186	222	200	112	134	258	196	120	60	120	267	221	177	121	146	119	136	197	168	257	180	159	192	199	192	96	143	120	124	200	180	141	282	120	221	169	180	168	207	60	189	126	240	197	331	338	292	268	232	287	266	282	234	230	201	227	284	232	278	149	199	180	154	251	189	275	278	232	269	264	182	311	182	241	244	247	297	247	257	245	354	178	275	206	276	237	196	178	
redundantCoverageValue--------	0	21	0	98	231	11	56	67	0	32	22	167	54	198	160	8	106	162	164	0	0	0	93	19	123	59	34	1	44	103	132	223	0	21	48	101	48	24	97	0	116	40	60	39	18	0	19	131	0	12	153	0	111	54	0	163	329	382	128	92	8	133	94	78	126	130	39	133	196	128	322	91	41	180	146	109	231	205	82	128	271	216	178	169	58	59	236	53	63	53	43	115	426	122	265	154	204	423	44	242	
halfCoverageTime--------------	.0	.0	.0	64666119.0	32761666.0	.0	32960387.0	.0	.0	64666306.0	33195304.0	32264317.0	64666396.0	32868782.0	64666174.0	.0	.0	32960382.0	63507429.0	.0	.0	.0	33906568.0	33906538.0	.0	.0	.0	.0	.0	63507475.0	.0	33298113.0	64666139.0	.0	64666291.0	63849949.0	33906593.0	.0	.0	.0	.0	63849939.0	33205495.0	.0	32868732.0	.0	64666185.0	.0	33266788.0	.0	64666431.0	.0	64666341.0	.0	32686128.0	63849912.0	32008306.0	32264312.0	33985302.0	63704093.0	64666266.0	32264277.0	32095119.0	32761721.0	64666164.0	63704138.0	63704258.0	32008280.0	32686148.0	33906533.0	63704183.0	.0	63849974.0	32008499.0	.0	63849929.0	33906608.0	32868772.0	64666210.0	33178450.0	32686098.0	32264322.0	.0	32264337.0	64666411.0	32960437.0	63704278.0	33906613.0	33906493.0	33266754.0	64582421.0	63704198.0	32675960.0	.0	32008539.0	32061674.0	32686153.0	32008534.0	.0	.0	
numberOfPoint-----------------	1	1	1	1	1	1	1	1	1	1	1	1	1	1	1	1	1	1	1	1	1	1	1	1	1	1	1	1	1	1	1	1	1	1	1	1	1	1	1	1	1	1	1	1	1	1	1	1	1	1	8	2	2	3	7	3	4	2	2	3	2	6	4	2	3	3	2	4	5	2	2	3	2	4	7	1	3	3	2	3	3	3	3	10	2	3	3	3	7	3	5	1	3	2	4	2	2	2	1	3	
standardDeviation-------------	.0	.0	.0	.0	.0	.0	.0	.0	.0	.0	.0	.0	.0	.0	.0	.0	.0	.0	.0	.0	.0	.0	.0	.0	.0	.0	.0	.0	.0	.0	.0	.0	.0	.0	.0	.0	.0	.0	.0	.0	.0	.0	.0	.0	.0	.0	.0	.0	.0	.0	9.14	6.45	6.69	6.4	7.58	6.91	8.14	5.44	2.42	5.49	7.17	4.07	5.34	6.6	8.29	5.9	5.39	8.22	6.26	5.33	5.85	5.9	9.23	6.6	8.12	9.0	6.39	8.17	6.22	7.87	6.62	4.65	2.6	7.71	6.11	10.36	9.65	7.87	7.8	6.1	7.31	1.6	6.48	4.93	9.9	6.88	2.47	5.72	4.65	4.89	
initialCoverageValue----------	360	360	358	354	360	360	354	360	360	360	360	360	319	360	355	337	311	360	360	346	335	332	360	360	360	318	360	360	356	360	339	355	360	358	360	353	355	327	360	360	360	360	360	360	360	360	360	360	360	359	360	358	360	358	351	360	360	360	360	360	349	360	360	360	360	313	360	360	360	353	360	360	360	360	349	360	360	360	360	360	360	360	360	360	360	360	360	360	360	360	360	360	360	322	360	360	360	360	349	360	
initialRedundantCoverageValue-	780	780	962	666	1380	960	606	1560	600	1080	600	1440	761	1620	1025	1163	769	1200	1020	914	1285	388	1260	1140	1380	1002	840	780	844	1560	1161	1265	840	842	840	1027	845	753	1200	1020	840	1260	1320	900	1260	1440	960	840	840	721	1200	842	1320	662	969	1020	1680	1680	1320	1560	551	660	1740	1020	1140	647	840	1440	1560	1147	1860	1140	1020	1260	1031	1020	1080	1920	1080	840	1320	1500	1500	1080	1260	1080	1260	1020	960	960	1080	1320	1800	1118	840	600	1140	1380	911	1080	
additionalPoiTime-------------	3.32906134E7
algorithmTime-----------------	3931225.2
Total Transferred Metadata----	3617

Photo List Size: 2145
Gained Coverage %-------------	0.5737275975578876
Gained Redundancy %-----------	0.09695679697606356
Total Cluster Created---------	51
Total Transferred Photo-------	1348
Total Photo at Destination----	518
Coverage Group----------------	1-30	31-60	61-90	91-120	121-150	151-180	181-210	211-240	241-270	271-300	301-330	331-360	
Coverage Distribution---------	0	3	0	9	9	15	22	12	14	11	2	3	
Ratio Group-------------------	.0	.1	.2	.3	.4	.5	.6	.7	.8	.9	1.0	
Coverage Ratio----------------	0	0	3	1	14	17	23	17	18	4	3	
Redundant Ratio---------------	12	48	30	8	2	0	0	0	0	0	0	
NumberOfPoint Group-----------	0	1	2	3	4	5	6	7	8	9	10	
NumOfPoint Distribution-------	0	3	16	18	5	2	1	3	1	0	1	
SD Group----------------------	0-1	1-2	2-3	3-4	4-5	5-6	6-7	7-8	8-9	9-10	10-11	
SD Distribution---------------	50	1	3	0	5	9	14	7	5	5	1	
Half Coverage Group-----------	0-16038847	16038847-32077694	32077694-48116541	48116541-64155388	64155388-80194235	80194235-96233082	96233082-112271929	112271929-128310776	128310776-144349623	144349623-160388470	160388470-176427317	
Half Cvg Time Distribution----	0	6	33	13	14	0	0	0	0	0	0	
Transferred Photo Group-------	0-16038847	16038847-32077694	32077694-48116541	48116541-64155388	64155388-80194235	80194235-96233082	96233082-112271929	112271929-128310776	128310776-144349623	144349623-160388470	160388470-176427317	
Photo Time Distribution-------	282	991	1236	492	321	19	0	23	16	0	0	

Cvg&Red Distribution----------	0.0	2.0	3.2077694E7	6.4155388E7	1.28310776E8	1.6038847E8	9.6233082E7	
Average PhotoNum--------------	12.672222222222222	12.672222222222222	12.988888888888889	12.96111111111111	13.15	13.15	13.15	
Nodes Above Average-----------	101	101	102	95	78	78	78	
Nodes Below Average-----------	79	79	78	85	102	102	102	

Average Coverage--------------	754.2722222222222	754.2722222222222	772.2555555555556	769.7277777777778	780.05	780.05	780.05	
Nodes Above Average-----------	100	100	99	93	78	78	78	
Nodes Below Average-----------	80	80	81	87	102	102	102	
Photos Above Average----------	16	16	17	17	18	18	18	
Photos Below Average----------	7	7	8	8	8	8	8	
Network Coverage--------------	35325	35325	35325	35265	35249	35249	35249	

Average Redundancy------------	6.061111111111111	6.061111111111111	7.0777777777777775	7.938888888888889	8.95	8.95	8.95	
Nodes Above Average-----------	30	30	33	34	34	34	34	
Nodes Below Average-----------	150	150	147	146	146	146	146	
Photos Above Average----------	15	15	16	17	17	17	17	
Photos Below Average----------	12	12	12	12	12	12	12	
Network Redundancy------------	101535	101535	104955	104715	106771	106771	106771	

