Message stats for scenario Photo_1250-Scenario_7-ActualPOI_50
sim_time: 160388470.0000

Photo List Size: 1109
coverageValue-----------------	187	218	156	153	120	120	60	257	206	127	192	301	152	138	240	60	77	113	213	0	120	60	177	115	60	120	60	234	289	67	118	0	292	91	120	69	157	120	0	184	62	180	180	120	225	120	69	120	133	177	221	120	193	267	205	146	180	199	180	249	273	187	228	60	241	188	60	120	301	144	134	79	164	301	60	159	120	60	286	128	117	140	60	233	144	186	120	252	120	180	218	120	180	221	120	113	180	180	120	135	
redundantCoverageValue--------	53	22	84	147	0	0	0	103	34	53	108	239	28	42	60	0	43	7	87	0	0	0	63	65	0	0	0	66	71	53	62	0	68	29	0	51	83	0	0	56	58	0	0	0	15	0	51	0	107	3	19	0	47	93	155	154	0	161	0	111	207	53	132	0	59	52	0	0	119	36	46	41	76	179	0	81	0	0	134	52	123	40	0	7	36	114	0	228	0	0	22	0	0	19	0	67	0	0	0	45	
halfCoverageTime--------------	33298103.0	64666276.0	.0	.0	.0	.0	.0	63704088.0	33906513.0	.0	64666144.0	32264252.0	.0	.0	33195264.0	.0	.0	.0	33985322.0	.0	.0	.0	.0	.0	.0	.0	.0	33266794.0	32264257.0	.0	.0	.0	33036182.0	.0	.0	.0	.0	.0	.0	33906533.0	.0	64666154.0	33906543.0	.0	32960335.0	.0	.0	.0	.0	.0	32868752.0	.0	33298113.0	32868757.0	32960372.0	.0	.0	63704178.0	32008484.0	32868732.0	32868717.0	64666221.0	32061634.0	.0	63849912.0	64732430.0	.0	.0	1746510.0	.0	.0	.0	.0	32008264.0	.0	.0	.0	.0	32008346.0	.0	.0	.0	.0	63704158.0	.0	32960345.0	.0	33298088.0	.0	33178450.0	63271969.0	.0	64582406.0	64732450.0	.0	.0	64666286.0	32686133.0	.0	.0	
numberOfPoint-----------------	1	1	1	1	1	1	1	1	1	1	1	1	1	1	1	1	1	1	1	1	1	1	1	1	1	1	1	1	1	1	1	1	1	1	1	1	1	1	1	1	1	1	1	1	1	1	1	1	1	1	2	2	2	2	2	3	2	2	2	5	11	2	2	3	4	5	2	1	2	4	2	1	10	4	2	1	2	3	1	1	3	2	11	1	5	1	1	2	2	1	4	6	3	2	3	3	2	1	4	5	
standardDeviation-------------	.0	.0	.0	.0	.0	.0	.0	.0	.0	.0	.0	.0	.0	.0	.0	.0	.0	.0	.0	.0	.0	.0	.0	.0	.0	.0	.0	.0	.0	.0	.0	.0	.0	.0	.0	.0	.0	.0	.0	.0	.0	.0	.0	.0	.0	.0	.0	.0	.0	.0	7.88	8.76	4.86	6.34	5.83	9.13	7.26	7.07	4.3	4.62	5.23	9.48	5.3	8.5	8.7	5.35	6.94	3.2	6.75	10.54	8.02	8.5	8.69	6.91	5.86	5.66	10.82	2.62	1.58	5.01	6.44	5.77	8.65	1.4	5.33	2.05	4.11	3.87	10.3	4.66	8.51	6.57	7.23	8.29	11.6	7.57	2.66	1.65	10.25	8.81	
initialCoverageValue----------	349	346	257	326	347	349	274	360	360	171	305	359	271	352	332	310	312	344	360	266	315	346	316	278	330	344	314	360	360	331	331	232	314	338	302	166	350	291	283	262	338	227	293	345	320	325	339	332	273	320	307	261	323	332	267	347	332	273	295	295	359	275	350	285	360	286	331	327	351	310	304	333	284	348	343	351	303	218	348	313	338	232	291	338	231	312	289	357	286	256	264	287	322	335	317	327	275	284	277	330	
initialRedundantCoverageValue-	731	434	403	814	493	431	146	600	300	69	415	721	209	728	328	290	168	616	780	274	405	614	464	142	330	436	406	480	1020	269	389	368	526	562	418	314	790	369	317	218	622	313	427	675	460	455	621	268	447	280	593	279	397	448	333	313	328	327	245	605	421	265	670	255	840	134	629	513	609	470	356	387	376	372	377	489	657	142	552	167	322	188	489	322	129	588	191	663	434	224	396	193	518	505	343	453	145	436	503	510	
additionalPoiTime-------------	3900025.0
algorithmTime-----------------	982806.3
Total Transferred Metadata----	3628

Photo List Size: 1109
Gained Coverage %-------------	0.4944810224632068
Gained Redundancy %-----------	0.1111503674392312
Total Cluster Created---------	50
Total Transferred Photo-------	870
Total Photo at Destination----	336
Coverage Group----------------	1-30	31-60	61-90	91-120	121-150	151-180	181-210	211-240	241-270	271-300	301-330	331-360	
Coverage Distribution---------	3	10	6	23	10	16	10	10	5	4	3	0	
Ratio Group-------------------	.0	.1	.2	.3	.4	.5	.6	.7	.8	.9	1.0	
Coverage Ratio----------------	3	0	7	9	16	17	11	16	12	8	1	
Redundant Ratio---------------	38	17	23	10	5	6	0	0	1	0	0	
NumberOfPoint Group-----------	0	1	2	3	4	5	6	7	8	9	10	11	
NumOfPoint Distribution-------	0	10	20	7	5	4	1	0	0	0	1	2	
SD Group----------------------	0-1	1-2	2-3	3-4	4-5	5-6	6-7	7-8	8-9	9-10	10-11	11-12	
SD Distribution---------------	50	3	3	2	5	9	6	5	10	2	4	1	
Half Coverage Group-----------	0-16038847	16038847-32077694	32077694-48116541	48116541-64155388	64155388-80194235	80194235-96233082	96233082-112271929	112271929-128310776	128310776-144349623	144349623-160388470	160388470-176427317	
Half Cvg Time Distribution----	1	4	21	5	8	0	0	0	0	0	0	
Transferred Photo Group-------	0-16038847	16038847-32077694	32077694-48116541	48116541-64155388	64155388-80194235	80194235-96233082	96233082-112271929	112271929-128310776	128310776-144349623	144349623-160388470	160388470-176427317	
Photo Time Distribution-------	158	482	753	249	153	9	0	14	8	0	0	

Cvg&Red Distribution----------	0.0	2.0	3.2077694E7	6.4155388E7	1.28310776E8	1.6038847E8	9.6233082E7	
Average PhotoNum--------------	6.555555555555555	6.555555555555555	6.683333333333334	6.533333333333333	6.611111111111111	6.605555555555555	6.611111111111111	
Nodes Above Average-----------	101	101	102	87	86	86	86	
Nodes Below Average-----------	79	79	78	93	94	94	94	

Average Coverage--------------	391.6666666666667	391.6666666666667	399.3333333333333	390.3833333333333	395.05	394.71666666666664	395.05	
Nodes Above Average-----------	100	100	100	87	86	86	86	
Nodes Below Average-----------	80	80	80	93	94	94	94	
Photos Above Average----------	8	8	8	8	9	9	9	
Photos Below Average----------	4	4	4	4	4	4	4	
Network Coverage--------------	30669	30669	30612	29832	29742	29734	29742	

Average Redundancy------------	1.6666666666666667	1.6666666666666667	1.6666666666666667	1.6166666666666667	1.6166666666666667	1.6166666666666667	1.6166666666666667	
Nodes Above Average-----------	12	12	12	12	12	12	12	
Nodes Below Average-----------	168	168	168	168	168	168	168	
Photos Above Average----------	8	8	8	8	8	8	8	
Photos Below Average----------	6	6	6	6	6	6	6	
Network Redundancy------------	40131	40131	41568	40728	41658	41606	41658	

