Message stats for scenario Photo_10000-Scenario_4-ActualPOI_50
sim_time: 160388470.0000

Photo List Size: 8411
coverageValue-----------------	352	335	354	309	345	360	215	272	347	337	265	343	345	303	311	230	338	280	317	281	326	352	237	360	355	360	293	324	332	304	295	289	324	218	322	303	334	218	284	298	328	351	320	328	360	360	325	314	331	318	239	275	260	275	283	310	224	270	318	180	315	301	292	302	245	257	276	288	238	239	291	181	301	273	186	267	189	206	325	223	293	325	287	225	264	261	225	197	295	120	277	205	176	216	318	232	188	111	268	243	
redundantCoverageValue--------	188	145	306	111	195	420	85	268	193	203	35	257	315	237	169	130	262	80	223	139	154	368	183	420	365	240	187	216	328	236	185	191	216	82	218	177	266	142	256	302	212	249	160	212	360	360	215	226	269	342	241	385	220	205	497	110	136	330	222	0	45	179	308	298	355	163	324	72	62	181	69	119	479	87	114	153	51	154	95	137	187	95	13	135	276	279	195	43	125	0	203	95	244	84	102	8	52	9	212	57	
halfCoverageTime--------------	32960504.0	63704253.0	32868712.0	33178450.0	32761768.0	32264287.0	32159380.0	33195309.0	32264457.0	32159153.0	33906513.0	32159395.0	63507515.0	33906528.0	32264402.0	63849969.0	32159359.0	63507535.0	32761757.0	33266834.0	32868777.0	32264292.0	64666411.0	32686193.0	32761651.0	32264307.0	32264282.0	33298118.0	32686208.0	32761726.0	32686093.0	32159390.0	32868762.0	33906553.0	63849912.0	32761830.0	32095119.0	64582421.0	33266776.0	32761783.0	32868752.0	32159440.0	32761788.0	33178430.0	32264337.0	32686188.0	32264297.0	33195284.0	32675966.0	32264597.0	32061754.0	32264357.0	33266804.0	32676002.0	32008609.0	32008669.0	32960392.0	32264432.0	32159565.0	64666185.0	1000172.0	32008258.0	32264302.0	32095139.0	32159168.0	32264592.0	32008270.0	33178445.0	32008614.0	64666446.0	32008689.0	64732435.0	32264342.0	33985347.0	32008402.0	32061704.0	32675978.0	33906568.0	32264387.0	32061644.0	32159430.0	32008434.0	33906503.0	63507439.0	32686158.0	32960488.0	33384271.0	32761773.0	33266799.0	.0	32264437.0	33985357.0	.0	32159590.0	32095149.0	63704103.0	32159128.0	.0	32868707.0	32061664.0	
numberOfPoint-----------------	1	1	1	1	1	1	1	1	1	1	1	1	1	1	1	1	1	1	1	1	1	1	1	1	1	1	1	1	1	1	1	1	1	1	1	1	1	1	1	1	1	1	1	1	1	1	1	1	1	1	6	3	4	3	5	3	1	8	4	1	2	5	3	2	7	2	3	5	1	4	6	4	6	6	6	1	1	2	6	1	5	11	3	6	2	4	2	5	4	4	2	3	2	2	7	20	5	3	4	5	
standardDeviation-------------	.0	.0	.0	.0	.0	.0	.0	.0	.0	.0	.0	.0	.0	.0	.0	.0	.0	.0	.0	.0	.0	.0	.0	.0	.0	.0	.0	.0	.0	.0	.0	.0	.0	.0	.0	.0	.0	.0	.0	.0	.0	.0	.0	.0	.0	.0	.0	.0	.0	.0	10.32	9.02	6.3	8.62	8.69	7.37	3.24	5.45	9.08	2.7	4.8	8.5	5.6	6.33	6.52	6.47	3.4	8.88	5.14	10.04	7.09	7.72	7.66	7.63	8.37	13.07	2.91	5.19	6.43	3.3	5.16	5.99	8.51	8.56	6.71	5.55	6.47	7.3	8.28	9.78	8.79	6.45	4.69	5.51	5.82	5.9	7.29	4.64	4.82	6.35	
initialCoverageValue----------	360	360	360	360	360	360	360	360	360	360	360	360	360	360	360	360	360	360	360	360	360	360	360	360	360	360	360	360	360	360	360	360	360	360	360	360	360	360	360	360	360	360	360	360	360	360	360	360	360	360	360	360	360	360	360	360	360	360	360	360	360	360	360	360	360	360	360	360	360	360	360	360	360	360	360	360	360	360	360	360	360	360	360	360	360	360	360	360	360	360	360	360	360	360	360	360	360	360	360	360	
initialRedundantCoverageValue-	5520	5520	4740	5520	5220	5220	5220	5880	4680	4980	4200	5040	5400	4260	5220	4140	5220	4980	4860	4920	4740	4620	4020	5160	5040	4800	4440	4440	4140	4680	5400	4440	4740	5940	4620	4140	5460	4260	5160	4740	5340	5820	4200	4920	4800	5400	4680	4320	4980	4800	5100	4500	4980	4980	6360	5040	5460	5400	4620	4260	5700	5100	5340	4560	4620	4860	5160	5160	4320	4800	4980	4920	4920	5400	4860	5520	4080	4320	4080	4260	4980	4260	4740	4140	4980	4260	5160	4740	4320	4680	4680	5280	5700	5160	4680	3960	5040	4980	4560	4320	
additionalPoiTime-------------	1.0919913999E9
algorithmTime-----------------	6.14175937E7
Total Transferred Metadata----	3609

Photo List Size: 8411
Gained Coverage %-------------	0.7849166666666667
Gained Redundancy %-----------	0.04002585888437384
Total Cluster Created---------	51
Total Transferred Photo-------	2033
Total Photo at Destination----	799
Coverage Group----------------	1-30	31-60	61-90	91-120	121-150	151-180	181-210	211-240	241-270	271-300	301-330	331-360	
Coverage Distribution---------	0	0	0	2	0	2	7	14	10	20	25	20	
Ratio Group-------------------	.0	.1	.2	.3	.4	.5	.6	.7	.8	.9	1.0	
Coverage Ratio----------------	0	0	0	0	2	2	9	14	20	27	26	
Redundant Ratio---------------	2	98	0	0	0	0	0	0	0	0	0	
NumberOfPoint Group-----------	0	1	2	3	4	5	6	7	8	9	10	11	12	13	14	15	16	17	18	19	20	
NumOfPoint Distribution-------	0	6	9	8	8	7	7	2	1	0	0	1	0	0	0	0	0	0	0	0	1	
SD Group----------------------	0-1	1-2	2-3	3-4	4-5	5-6	6-7	7-8	8-9	9-10	10-11	11-12	12-13	13-14	
SD Distribution---------------	50	0	2	3	4	10	9	7	9	3	2	0	0	1	
Half Coverage Group-----------	0-16038847	16038847-32077694	32077694-48116541	48116541-64155388	64155388-80194235	80194235-96233082	96233082-112271929	112271929-128310776	128310776-144349623	144349623-160388470	160388470-176427317	
Half Cvg Time Distribution----	1	12	72	7	5	0	0	0	0	0	0	
Transferred Photo Group-------	0-16038847	16038847-32077694	32077694-48116541	48116541-64155388	64155388-80194235	80194235-96233082	96233082-112271929	112271929-128310776	128310776-144349623	144349623-160388470	160388470-176427317	
Photo Time Distribution-------	1025	3726	4634	1371	964	12	0	30	15	0	0	

Cvg&Red Distribution----------	0.0	2.0	3.2077694E7	6.4155388E7	1.28310776E8	1.6038847E8	9.6233082E7	
Average PhotoNum--------------	49.51111111111111	49.51111111111111	50.35	51.33888888888889	51.91111111111111	51.91111111111111	51.91111111111111	
Nodes Above Average-----------	97	97	96	90	89	89	89	
Nodes Below Average-----------	83	83	84	90	91	91	91	

Average Coverage--------------	2836.0777777777776	2836.0777777777776	2880.6111111111113	2933.2555555555555	2963.9666666666667	2963.9666666666667	2963.9666666666667	
Nodes Above Average-----------	98	98	97	93	91	91	91	
Nodes Below Average-----------	82	82	83	87	89	89	89	
Photos Above Average----------	65	65	67	69	71	71	71	
Photos Below Average----------	30	30	30	31	31	31	31	
Network Coverage--------------	36000	36000	36000	36000	36000	36000	36000	

Average Redundancy------------	134.5888888888889	134.5888888888889	140.38888888888889	147.07777777777778	150.7	150.7	150.7	
Nodes Above Average-----------	84	84	81	75	75	75	75	
Nodes Below Average-----------	96	96	99	105	105	105	105	
Photos Above Average----------	64	64	66	70	71	71	71	
Photos Below Average----------	36	36	37	37	37	37	37	
Network Redundancy------------	498720	498720	507780	518460	524640	524640	524640	

