Message stats for scenario Photo_5000-Scenario_4-ActualPOI_50
sim_time: 160388470.0000

Photo List Size: 4495
coverageValue-----------------	257	360	317	274	260	207	180	180	270	315	291	229	285	317	304	300	209	280	301	326	350	248	227	332	193	245	277	263	250	340	215	356	280	290	360	228	228	303	343	245	143	221	236	191	263	338	304	136	166	324	120	106	203	311	193	244	227	323	277	345	274	295	296	211	213	275	240	230	120	270	264	263	264	269	120	297	191	215	148	309	60	272	251	255	252	260	199	174	220	186	221	231	278	286	167	151	122	240	338	187	
redundantCoverageValue--------	163	300	163	86	100	153	0	0	150	105	69	131	135	223	296	120	151	80	179	154	370	52	253	268	47	55	143	157	230	200	85	184	20	190	240	72	132	117	197	115	37	139	124	109	277	202	116	44	134	216	0	14	97	289	47	236	133	217	83	135	326	425	124	149	87	205	0	10	0	90	156	157	216	271	0	363	109	25	32	231	0	208	409	345	108	100	161	6	20	54	79	129	142	14	73	209	58	0	202	173	
halfCoverageTime--------------	32686163.0	32960362.0	33195249.0	64582391.0	32676008.0	63507444.0	63704233.0	64732435.0	33195274.0	32008519.0	63704143.0	33195324.0	33906588.0	32960372.0	33298103.0	33007247.0	32264287.0	64582471.0	33266770.0	63704118.0	32675978.0	32960467.0	32960345.0	32008539.0	64732445.0	32761737.0	32159400.0	33178450.0	32264267.0	32761676.0	64666284.0	32868777.0	32960356.0	32686138.0	33178440.0	32761686.0	64666416.0	33195354.0	32264422.0	32264587.0	.0	64666339.0	33906513.0	63704188.0	33906523.0	32159148.0	33906493.0	.0	.0	32960432.0	.0	.0	32264607.0	33266759.0	63704138.0	32264272.0	32686188.0	32264262.0	32008469.0	32008275.0	33298118.0	32159188.0	32008614.0	63271969.0	32264597.0	33906558.0	32159168.0	33906563.0	.0	32510968.0	33266788.0	32061724.0	33906528.0	32008434.0	.0	32008336.0	63704073.0	32061709.0	.0	32008414.0	.0	32761726.0	32264417.0	32264372.0	63704223.0	32868787.0	32868792.0	.0	33266794.0	64666221.0	64666154.0	32159375.0	32159430.0	33195304.0	.0	.0	.0	32008449.0	32008295.0	64666319.0	
numberOfPoint-----------------	1	1	1	1	1	1	1	1	1	1	1	1	1	1	1	1	1	1	1	1	1	1	1	1	1	1	1	1	1	1	1	1	1	1	1	1	1	1	1	1	1	1	1	1	1	1	1	1	1	1	4	3	4	6	3	2	4	6	4	8	3	5	4	3	7	2	3	11	4	3	4	4	1	3	4	5	5	3	11	2	3	3	3	6	5	5	3	6	6	2	3	6	5	3	1	6	7	3	6	4	
standardDeviation-------------	.0	.0	.0	.0	.0	.0	.0	.0	.0	.0	.0	.0	.0	.0	.0	.0	.0	.0	.0	.0	.0	.0	.0	.0	.0	.0	.0	.0	.0	.0	.0	.0	.0	.0	.0	.0	.0	.0	.0	.0	.0	.0	.0	.0	.0	.0	.0	.0	.0	.0	6.26	7.64	5.12	6.48	9.67	7.96	8.76	7.48	6.98	8.41	8.36	6.95	7.89	3.4	7.64	5.69	8.63	5.45	5.56	4.27	8.44	6.09	2.42	9.53	6.77	7.76	8.0	4.41	6.45	4.21	7.74	9.45	7.58	7.01	7.61	8.12	7.22	6.45	9.12	6.56	7.2	10.89	4.88	8.2	2.7	9.01	5.38	9.92	6.86	6.27	
initialCoverageValue----------	360	360	360	360	360	360	360	360	360	360	360	360	360	360	360	360	360	360	360	360	360	360	360	360	360	360	360	360	360	360	360	360	360	360	360	360	360	360	360	360	360	360	360	360	360	360	360	360	359	360	360	360	360	360	360	360	360	360	357	360	360	360	360	360	360	360	360	360	360	360	360	360	360	360	360	360	360	360	360	360	360	360	360	360	360	360	360	360	360	360	360	360	360	360	360	360	360	360	360	360	
initialRedundantCoverageValue-	1980	2520	2280	2580	2280	2340	1740	2220	2160	2820	2040	2160	2700	3000	3000	2700	2580	2640	2700	2280	2820	2880	2460	2100	2040	2520	2220	2280	2100	2880	1500	2460	2580	2580	2880	2460	2100	2400	2160	2580	2340	2400	2580	2220	2220	2400	2880	2400	2101	2580	1980	2880	2160	2340	2340	2400	2100	2580	2043	2400	2700	2760	1800	1320	2760	2280	2940	1680	2340	1920	2400	2640	2520	2880	2400	2880	2460	2280	2160	2340	2220	2700	2760	2880	2280	2400	2460	1800	2220	2040	2040	2640	3180	2700	2460	2100	2580	2460	2700	2760	
additionalPoiTime-------------	1.961088571E8
algorithmTime-----------------	1.54596991E7
Total Transferred Metadata----	3613

Photo List Size: 4495
Gained Coverage %-------------	0.6895210578953217
Gained Redundancy %-----------	0.05811443562580945
Total Cluster Created---------	50
Total Transferred Photo-------	1748
Total Photo at Destination----	651
Coverage Group----------------	1-30	31-60	61-90	91-120	121-150	151-180	181-210	211-240	241-270	271-300	301-330	331-360	
Coverage Distribution---------	0	1	0	4	4	6	10	17	19	17	12	10	
Ratio Group-------------------	.0	.1	.2	.3	.4	.5	.6	.7	.8	.9	1.0	
Coverage Ratio----------------	0	0	1	1	6	7	14	20	23	17	11	
Redundant Ratio---------------	8	79	13	0	0	0	0	0	0	0	0	
NumberOfPoint Group-----------	0	1	2	3	4	5	6	7	8	9	10	11	
NumOfPoint Distribution-------	0	2	4	15	10	6	8	2	1	0	0	2	
SD Group----------------------	0-1	1-2	2-3	3-4	4-5	5-6	6-7	7-8	8-9	9-10	10-11	
SD Distribution---------------	50	0	2	1	4	5	11	12	8	6	1	
Half Coverage Group-----------	0-16038847	16038847-32077694	32077694-48116541	48116541-64155388	64155388-80194235	80194235-96233082	96233082-112271929	112271929-128310776	128310776-144349623	144349623-160388470	160388470-176427317	
Half Cvg Time Distribution----	0	12	56	9	10	0	0	0	0	0	0	
Transferred Photo Group-------	0-16038847	16038847-32077694	32077694-48116541	48116541-64155388	64155388-80194235	80194235-96233082	96233082-112271929	112271929-128310776	128310776-144349623	144349623-160388470	160388470-176427317	
Photo Time Distribution-------	603	1959	2387	720	564	12	0	25	10	0	0	

Cvg&Red Distribution----------	0.0	2.0	3.2077694E7	6.4155388E7	1.28310776E8	1.6038847E8	9.6233082E7	
Average PhotoNum--------------	26.63888888888889	26.63888888888889	27.127777777777776	27.544444444444444	27.905555555555555	27.9	27.905555555555555	
Nodes Above Average-----------	102	102	97	93	93	93	93	
Nodes Below Average-----------	78	78	83	87	87	87	87	

Average Coverage--------------	1556.8666666666666	1556.8666666666666	1586.7166666666667	1610.4722222222222	1630.2333333333333	1629.9	1630.2333333333333	
Nodes Above Average-----------	102	102	100	93	90	90	90	
Nodes Below Average-----------	78	78	80	87	90	90	90	
Photos Above Average----------	33	33	34	36	37	37	37	
Photos Below Average----------	17	17	17	18	18	18	18	
Network Coverage--------------	35994	35994	35994	35989	35989	35989	35989	

Average Redundancy------------	41.46666666666667	41.46666666666667	40.95	42.19444444444444	44.1	44.1	44.1	
Nodes Above Average-----------	76	76	74	68	69	69	69	
Nodes Below Average-----------	104	104	106	112	111	111	111	
Photos Above Average----------	32	32	33	34	35	35	35	
Photos Below Average----------	22	22	23	23	23	23	23	
Network Redundancy------------	251706	251706	256986	261491	265391	265331	265391	

