Message stats for scenario Photo_1250-Scenario_5-ActualPOI_50
sim_time: 160388470.0000

Photo List Size: 1109
coverageValue-----------------	60	0	100	228	215	147	240	0	158	234	0	120	120	180	126	60	121	120	120	209	120	150	163	180	225	60	209	175	297	177	93	60	194	130	80	120	137	120	175	180	85	140	208	209	120	120	120	139	180	233	180	204	107	120	150	163	224	60	149	60	180	240	60	180	299	120	185	261	143	120	308	120	108	120	120	60	0	274	180	120	179	176	98	180	120	124	207	173	121	0	179	120	274	0	180	60	120	137	279	162	
redundantCoverageValue--------	0	0	140	132	25	33	0	0	22	66	0	0	0	0	54	0	59	0	0	91	0	90	17	60	75	0	31	5	63	3	27	0	46	50	40	0	43	0	5	0	35	40	92	91	0	0	0	41	0	67	0	96	13	0	30	77	76	0	31	0	0	0	0	0	61	0	55	39	37	0	112	0	72	0	0	0	0	86	0	0	61	64	22	0	0	56	93	67	59	0	1	0	146	0	0	0	0	43	201	18	
halfCoverageTime--------------	.0	.0	.0	33298113.0	33906518.0	.0	64582406.0	.0	.0	63704113.0	.0	.0	.0	64666177.0	.0	.0	.0	.0	.0	63507449.0	.0	.0	.0	63704138.0	63271974.0	.0	32868722.0	.0	64582391.0	.0	.0	.0	63271969.0	.0	.0	.0	.0	.0	.0	63849939.0	.0	.0	64732450.0	64732425.0	.0	.0	.0	.0	63704118.0	33178415.0	63704093.0	63704133.0	.0	.0	.0	.0	32868737.0	.0	.0	.0	64666247.0	32675978.0	.0	32686103.0	32008444.0	.0	32008311.0	33266782.0	.0	.0	32008243.0	.0	.0	.0	.0	.0	.0	32960367.0	64666212.0	.0	.0	.0	.0	64666182.0	.0	.0	33178445.0	.0	.0	.0	.0	.0	32095119.0	.0	64666124.0	.0	.0	.0	32008258.0	.0	
numberOfPoint-----------------	1	1	1	1	1	1	1	1	1	1	1	1	1	1	1	1	1	1	1	1	1	1	1	1	1	1	1	1	1	1	1	1	1	1	1	1	1	1	1	1	1	1	1	1	1	1	1	1	1	1	4	2	2	9	2	2	1	1	3	2	1	2	3	3	1	2	3	5	3	3	2	5	1	1	9	4	3	5	4	2	4	1	4	1	2	4	3	7	2	2	3	6	3	4	7	2	3	6	1	2	
standardDeviation-------------	.0	.0	.0	.0	.0	.0	.0	.0	.0	.0	.0	.0	.0	.0	.0	.0	.0	.0	.0	.0	.0	.0	.0	.0	.0	.0	.0	.0	.0	.0	.0	.0	.0	.0	.0	.0	.0	.0	.0	.0	.0	.0	.0	.0	.0	.0	.0	.0	.0	.0	8.63	7.28	8.79	11.2	6.79	3.75	5.73	5.1	9.22	5.6	7.71	9.27	5.96	6.43	5.02	6.94	3.21	7.62	9.31	10.23	4.02	6.65	8.39	2.88	9.26	7.69	9.6	6.59	6.42	4.49	5.81	2.86	5.52	3.79	8.18	12.82	8.37	4.64	.94	9.51	7.57	6.52	5.7	5.64	6.14	7.41	6.87	8.84	3.61	7.27	
initialCoverageValue----------	314	285	303	345	318	359	334	278	350	356	250	305	316	334	360	341	282	353	301	329	351	296	322	323	360	314	302	334	350	360	328	328	315	311	254	342	297	360	296	265	257	327	332	291	333	290	264	349	322	299	323	346	331	359	360	313	338	292	358	333	244	331	273	326	329	284	314	341	358	304	356	275	280	325	311	288	233	309	355	344	320	280	217	304	350	286	304	297	317	299	325	341	360	294	310	290	313	304	359	357	
initialRedundantCoverageValue-	226	195	357	615	342	541	206	262	550	484	110	355	224	386	540	379	378	547	299	871	489	424	578	397	720	526	358	386	550	840	452	752	345	469	286	498	363	720	304	215	283	453	628	549	387	310	396	311	758	541	397	554	569	301	300	347	622	248	602	387	176	989	87	394	571	256	286	319	542	296	664	325	380	275	409	372	127	411	425	316	460	320	203	236	430	134	416	423	343	181	695	559	780	246	530	430	287	716	661	183	
additionalPoiTime-------------	0.0
algorithmTime-----------------	1014006.5
Total Transferred Metadata----	3628

Photo List Size: 1109
Gained Coverage %-------------	0.4632959393269079
Gained Redundancy %-----------	0.07461910948387859
Total Cluster Created---------	50
Total Transferred Photo-------	737
Total Photo at Destination----	298
Coverage Group----------------	1-30	31-60	61-90	91-120	121-150	151-180	181-210	211-240	241-270	271-300	301-330	331-360	
Coverage Distribution---------	6	9	2	25	14	21	8	8	1	5	1	0	
Ratio Group-------------------	.0	.1	.2	.3	.4	.5	.6	.7	.8	.9	1.0	
Coverage Ratio----------------	6	0	5	5	25	17	18	12	8	3	1	
Redundant Ratio---------------	46	18	28	5	2	1	0	0	0	0	0	
NumberOfPoint Group-----------	0	1	2	3	4	5	6	7	8	9	
NumOfPoint Distribution-------	0	9	14	11	7	3	2	2	0	2	
SD Group----------------------	0-1	1-2	2-3	3-4	4-5	5-6	6-7	7-8	8-9	9-10	10-11	11-12	12-13	
SD Distribution---------------	51	0	2	4	3	9	9	7	6	6	1	1	1	
Half Coverage Group-----------	0-16038847	16038847-32077694	32077694-48116541	48116541-64155388	64155388-80194235	80194235-96233082	96233082-112271929	112271929-128310776	128310776-144349623	144349623-160388470	160388470-176427317	
Half Cvg Time Distribution----	0	4	11	9	9	0	0	0	0	0	0	
Transferred Photo Group-------	0-16038847	16038847-32077694	32077694-48116541	48116541-64155388	64155388-80194235	80194235-96233082	96233082-112271929	112271929-128310776	128310776-144349623	144349623-160388470	160388470-176427317	
Photo Time Distribution-------	154	304	437	178	117	8	0	6	7	0	0	

Cvg&Red Distribution----------	0.0	2.0	3.2077694E7	6.4155388E7	1.28310776E8	1.6038847E8	9.6233082E7	
Average PhotoNum--------------	6.555555555555555	6.555555555555555	6.6722222222222225	6.511111111111111	6.583333333333333	6.583333333333333	6.583333333333333	
Nodes Above Average-----------	101	101	100	89	88	88	88	
Nodes Below Average-----------	79	79	80	91	92	92	92	

Average Coverage--------------	391.6111111111111	391.6111111111111	398.02222222222224	388.6222222222222	392.9555555555556	392.9555555555556	392.9555555555556	
Nodes Above Average-----------	101	101	98	89	88	88	88	
Nodes Below Average-----------	79	79	82	91	92	92	92	
Photos Above Average----------	8	8	8	8	9	9	9	
Photos Below Average----------	4	4	4	4	4	4	4	
Network Coverage--------------	30762	30762	30610	29939	29789	29789	29789	

Average Redundancy------------	1.7222222222222223	1.7222222222222223	2.311111111111111	2.0444444444444443	2.0444444444444443	2.0444444444444443	2.0444444444444443	
Nodes Above Average-----------	10	10	12	12	12	12	12	
Nodes Below Average-----------	170	170	168	168	168	168	168	
Photos Above Average----------	7	7	8	8	8	8	8	
Photos Below Average----------	6	6	6	6	6	6	6	
Network Redundancy------------	40038	40038	41450	40381	41311	41311	41311	

