Message stats for scenario Photo_1250-Scenario_6-ActualPOI_50
sim_time: 160388470.0000

Photo List Size: 284
coverageValue-----------------	154	178	151	180	120	60	180	120	120	149	167	60	60	344	186	169	105	177	180	134	120	272	0	60	60	180	120	0	120	76	120	60	111	247	120	259	120	264	149	194	0	155	255	180	180	0	176	60	156	182	162	162	166	60	146	60	120	120	180	123	60	112	149	150	226	106	120	0	60	212	88	60	140	192	0	120	239	90	171	130	0	120	161	0	0	207	84	230	158	120	120	60	129	332	160	205	165	216	171	228	
redundantCoverageValue--------	146	62	29	0	0	0	0	0	0	31	13	0	0	76	54	131	15	3	0	46	0	28	0	0	0	0	0	0	0	44	0	0	69	113	0	41	0	96	31	166	0	25	45	0	0	0	4	0	24	58	18	78	134	0	94	0	0	0	0	57	0	8	91	30	14	134	0	0	0	28	32	0	40	48	0	0	1	30	69	50	0	0	79	0	0	153	96	10	22	0	0	0	51	28	200	35	75	24	69	252	
halfCoverageTime--------------	.0	.0	.0	64666251.0	.0	.0	33384251.0	.0	.0	.0	.0	.0	.0	32868717.0	64139262.0	.0	.0	.0	63704118.0	.0	.0	32960340.0	.0	.0	.0	63507449.0	.0	.0	.0	.0	.0	.0	.0	32510968.0	.0	33178440.0	.0	32761691.0	.0	33195249.0	.0	.0	32868747.0	64732430.0	64139252.0	.0	.0	.0	.0	33298088.0	.0	.0	.0	.0	.0	.0	.0	.0	63271974.0	.0	.0	.0	.0	.0	33906498.0	.0	.0	.0	.0	64666159.0	.0	.0	.0	33178445.0	.0	.0	32686113.0	.0	.0	.0	.0	.0	.0	.0	.0	63849939.0	.0	63507434.0	.0	.0	.0	.0	.0	32159148.0	.0	33178430.0	.0	64666169.0	.0	63849924.0	
numberOfPoint-----------------	1	1	1	1	1	1	1	1	1	1	1	1	1	1	1	1	1	1	1	1	1	1	1	1	1	1	1	1	1	1	1	1	1	1	1	1	1	1	1	1	1	1	1	1	1	1	1	1	1	1	1	1	2	0	1	1	0	0	2	0	1	1	1	1	2	0	0	0	0	3	1	0	1	1	0	1	1	1	1	0	0	1	1	0	0	1	0	2	1	0	1	1	1	1	1	2	2	1	1	2	
standardDeviation-------------	.0	.0	.0	.0	.0	.0	.0	.0	.0	.0	.0	.0	.0	.0	.0	.0	.0	.0	.0	.0	.0	.0	.0	.0	.0	.0	.0	.0	.0	.0	.0	.0	.0	.0	.0	.0	.0	.0	.0	.0	.0	.0	.0	.0	.0	.0	.0	.0	.0	.0	12.54	10.08	8.82	.0	9.64	5.39	.0	.0	7.39	.0	5.2	6.91	7.71	2.25	11.24	.0	.0	.0	.0	8.28	14.24	.0	2.97	3.09	.0	7.68	1.96	2.33	5.76	.0	.0	5.79	12.03	.0	.0	1.17	.0	7.74	6.9	.0	5.65	3.51	12.59	6.63	6.89	7.82	5.66	5.04	7.91	6.97	
initialCoverageValue----------	322	334	312	348	360	323	319	249	318	345	360	331	298	357	354	265	344	326	324	327	245	354	326	225	335	339	331	273	359	314	276	293	342	348	244	336	213	351	335	266	188	175	360	313	298	259	310	249	351	330	345	318	356	233	327	282	356	359	360	353	290	219	260	294	360	324	344	280	335	353	283	245	304	337	299	336	333	319	328	331	324	340	188	360	324	343	298	329	323	355	309	266	273	360	333	330	360	319	360	321	
initialRedundantCoverageValue-	758	146	468	432	720	637	341	231	702	315	720	449	362	603	366	815	556	334	456	333	295	426	214	255	385	261	329	267	241	226	264	307	438	552	116	744	147	669	385	454	232	425	720	587	362	221	470	351	309	630	315	462	604	127	573	198	484	481	420	967	190	81	400	306	600	396	376	440	385	427	257	235	356	803	121	324	507	221	692	629	516	320	232	600	216	497	362	331	517	305	411	154	387	840	507	210	780	581	480	879	
additionalPoiTime-------------	0.0
algorithmTime-----------------	1965612.6
Total Transferred Metadata----	2855

Photo List Size: 284
Gained Coverage %-------------	0.4334226988382484
Gained Redundancy %-----------	0.07994732881866065
Total Cluster Created---------	0
Total Transferred Photo-------	1455
Total Photo at Destination----	291
Coverage Group----------------	1-30	31-60	61-90	91-120	121-150	151-180	181-210	211-240	241-270	271-300	301-330	331-360	
Coverage Distribution---------	9	13	4	20	10	25	6	6	4	1	0	2	
Ratio Group-------------------	.0	.1	.2	.3	.4	.5	.6	.7	.8	.9	1.0	
Coverage Ratio----------------	9	0	4	12	17	21	17	8	8	2	2	
Redundant Ratio---------------	45	28	16	5	5	1	0	0	0	0	0	
NumberOfPoint Group-----------	0	1	2	3	
NumOfPoint Distribution-------	16	26	7	1	
SD Group----------------------	0-1	1-2	2-3	3-4	4-5	5-6	6-7	7-8	8-9	9-10	10-11	11-12	12-13	13-14	14-15	
SD Distribution---------------	66	2	3	2	0	7	5	6	2	1	1	1	3	0	1	
Half Coverage Group-----------	0-16038847	16038847-32077694	32077694-48116541	48116541-64155388	64155388-80194235	80194235-96233082	96233082-112271929	112271929-128310776	128310776-144349623	144349623-160388470	160388470-176427317	
Half Cvg Time Distribution----	0	0	14	8	4	0	0	0	0	0	0	
Transferred Photo Group-------	0-16038847	16038847-32077694	32077694-48116541	48116541-64155388	64155388-80194235	80194235-96233082	96233082-112271929	112271929-128310776	128310776-144349623	144349623-160388470	160388470-176427317	
Photo Time Distribution-------	149	556	1139	384	279	7	0	12	6	0	0	

Cvg&Red Distribution----------	0.0	2.0	3.2077694E7	6.4155388E7	1.28310776E8	1.6038847E8	9.6233082E7	
Average PhotoNum--------------	6.555555555555555	6.555555555555555	6.877777777777778	7.338888888888889	7.477777777777778	7.477777777777778	7.45	
Nodes Above Average-----------	101	101	105	81	84	84	83	
Nodes Below Average-----------	79	79	75	99	96	96	97	

Average Coverage--------------	390.1277777777778	390.1277777777778	409.31111111111113	437.14444444444445	445.84444444444443	445.84444444444443	444.1777777777778	
Nodes Above Average-----------	99	99	101	81	84	84	83	
Nodes Below Average-----------	81	81	79	99	96	96	97	
Photos Above Average----------	8	8	8	10	10	10	10	
Photos Below Average----------	4	4	4	4	4	4	4	
Network Coverage--------------	30700	30700	30575	30111	30011	30011	30011	

Average Redundancy------------	3.2055555555555557	3.2055555555555557	3.3555555555555556	3.188888888888889	2.8222222222222224	2.8222222222222224	2.8222222222222224	
Nodes Above Average-----------	15	15	16	14	14	14	14	
Nodes Below Average-----------	165	165	164	166	166	166	166	
Photos Above Average----------	8	8	8	9	9	9	9	
Photos Below Average----------	6	6	6	7	7	7	7	
Network Redundancy------------	40100	40100	43705	49149	50749	50749	50449	

