Message stats for scenario Photo_5000-Scenario_5-ActualPOI_50
sim_time: 160388470.0000

Photo List Size: 4495
coverageValue-----------------	244	156	285	279	284	262	284	281	337	331	319	291	295	249	351	348	303	337	296	333	304	343	301	264	345	327	278	299	291	284	320	285	248	273	335	332	329	272	296	348	97	268	241	251	291	201	318	291	328	282	335	195	225	130	230	340	231	303	124	198	174	120	221	185	298	180	160	188	349	261	238	260	191	221	231	315	311	276	120	288	175	73	172	243	103	60	237	233	313	197	239	180	287	225	257	189	281	246	288	214	
redundantCoverageValue--------	56	84	75	21	76	98	136	79	143	209	281	129	5	111	189	252	237	203	64	267	56	317	119	96	255	153	202	181	189	316	280	135	52	147	265	88	91	88	64	192	83	92	179	49	69	39	162	189	212	138	205	105	75	110	70	380	129	117	56	162	66	0	199	55	182	0	80	52	311	39	62	40	169	79	69	225	169	264	0	132	5	47	8	117	137	0	3	127	227	163	61	60	133	195	163	111	259	114	132	146	
halfCoverageTime--------------	63849989.0	.0	64666286.0	32675966.0	32264612.0	32095119.0	33178440.0	32676002.0	32061724.0	32960397.0	32868777.0	32686158.0	32159420.0	33195294.0	32264312.0	33178450.0	32960367.0	32686143.0	32960387.0	32159410.0	32868767.0	33007247.0	32675996.0	32159359.0	32061684.0	32868747.0	63704213.0	33906613.0	32264382.0	33195299.0	32676014.0	32960325.0	32761737.0	33985322.0	33906513.0	33195324.0	32960345.0	32960427.0	64139247.0	32264342.0	.0	33906538.0	32761732.0	33906523.0	33195364.0	32686133.0	33007252.0	33906608.0	32761757.0	33985367.0	32008270.0	32159395.0	63849912.0	.0	32095134.0	32159495.0	63704093.0	32761696.0	.0	63507480.0	.0	.0	32264297.0	33298118.0	32868752.0	32264412.0	.0	63704098.0	32008386.0	32008439.0	33985317.0	32264252.0	32686128.0	32960457.0	63271969.0	32264597.0	32159415.0	32061649.0	.0	32264307.0	.0	.0	.0	32960340.0	.0	.0	32159133.0	64666271.0	32159103.0	32960315.0	32008509.0	32868712.0	32008264.0	32868717.0	32264377.0	32159425.0	32960432.0	64666301.0	32264332.0	32960462.0	
numberOfPoint-----------------	1	1	1	1	1	1	1	1	1	1	1	1	1	1	1	1	1	1	1	1	1	1	1	1	1	1	1	1	1	1	1	1	1	1	1	1	1	1	1	1	1	1	1	1	1	1	1	1	1	1	2	4	4	3	6	7	2	7	2	3	4	7	4	2	2	4	3	17	3	3	1	5	1	5	5	4	4	3	2	4	8	2	3	2	2	2	7	5	2	3	5	6	8	3	5	2	13	5	5	2	
standardDeviation-------------	.0	.0	.0	.0	.0	.0	.0	.0	.0	.0	.0	.0	.0	.0	.0	.0	.0	.0	.0	.0	.0	.0	.0	.0	.0	.0	.0	.0	.0	.0	.0	.0	.0	.0	.0	.0	.0	.0	.0	.0	.0	.0	.0	.0	.0	.0	.0	.0	.0	.0	5.62	6.7	5.27	6.9	8.7	6.59	4.21	8.06	5.45	6.7	7.37	6.32	9.58	4.45	7.09	6.64	7.21	6.26	9.8	7.01	2.25	8.09	4.73	8.01	8.02	6.66	8.11	5.49	9.58	10.11	9.15	8.15	8.22	6.37	8.54	9.52	5.95	3.72	7.12	6.68	6.34	6.85	8.57	6.72	6.73	4.63	8.29	8.22	5.98	5.69	
initialCoverageValue----------	360	360	360	360	360	360	360	360	360	360	360	360	360	360	360	360	360	360	360	360	360	360	360	360	360	360	360	360	360	360	360	360	360	360	360	360	360	360	360	360	360	360	360	360	360	360	360	360	360	360	360	360	360	360	360	360	360	360	360	360	360	360	360	360	360	360	360	360	360	360	360	360	360	360	360	360	360	360	360	360	360	360	360	360	360	360	360	360	360	360	360	360	360	360	360	360	360	360	360	360	
initialRedundantCoverageValue-	2400	2400	2100	2040	2820	2400	2520	2040	2520	2940	2760	3120	2520	2580	3060	3240	2160	3240	2160	2400	2220	2940	2880	2160	1980	2220	2220	2760	2640	2040	2280	2580	1560	2760	2100	2700	3120	2280	2520	2460	2400	2520	2640	2640	2940	1980	1920	2520	2400	2280	2700	2280	2280	2340	2940	2400	2340	2100	2160	2220	1920	1620	2040	3120	2100	2520	2400	2760	3660	2340	2460	2040	2460	3120	2160	2700	3000	2460	2040	2220	2220	1980	2880	2400	2460	1920	1740	2280	2340	2280	2640	2880	2040	2520	2040	2280	2820	2880	2400	2400	
additionalPoiTime-------------	0.0
algorithmTime-----------------	1.46016936E7
Total Transferred Metadata----	3614

Photo List Size: 4495
Gained Coverage %-------------	0.7115833333333333
Gained Redundancy %-----------	0.053289958261723544
Total Cluster Created---------	50
Total Transferred Photo-------	1687
Total Photo at Destination----	644
Coverage Group----------------	1-30	31-60	61-90	91-120	121-150	151-180	181-210	211-240	241-270	271-300	301-330	331-360	
Coverage Distribution---------	0	1	1	4	2	7	8	12	13	25	13	14	
Ratio Group-------------------	.0	.1	.2	.3	.4	.5	.6	.7	.8	.9	1.0	
Coverage Ratio----------------	0	0	1	3	4	7	9	18	22	19	17	
Redundant Ratio---------------	4	86	10	0	0	0	0	0	0	0	0	
NumberOfPoint Group-----------	0	1	2	3	4	5	6	7	8	9	10	11	12	13	14	15	16	17	
NumOfPoint Distribution-------	0	2	13	9	8	8	2	4	2	0	0	0	0	1	0	0	0	1	
SD Group----------------------	0-1	1-2	2-3	3-4	4-5	5-6	6-7	7-8	8-9	9-10	10-11	
SD Distribution---------------	50	0	1	1	4	7	14	5	12	5	1	
Half Coverage Group-----------	0-16038847	16038847-32077694	32077694-48116541	48116541-64155388	64155388-80194235	80194235-96233082	96233082-112271929	112271929-128310776	128310776-144349623	144349623-160388470	160388470-176427317	
Half Cvg Time Distribution----	0	8	68	8	3	0	0	0	0	0	0	
Transferred Photo Group-------	0-16038847	16038847-32077694	32077694-48116541	48116541-64155388	64155388-80194235	80194235-96233082	96233082-112271929	112271929-128310776	128310776-144349623	144349623-160388470	160388470-176427317	
Photo Time Distribution-------	562	1227	1937	546	484	15	0	18	18	0	0	

Cvg&Red Distribution----------	0.0	2.0	3.2077694E7	6.4155388E7	1.28310776E8	1.6038847E8	9.6233082E7	
Average PhotoNum--------------	26.63888888888889	26.63888888888889	27.144444444444446	27.52777777777778	27.944444444444443	27.93888888888889	27.944444444444443	
Nodes Above Average-----------	102	102	97	93	93	93	93	
Nodes Below Average-----------	78	78	83	87	87	87	87	

Average Coverage--------------	1558.7833333333333	1558.7833333333333	1586.0666666666666	1606.7111111111112	1630.25	1629.9166666666667	1630.25	
Nodes Above Average-----------	103	103	100	95	86	87	86	
Nodes Below Average-----------	77	77	80	85	94	93	94	
Photos Above Average----------	33	33	34	36	37	37	37	
Photos Below Average----------	17	17	17	17	18	18	18	
Network Coverage--------------	36000	36000	36000	36000	36000	36000	36000	

Average Redundancy------------	39.55	39.55	42.6	44.955555555555556	46.416666666666664	46.416666666666664	46.416666666666664	
Nodes Above Average-----------	78	78	77	75	75	75	75	
Nodes Below Average-----------	102	102	103	105	105	105	105	
Photos Above Average----------	32	32	33	34	36	36	36	
Photos Below Average----------	22	22	22	22	22	22	22	
Network Redundancy------------	251700	251700	257160	261300	265800	265740	265800	

