Message stats for scenario Photo_2500-Scenario_5-ActualPOI_50
sim_time: 160388470.0000

Photo List Size: 2145
coverageValue-----------------	194	266	179	291	60	198	185	201	160	288	211	120	244	205	60	175	172	290	210	218	186	201	255	154	148	180	240	133	267	182	290	120	171	281	180	120	142	173	210	266	229	194	110	176	232	193	200	338	180	183	275	163	234	180	234	60	120	192	187	120	120	180	186	60	312	192	204	60	253	324	99	120	62	173	152	168	304	60	104	89	253	225	187	156	260	222	60	121	213	126	160	188	172	198	164	181	229	192	181	180	
redundantCoverageValue--------	106	94	1	189	0	162	55	39	20	132	149	0	56	95	0	65	8	70	90	22	234	39	45	26	32	0	0	47	93	58	130	0	9	139	0	0	38	7	150	94	71	106	70	124	68	107	100	82	60	57	205	137	66	0	66	0	0	108	53	0	0	0	54	0	228	48	96	0	47	276	21	0	58	67	88	72	56	0	76	91	167	135	113	84	220	78	0	59	27	54	140	112	8	102	76	59	71	108	59	0	
halfCoverageTime--------------	64582401.0	33906548.0	.0	32095129.0	.0	64666149.0	64666124.0	64666311.0	.0	33195249.0	64666119.0	.0	33906513.0	33266794.0	.0	.0	.0	32686153.0	64666144.0	64666321.0	63704158.0	32960345.0	63271974.0	.0	.0	64666296.0	33266819.0	.0	32159123.0	64666169.0	33036187.0	.0	.0	33195259.0	64666301.0	.0	.0	.0	32008499.0	32960382.0	32675966.0	64139282.0	.0	.0	33985327.0	64666256.0	33178430.0	32868732.0	64732445.0	64666341.0	1746486.0	.0	32960362.0	32686093.0	63704113.0	.0	.0	33384246.0	64666326.0	.0	.0	64666236.0	33205464.0	.0	32008419.0	63849944.0	32008362.0	.0	32960402.0	32008459.0	.0	.0	.0	.0	.0	.0	32008321.0	.0	.0	.0	33266788.0	64582411.0	32761696.0	.0	32159118.0	64666316.0	.0	.0	64732435.0	.0	.0	33298108.0	.0	33298113.0	.0	64732430.0	32008316.0	33906543.0	32686108.0	63507439.0	
numberOfPoint-----------------	1	1	1	1	1	1	1	1	1	1	1	1	1	1	1	1	1	1	1	1	1	1	1	1	1	1	1	1	1	1	1	1	1	1	1	1	1	1	1	1	1	1	1	1	1	1	1	1	1	1	4	4	4	7	5	6	1	3	6	2	2	2	2	4	2	6	2	9	12	13	5	4	1	2	4	3	6	2	6	4	8	3	2	1	10	1	13	1	6	4	3	8	5	2	10	8	7	3	2	4	
standardDeviation-------------	.0	.0	.0	.0	.0	.0	.0	.0	.0	.0	.0	.0	.0	.0	.0	.0	.0	.0	.0	.0	.0	.0	.0	.0	.0	.0	.0	.0	.0	.0	.0	.0	.0	.0	.0	.0	.0	.0	.0	.0	.0	.0	.0	.0	.0	.0	.0	.0	.0	.0	9.18	8.78	6.87	6.54	8.28	6.77	8.9	4.23	6.08	7.99	5.98	5.96	6.86	4.9	5.85	7.26	5.93	6.91	5.66	4.42	5.79	10.55	5.51	5.59	6.45	5.15	8.0	6.08	6.61	5.6	7.17	8.0	4.71	3.45	7.73	1.8	6.46	2.06	7.78	3.65	7.35	7.5	5.85	8.85	5.18	7.38	6.07	5.15	5.95	9.21	
initialCoverageValue----------	354	360	360	360	360	360	310	352	360	360	360	360	360	355	360	360	360	322	360	360	316	360	360	360	358	325	360	360	360	357	360	360	339	360	360	360	305	360	360	360	360	360	332	339	360	360	360	360	360	342	360	360	360	357	360	360	349	360	352	324	317	360	360	342	356	360	360	360	331	360	344	360	336	360	360	360	317	360	360	356	360	360	360	353	360	360	333	360	360	360	360	345	360	360	355	360	360	360	324	316	
initialRedundantCoverageValue-	1386	1320	900	1560	780	1080	530	908	1380	1500	1020	900	1440	845	1140	1200	1080	518	1260	1080	1184	1020	1200	660	842	695	1320	1080	1380	903	1080	1560	861	1140	1200	1200	1015	1200	1080	1140	1920	1140	1108	1161	1200	1020	1500	1500	1200	858	1560	1560	1080	783	960	1020	971	1320	1388	996	403	1260	1140	1098	1084	960	1200	900	929	960	676	1020	984	720	1080	1380	883	720	1020	1084	1800	1320	1080	727	1680	1080	567	1200	960	1080	1560	1275	1380	960	905	960	1380	1020	1116	404	
additionalPoiTime-------------	0.0
algorithmTime-----------------	3104419.9
Total Transferred Metadata----	3620

Photo List Size: 2145
Gained Coverage %-------------	0.5246366134927606
Gained Redundancy %-----------	0.06306757630684871
Total Cluster Created---------	51
Total Transferred Photo-------	1161
Total Photo at Destination----	427
Coverage Group----------------	1-30	31-60	61-90	91-120	121-150	151-180	181-210	211-240	241-270	271-300	301-330	331-360	
Coverage Distribution---------	0	7	2	10	5	22	25	11	8	6	3	1	
Ratio Group-------------------	.0	.1	.2	.3	.4	.5	.6	.7	.8	.9	1.0	
Coverage Ratio----------------	0	0	8	3	11	19	32	10	10	4	3	
Redundant Ratio---------------	20	59	19	2	0	0	0	0	0	0	0	
NumberOfPoint Group-----------	0	1	2	3	4	5	6	7	8	9	10	11	12	13	
NumOfPoint Distribution-------	0	5	11	5	9	3	6	2	3	1	2	0	1	2	
SD Group----------------------	0-1	1-2	2-3	3-4	4-5	5-6	6-7	7-8	8-9	9-10	10-11	
SD Distribution---------------	50	1	1	2	4	14	11	10	4	2	1	
Half Coverage Group-----------	0-16038847	16038847-32077694	32077694-48116541	48116541-64155388	64155388-80194235	80194235-96233082	96233082-112271929	112271929-128310776	128310776-144349623	144349623-160388470	160388470-176427317	
Half Cvg Time Distribution----	1	6	28	6	19	0	0	0	0	0	0	
Transferred Photo Group-------	0-16038847	16038847-32077694	32077694-48116541	48116541-64155388	64155388-80194235	80194235-96233082	96233082-112271929	112271929-128310776	128310776-144349623	144349623-160388470	160388470-176427317	
Photo Time Distribution-------	300	590	931	299	244	11	0	12	9	0	0	

Cvg&Red Distribution----------	0.0	2.0	3.2077694E7	6.4155388E7	1.28310776E8	1.6038847E8	9.6233082E7	
Average PhotoNum--------------	12.672222222222222	12.672222222222222	13.011111111111111	13.005555555555556	13.227777777777778	13.222222222222221	13.227777777777778	
Nodes Above Average-----------	101	101	89	79	79	79	79	
Nodes Below Average-----------	79	79	91	101	101	101	101	

Average Coverage--------------	750.4888888888889	750.4888888888889	770.5833333333334	769.95	783.2611111111111	782.9277777777778	783.2611111111111	
Nodes Above Average-----------	99	99	100	93	79	79	79	
Nodes Below Average-----------	81	81	80	87	101	101	101	
Photos Above Average----------	16	16	17	17	18	18	18	
Photos Below Average----------	8	8	8	8	8	8	8	
Network Coverage--------------	34909	34909	34873	34769	34769	34769	34769	

Average Redundancy------------	9.844444444444445	9.844444444444445	10.083333333333334	10.383333333333333	10.405555555555555	10.405555555555555	10.405555555555555	
Nodes Above Average-----------	40	40	41	41	41	41	41	
Nodes Below Average-----------	140	140	139	139	139	139	139	
Photos Above Average----------	16	16	17	17	17	17	17	
Photos Below Average----------	11	11	11	11	11	11	11	
Network Redundancy------------	101951	101951	105647	105691	108091	108031	108091	

