Message stats for scenario Photo_10000-Scenario_7-ActualPOI_50
sim_time: 160388470.0000

Photo List Size: 8411
coverageValue-----------------	318	346	305	319	316	204	303	344	200	243	257	332	325	228	258	275	308	348	294	325	278	166	260	219	300	349	326	237	273	303	323	291	277	144	335	314	287	273	320	249	248	345	261	217	240	342	268	286	197	242	360	203	273	281	327	291	298	253	359	360	238	358	192	297	276	337	353	360	270	210	201	235	292	339	347	282	273	357	345	321	344	340	332	360	216	344	357	237	339	236	341	323	339	274	360	347	360	161	299	338	
redundantCoverageValue--------	222	434	415	101	164	96	297	436	100	177	163	388	335	12	282	85	292	252	306	395	142	134	280	261	240	71	154	123	267	177	397	369	143	276	505	46	193	147	220	111	232	255	279	143	0	318	92	314	103	178	360	37	147	319	273	429	122	287	601	540	122	482	168	243	264	203	427	360	210	90	99	305	248	501	373	318	147	723	375	399	316	500	388	540	444	496	483	243	621	124	199	397	321	446	360	433	360	199	241	442	
halfCoverageTime--------------	32264442.0	33205464.0	32960377.0	32008514.0	32686158.0	63849949.0	32761666.0	32159163.0	64666672.0	33195364.0	64666159.0	33195299.0	32008544.0	64666757.0	32264432.0	33266814.0	32061649.0	32159415.0	32008679.0	32159370.0	63850134.0	.0	33384431.0	64666226.0	32264417.0	33985402.0	63849944.0	33298088.0	32159450.0	32761651.0	63507434.0	32686168.0	33195289.0	.0	32761686.0	63271974.0	32761656.0	32960509.0	33384451.0	33384291.0	63850119.0	32159500.0	32159385.0	33384286.0	63507515.0	33906583.0	33195369.0	32264347.0	33906568.0	33384461.0	32264282.0	64666601.0	63704208.0	63704108.0	32960540.0	32008524.0	32676008.0	32159540.0	32686198.0	32159158.0	32159550.0	1746474.0	64582481.0	33384301.0	32761810.0	32264267.0	32686118.0	32686123.0	32264262.0	.0	63850044.0	33906508.0	32868787.0	32159178.0	33384356.0	33178420.0	33178435.0	32008459.0	32264467.0	32686113.0	32868732.0	32675996.0	32159510.0	32061639.0	32264457.0	33298113.0	32686148.0	32159465.0	32264362.0	32868747.0	32868717.0	32095149.0	32008534.0	32686163.0	32264402.0	32008439.0	31744035.0	.0	33384456.0	32686083.0	
numberOfPoint-----------------	1	1	1	1	1	1	1	1	1	1	1	1	1	1	1	1	1	1	1	1	1	1	1	1	1	1	1	1	1	1	1	1	1	1	1	1	1	1	1	1	1	1	1	1	1	1	1	1	1	1	3	3	10	8	5	6	2	2	4	7	11	2	5	5	5	8	7	2	3	8	3	5	2	5	5	3	6	7	8	3	5	1	2	3	2	4	5	5	2	9	3	3	5	2	3	1	3	8	2	4	
standardDeviation-------------	.0	.0	.0	.0	.0	.0	.0	.0	.0	.0	.0	.0	.0	.0	.0	.0	.0	.0	.0	.0	.0	.0	.0	.0	.0	.0	.0	.0	.0	.0	.0	.0	.0	.0	.0	.0	.0	.0	.0	.0	.0	.0	.0	.0	.0	.0	.0	.0	.0	.0	9.23	7.74	8.96	9.16	7.73	6.7	6.62	11.0	5.77	7.83	9.59	5.89	8.27	7.05	9.0	6.43	7.16	5.16	5.58	8.97	7.93	8.26	6.16	7.15	5.33	8.91	7.98	8.32	8.31	8.21	7.68	7.57	7.93	7.23	5.75	6.43	6.77	8.85	4.85	7.74	6.63	6.24	7.65	6.18	5.57	1.61	8.71	5.51	8.68	6.69	
initialCoverageValue----------	360	360	360	360	360	360	360	360	360	360	360	360	360	360	360	360	360	360	360	360	360	360	360	360	360	360	360	360	360	360	360	360	360	360	360	360	360	360	360	360	360	360	360	360	360	360	360	360	360	360	360	360	360	360	360	360	360	360	360	360	360	360	360	360	360	360	360	360	360	360	360	360	360	360	360	360	360	360	360	360	360	360	360	360	360	360	360	360	360	360	360	360	360	360	360	360	360	360	360	360	
initialRedundantCoverageValue-	4380	5280	5520	4500	5160	4560	4380	5160	4980	4740	4800	4020	5880	5040	4620	4860	5280	4680	4680	5460	4080	4200	5040	3780	4680	5220	4560	4500	5280	3960	4800	4200	4560	4320	4440	4740	4380	5400	5400	5340	4980	4860	5340	5280	5400	4680	4680	5160	5220	4140	5640	4380	5460	3540	5340	5760	5220	4920	4860	5460	3780	4080	4860	4860	4380	4560	4800	5820	4680	4500	4740	4920	4500	4440	4680	5220	5400	4980	5280	4980	6060	5460	5160	4740	5280	5280	4560	5340	5580	4140	4320	4920	5100	4980	4680	4680	4620	3960	4620	4620	
additionalPoiTime-------------	1.0700732594E9
algorithmTime-----------------	6.03411868E7
Total Transferred Metadata----	3609

Photo List Size: 8411
Gained Coverage %-------------	0.8098055555555556
Gained Redundancy %-----------	0.05744729133143541
Total Cluster Created---------	50
Total Transferred Photo-------	2144
Total Photo at Destination----	961
Coverage Group----------------	1-30	31-60	61-90	91-120	121-150	151-180	181-210	211-240	241-270	271-300	301-330	331-360	
Coverage Distribution---------	0	0	0	0	1	2	7	10	11	21	16	32	
Ratio Group-------------------	.0	.1	.2	.3	.4	.5	.6	.7	.8	.9	1.0	
Coverage Ratio----------------	0	0	0	0	1	2	8	13	20	20	36	
Redundant Ratio---------------	1	91	8	0	0	0	0	0	0	0	0	
NumberOfPoint Group-----------	0	1	2	3	4	5	6	7	8	9	10	11	
NumOfPoint Distribution-------	0	2	10	11	3	11	2	3	5	1	1	1	
SD Group----------------------	0-1	1-2	2-3	3-4	4-5	5-6	6-7	7-8	8-9	9-10	10-11	
SD Distribution---------------	50	1	0	0	1	8	10	14	12	3	1	
Half Coverage Group-----------	0-16038847	16038847-32077694	32077694-48116541	48116541-64155388	64155388-80194235	80194235-96233082	96233082-112271929	112271929-128310776	128310776-144349623	144349623-160388470	160388470-176427317	
Half Cvg Time Distribution----	1	10	69	10	6	0	0	0	0	0	0	
Transferred Photo Group-------	0-16038847	16038847-32077694	32077694-48116541	48116541-64155388	64155388-80194235	80194235-96233082	96233082-112271929	112271929-128310776	128310776-144349623	144349623-160388470	160388470-176427317	
Photo Time Distribution-------	950	3661	5325	1857	1282	72	0	83	61	0	0	

Cvg&Red Distribution----------	0.0	2.0	3.2077694E7	6.4155388E7	1.28310776E8	1.6038847E8	9.6233082E7	
Average PhotoNum--------------	49.51111111111111	49.51111111111111	50.37222222222222	51.25	51.794444444444444	51.794444444444444	51.794444444444444	
Nodes Above Average-----------	97	97	96	89	88	88	88	
Nodes Below Average-----------	83	83	84	91	92	92	92	

Average Coverage--------------	2827.938888888889	2827.938888888889	2872.883333333333	2921.616666666667	2948.9222222222224	2948.9222222222224	2948.9222222222224	
Nodes Above Average-----------	99	99	97	90	86	86	86	
Nodes Below Average-----------	81	81	83	90	94	94	94	
Photos Above Average----------	65	65	67	70	72	72	72	
Photos Below Average----------	30	30	30	32	33	33	33	
Network Coverage--------------	36000	36000	36000	36000	36000	36000	36000	

Average Redundancy------------	142.7277777777778	142.7277777777778	149.45	153.38333333333333	158.74444444444444	158.74444444444444	158.74444444444444	
Nodes Above Average-----------	76	76	75	75	74	74	74	
Nodes Below Average-----------	104	104	105	105	106	106	106	
Photos Above Average----------	65	65	67	70	71	71	71	
Photos Below Average----------	37	37	37	37	37	37	37	
Network Redundancy------------	498720	498720	508020	517500	523380	523380	523380	

