Message stats for scenario S-1_Photo_5000-Scenario_6-ActualPOI_50
sim_time: 160388470.0000

Photo List Size: 492
coverageValue-----------------	163	297	156	113	191	140	194	216	237	254	201	215	255	232	120	245	160	261	136	127	65	164	289	169	261	177	130	60	192	171	276	266	186	243	120	120	180	157	166	289	180	214	236	260	119	290	194	120	300	158	326	289	240	120	254	159	127	208	268	218	215	285	263	267	227	221	195	251	231	220	211	114	184	149	233	142	169	219	308	165	65	182	242	269	106	78	298	180	313	120	120	193	248	67	124	260	284	250	193	225	
redundantCoverageValue--------	137	123	84	7	49	100	346	84	63	226	39	145	45	128	0	55	80	279	44	53	55	16	71	191	99	243	50	0	48	9	204	154	54	177	0	0	0	23	14	131	0	146	244	160	1	70	166	0	180	82	94	251	0	0	46	81	53	32	92	22	25	75	277	33	73	199	105	109	129	80	29	6	116	31	7	158	71	141	172	135	55	118	178	151	74	102	182	0	227	0	0	167	112	53	56	100	76	50	107	75	
halfCoverageTime--------------	.0	32159148.0	.0	.0	63704148.0	.0	64582416.0	63507510.0	33384271.0	33384306.0	63507505.0	33384476.0	32761757.0	63849944.0	.0	32159138.0	.0	32761737.0	.0	.0	.0	.0	32761696.0	.0	33178430.0	.0	.0	.0	33384251.0	.0	33266764.0	32159435.0	33384471.0	63704213.0	.0	.0	33266788.0	.0	.0	32761651.0	32264417.0	63507434.0	32264277.0	63507490.0	.0	32159400.0	63704203.0	.0	32686148.0	.0	32264302.0	32159515.0	33384426.0	.0	32686163.0	.0	.0	64582446.0	63704218.0	64582406.0	32264242.0	32761794.0	33266804.0	63507535.0	63850064.0	33384456.0	64732445.0	63704113.0	33906533.0	63704078.0	63850029.0	.0	33384286.0	.0	63849929.0	.0	.0	33384346.0	32761666.0	.0	.0	33906573.0	33298088.0	33384366.0	.0	.0	33906603.0	63849924.0	32761747.0	.0	.0	63849959.0	63704233.0	.0	.0	33906528.0	33906513.0	32264397.0	64582481.0	32686103.0	
numberOfPoint-----------------	1	1	1	1	1	1	1	1	1	1	1	1	1	1	1	1	1	1	1	1	1	1	1	1	1	1	1	1	1	1	1	1	1	1	1	1	1	1	1	1	1	1	1	1	1	1	1	1	1	1	1	1	1	0	1	1	1	0	2	1	1	2	3	1	1	1	1	1	1	1	1	0	1	1	1	0	1	2	2	2	0	1	1	1	2	1	1	1	1	2	0	2	2	2	1	2	1	1	1	1	
standardDeviation-------------	.0	.0	.0	.0	.0	.0	.0	.0	.0	.0	.0	.0	.0	.0	.0	.0	.0	.0	.0	.0	.0	.0	.0	.0	.0	.0	.0	.0	.0	.0	.0	.0	.0	.0	.0	.0	.0	.0	.0	.0	.0	.0	.0	.0	.0	.0	.0	.0	.0	.0	5.1	5.97	8.95	.0	7.02	10.57	6.96	.0	9.0	8.85	1.34	9.93	7.45	6.15	2.8	.51	6.3	1.81	10.29	3.9	7.24	.0	8.78	6.74	4.46	.0	11.18	9.2	7.67	9.35	.0	2.85	10.9	5.19	7.98	3.91	3.2	1.04	5.65	10.29	.0	5.36	5.94	4.13	11.95	5.62	6.09	6.46	4.85	7.84	
initialCoverageValue----------	360	360	360	360	360	360	360	360	360	360	360	360	360	360	360	360	360	360	360	360	360	360	360	360	360	360	360	360	360	360	360	360	360	360	360	360	360	360	360	360	360	360	360	360	360	360	351	360	360	360	360	360	360	360	360	360	360	360	360	360	360	360	360	360	360	360	360	360	360	360	360	360	360	360	360	360	360	360	360	360	360	360	360	360	360	360	360	360	360	360	360	360	360	360	360	360	360	360	360	360	
initialRedundantCoverageValue-	2280	2640	2460	2100	2340	2400	2160	2100	2640	2640	2220	2160	2400	2280	2280	2580	2460	3060	2340	3000	1740	2160	2820	2340	1920	3060	1860	2520	2460	2340	1980	2940	2400	2340	1800	2220	2100	2160	2820	1620	2940	2400	2700	3120	1920	2700	2109	2700	2460	1800	1980	2940	2460	2160	2700	2040	2040	2520	2280	2160	2340	2340	2880	2460	2760	2340	1800	2400	2220	2700	3180	2340	2760	2640	2100	2220	2820	2100	2220	2700	2760	2580	3300	2280	1980	2400	2760	2160	3480	2160	2340	2100	2460	2100	2700	2040	3120	1980	2700	2520	
additionalPoiTime-------------	15600.1
algorithmTime-----------------	8.99813768E7
Total Transferred Metadata----	2868

Photo List Size: 492
Gained Coverage %-------------	0.5545830902169987
Gained Redundancy %-----------	0.03809381844983003
Total Cluster Created---------	0
Total Transferred Photo-------	3271
Total Photo at Destination----	492
Coverage Group----------------	1-30	31-60	61-90	91-120	121-150	151-180	181-210	211-240	241-270	271-300	301-330	331-360	
Coverage Distribution---------	0	1	4	11	8	16	12	17	18	10	3	0	
Ratio Group-------------------	.0	.1	.2	.3	.4	.5	.6	.7	.8	.9	1.0	
Coverage Ratio----------------	0	0	4	2	17	17	17	18	15	9	1	
Redundant Ratio---------------	12	86	2	0	0	0	0	0	0	0	0	
NumberOfPoint Group-----------	0	1	2	3	
NumOfPoint Distribution-------	6	32	11	1	
SD Group----------------------	0-1	1-2	2-3	3-4	4-5	5-6	6-7	7-8	8-9	9-10	10-11	11-12	
SD Distribution---------------	57	3	2	3	3	7	6	6	4	3	4	2	
Half Coverage Group-----------	0-16038847	16038847-32077694	32077694-48116541	48116541-64155388	64155388-80194235	80194235-96233082	96233082-112271929	112271929-128310776	128310776-144349623	144349623-160388470	160388470-176427317	
Half Cvg Time Distribution----	0	0	40	18	5	0	0	0	0	0	0	
Transferred Photo Group-------	0-16038847	16038847-32077694	32077694-48116541	48116541-64155388	64155388-80194235	80194235-96233082	96233082-112271929	112271929-128310776	128310776-144349623	144349623-160388470	160388470-176427317	
Photo Time Distribution-------	115	2017	4401	1553	1147	27	0	29	26	0	0	

Cvg&Red Distribution----------	0.0	2.0	3.2077694E7	6.4155388E7	1.28310776E8	1.6038847E8	9.6233082E7	
Average PhotoNum--------------	26.718232044198896	26.718232044198896	27.29281767955801	29.29281767955801	29.723756906077348	29.723756906077348	29.723756906077348	
Nodes Above Average-----------	103	103	96	84	86	86	86	
Nodes Below Average-----------	78	78	85	97	95	95	95	

Average Coverage--------------	1566.5635359116022	1566.5635359116022	1599.375690607735	1711.1491712707182	1735.5303867403316	1735.5303867403316	1735.5303867403316	
Nodes Above Average-----------	101	101	95	87	86	86	86	
Nodes Below Average-----------	80	80	86	94	95	95	95	
Photos Above Average----------	33	33	35	40	41	41	41	
Photos Below Average----------	17	17	18	19	19	19	19	
Network Coverage--------------	35966	35966	35966	35966	35966	35966	35966	

Average Redundancy------------	36.530386740331494	36.530386740331494	38.193370165745854	46.41988950276243	47.89502762430939	47.89502762430939	47.89502762430939	
Nodes Above Average-----------	74	74	70	67	67	67	67	
Nodes Below Average-----------	107	107	111	114	114	114	114	
Photos Above Average----------	31	31	33	38	39	39	39	
Photos Below Average----------	23	23	23	23	24	24	24	
Network Redundancy------------	254194	254194	260434	282154	286834	286834	286834	

