Message stats for scenario S-1_Photo_5000-Scenario_8-ActualPOI_50
sim_time: 160388470.0000

Photo List Size: 565
coverageValue-----------------	287	289	226	276	240	239	301	272	301	218	264	297	240	84	236	251	180	282	180	313	296	356	349	238	226	332	200	163	266	202	305	251	242	200	183	265	260	216	189	275	296	120	278	302	284	216	252	336	177	240	170	146	274	120	120	211	126	202	60	155	164	239	276	120	208	139	120	208	60	261	298	149	253	263	188	228	240	231	121	267	196	250	139	216	180	273	173	176	145	269	60	60	222	81	240	175	263	252	195	240	
redundantCoverageValue--------	313	191	74	264	180	121	239	148	119	142	36	123	0	96	124	49	0	198	0	347	184	424	311	2	74	328	160	77	94	218	115	169	58	100	57	155	40	84	171	205	304	0	442	118	376	144	168	324	123	60	70	34	86	0	0	89	54	98	0	145	16	61	84	60	152	41	0	212	0	99	182	31	167	37	52	192	180	129	59	93	44	230	101	24	0	27	7	124	155	271	0	0	78	39	0	5	97	168	45	0	
halfCoverageTime--------------	33266804.0	32761726.0	33906533.0	32008356.0	33384291.0	33298118.0	32159520.0	63507454.0	32008599.0	64582456.0	33384376.0	32264412.0	32761820.0	.0	63507429.0	32159480.0	64582511.0	33266759.0	63507485.0	32008380.0	32761661.0	32264402.0	32008519.0	63507480.0	33384441.0	32095129.0	63704228.0	.0	32159173.0	33906528.0	63849969.0	33384371.0	32761757.0	63704268.0	63849959.0	64582416.0	63507490.0	63507439.0	32264307.0	32159535.0	32159590.0	.0	32761850.0	32761880.0	32761676.0	33384316.0	32264327.0	32686083.0	.0	33298103.0	.0	.0	33906493.0	.0	.0	.0	.0	64732445.0	.0	.0	.0	33298098.0	32761666.0	.0	63704123.0	.0	.0	63849974.0	.0	63704258.0	32264457.0	.0	63704168.0	32159555.0	63849964.0	64582451.0	63850059.0	32095139.0	.0	32761875.0	33266799.0	32008300.0	.0	63704293.0	33384276.0	63704173.0	.0	.0	.0	32008664.0	.0	.0	33178440.0	.0	63850034.0	.0	32008674.0	32159390.0	63704193.0	33298108.0	
numberOfPoint-----------------	1	1	1	1	1	1	1	1	1	1	1	1	1	1	1	1	1	1	1	1	1	1	1	1	1	1	1	1	1	1	1	1	1	1	1	1	1	1	1	1	1	1	1	1	1	1	1	1	1	1	1	1	1	0	0	1	0	1	1	2	1	1	1	0	1	1	1	0	0	1	1	2	2	1	2	2	2	1	1	1	2	1	1	0	2	2	0	1	1	2	0	1	2	1	1	1	1	2	1	1	
standardDeviation-------------	.0	.0	.0	.0	.0	.0	.0	.0	.0	.0	.0	.0	.0	.0	.0	.0	.0	.0	.0	.0	.0	.0	.0	.0	.0	.0	.0	.0	.0	.0	.0	.0	.0	.0	.0	.0	.0	.0	.0	.0	.0	.0	.0	.0	.0	.0	.0	.0	.0	.0	4.49	8.38	2.12	.0	.0	3.31	.0	2.8	9.88	6.0	1.57	4.39	4.32	.0	5.56	11.7	2.12	.0	.0	.86	.71	8.08	6.02	5.5	3.5	5.84	5.94	1.84	7.7	7.72	9.05	4.14	2.82	.0	6.02	6.58	.0	8.64	3.75	7.53	.0	4.65	6.23	14.43	5.18	.2	5.2	7.32	1.89	15.9	
initialCoverageValue----------	360	360	360	360	360	360	360	360	360	360	360	360	360	360	360	360	360	360	360	360	360	360	360	360	360	360	360	360	360	360	360	360	360	360	359	360	360	360	360	360	360	360	360	360	360	360	360	360	360	360	360	360	360	360	360	360	360	360	360	360	360	360	360	360	360	360	360	360	360	360	360	360	360	360	360	360	360	360	360	360	360	360	360	360	360	360	360	359	360	360	357	356	360	360	360	360	360	360	360	360	
initialRedundantCoverageValue-	1980	2400	2280	2040	2340	2580	3120	2340	2880	1920	2280	2460	2820	1980	2640	2280	1560	2220	2220	3180	3000	3060	2460	2400	2340	2280	3240	2040	2460	2760	2040	2280	2640	2400	2341	2700	2460	1860	2280	2820	2880	1740	2820	2580	2820	2400	2460	2040	2100	2340	3000	2760	2220	2400	2280	2040	2520	1980	2040	2400	1980	2160	2940	2160	2400	2640	2880	2880	2400	2700	2580	2220	2520	2040	1920	2040	2160	3060	2760	1920	2160	2520	2820	2280	3000	3060	2520	1921	2460	2820	2043	2224	2220	2040	2460	2820	3240	2820	1680	2640	
additionalPoiTime-------------	93600.6
algorithmTime-----------------	1.468584427438E10
Total Transferred Metadata----	2522

Photo List Size: 565
Gained Coverage %-------------	0.6088466561084716
Gained Redundancy %-----------	0.048033570480335706
Total Cluster Created---------	0
Total Transferred Photo-------	30684
Total Photo at Destination----	577
Coverage Group----------------	1-30	31-60	61-90	91-120	121-150	151-180	181-210	211-240	241-270	271-300	301-330	331-360	
Coverage Distribution---------	0	4	2	5	7	11	11	20	16	15	5	4	
Ratio Group-------------------	.0	.1	.2	.3	.4	.5	.6	.7	.8	.9	1.0	
Coverage Ratio----------------	0	0	4	2	9	14	15	22	20	10	4	
Redundant Ratio---------------	14	76	10	0	0	0	0	0	0	0	0	
NumberOfPoint Group-----------	0	1	2	
NumOfPoint Distribution-------	9	29	12	
SD Group----------------------	0-1	1-2	2-3	3-4	4-5	5-6	6-7	7-8	8-9	9-10	10-11	11-12	12-13	13-14	14-15	15-16	
SD Distribution---------------	62	3	4	3	5	7	4	4	3	2	0	1	0	0	1	1	
Half Coverage Group-----------	0-16038847	16038847-32077694	32077694-48116541	48116541-64155388	64155388-80194235	80194235-96233082	96233082-112271929	112271929-128310776	128310776-144349623	144349623-160388470	160388470-176427317	
Half Cvg Time Distribution----	0	7	41	20	5	0	0	0	0	0	0	
Transferred Photo Group-------	0-16038847	16038847-32077694	32077694-48116541	48116541-64155388	64155388-80194235	80194235-96233082	96233082-112271929	112271929-128310776	128310776-144349623	144349623-160388470	160388470-176427317	
Photo Time Distribution-------	6397	15117	18998	16165	8261	321	221	970	336	140	0	

Cvg&Red Distribution----------	0.0	2.0	3.2077694E7	6.4155388E7	1.28310776E8	1.6038847E8	9.6233082E7	
Average PhotoNum--------------	26.718232044198896	26.718232044198896	36.033149171270715	40.232044198895025	42.0939226519337	42.171270718232044	41.08839779005525	
Nodes Above Average-----------	103	103	96	127	138	138	130	
Nodes Below Average-----------	78	78	85	54	43	43	51	

Average Coverage--------------	1563.6022099447514	1563.6022099447514	2076.6022099447514	2311.4585635359117	2418.6132596685084	2422.839779005525	2360.9005524861877	
Nodes Above Average-----------	102	102	97	128	138	138	131	
Nodes Below Average-----------	79	79	84	53	43	43	50	
Photos Above Average----------	33	33	48	49	49	49	49	
Photos Below Average----------	17	17	21	17	17	17	18	
Network Coverage--------------	35983	35983	35983	35983	35983	35983	35983	

Average Redundancy------------	39.49171270718232	39.49171270718232	85.38674033149171	102.46408839779005	107.02209944751381	107.43646408839778	104.40331491712708	
Nodes Above Average-----------	75	75	80	83	82	81	83	
Nodes Below Average-----------	106	106	101	98	99	100	98	
Photos Above Average----------	31	31	46	48	49	49	48	
Photos Below Average----------	23	23	27	33	35	36	34	
Network Redundancy------------	254177	254177	355337	400937	421157	421997	410237	

