Message stats for scenario S-1_Photo_5000-Scenario_4-ActualPOI_50
sim_time: 160388470.0000

Photo List Size: 4420
coverageValue-----------------	180	180	170	186	277	185	288	175	188	171	144	232	278	131	60	228	205	179	146	292	196	261	244	148	291	164	217	205	277	281	198	242	120	247	181	180	327	212	173	261	165	114	129	255	150	301	180	196	60	174	242	215	183	137	249	214	162	171	120	180	120	232	60	264	144	60	120	320	268	120	266	207	203	75	75	163	166	292	224	273	187	240	215	218	214	128	169	180	167	305	177	147	279	100	180	167	180	120	173	171	
redundantCoverageValue--------	0	0	10	54	83	55	132	65	112	129	156	68	82	49	0	72	95	1	34	188	44	99	116	92	309	16	143	155	143	139	102	118	0	53	59	120	33	208	127	39	15	66	51	105	90	239	0	104	0	6	58	85	57	103	111	86	138	129	0	0	0	8	0	216	36	0	0	220	152	0	154	153	37	105	45	17	254	128	76	147	113	0	25	142	86	52	71	0	133	235	3	93	201	20	0	313	0	0	7	9	
halfCoverageTime--------------	32264367.0	64732430.0	.0	33906613.0	32159515.0	33384316.0	33906598.0	.0	64732425.0	.0	.0	63704073.0	32686093.0	.0	.0	64582401.0	63704123.0	.0	.0	32159435.0	33384286.0	33298103.0	33384431.0	.0	32761676.0	.0	33266776.0	32159123.0	32159158.0	32264382.0	33384336.0	33384291.0	.0	32686193.0	63507485.0	64582436.0	33384271.0	33384306.0	.0	32264317.0	.0	.0	.0	32686198.0	.0	32761773.0	64582431.0	64732450.0	.0	.0	33178450.0	33384426.0	33906543.0	.0	32008258.0	33266799.0	.0	.0	.0	32686153.0	.0	32159163.0	.0	32264412.0	.0	.0	.0	32159470.0	33384361.0	.0	63704233.0	32264357.0	63704138.0	.0	.0	.0	.0	33298113.0	33384436.0	32008449.0	32264272.0	32264587.0	33298118.0	33384261.0	33266829.0	.0	.0	32008414.0	.0	32264307.0	.0	.0	33906553.0	.0	32264257.0	.0	32686118.0	.0	.0	.0	
numberOfPoint-----------------	1	1	1	1	1	1	1	1	1	1	1	1	1	1	1	1	1	1	1	1	1	1	1	1	1	1	1	1	1	1	1	1	1	1	1	1	1	1	1	1	1	1	1	1	1	1	1	1	1	1	4	3	2	2	2	2	2	7	2	0	2	2	3	3	2	3	8	2	5	2	2	1	2	3	4	2	3	0	1	9	11	2	3	2	1	1	3	2	7	9	1	3	2	3	2	2	3	3	2	6	
standardDeviation-------------	.0	.0	.0	.0	.0	.0	.0	.0	.0	.0	.0	.0	.0	.0	.0	.0	.0	.0	.0	.0	.0	.0	.0	.0	.0	.0	.0	.0	.0	.0	.0	.0	.0	.0	.0	.0	.0	.0	.0	.0	.0	.0	.0	.0	.0	.0	.0	.0	.0	.0	6.27	7.96	5.63	4.96	6.28	7.06	10.84	5.29	7.52	.0	5.94	5.22	5.42	6.88	4.64	5.92	6.1	10.56	7.89	8.0	6.35	1.91	6.82	6.9	8.07	7.56	11.15	.0	.76	9.59	8.48	10.05	8.93	8.71	6.08	2.95	9.42	4.94	6.48	8.54	3.47	7.07	6.26	7.47	5.43	3.24	8.11	5.34	10.93	8.81	
initialCoverageValue----------	360	360	360	360	360	360	360	360	360	360	360	360	360	360	360	360	360	360	359	360	360	360	360	360	360	360	360	360	360	360	360	360	360	360	360	360	360	360	360	360	360	360	360	360	360	360	360	360	360	360	360	360	360	360	360	360	360	360	360	360	360	360	360	360	360	360	360	360	360	360	360	360	360	360	360	360	360	360	360	360	360	360	360	360	360	360	360	360	360	360	360	360	360	360	360	360	360	360	360	360	
initialRedundantCoverageValue-	2520	2400	2100	2400	2160	1980	2700	2340	2400	2400	2940	2940	2220	2280	2100	2880	2220	1740	2341	2700	2580	2520	2820	2760	2700	2100	2580	2700	2640	2580	2880	2880	1980	2220	2280	3000	2880	2280	2340	1920	2580	2220	2580	2640	1920	2640	2100	1980	2820	2100	2700	2160	2100	2460	2280	2640	2400	1740	2340	2760	2640	2880	1980	3300	2220	1980	2040	2460	2580	2580	3120	2460	2460	1980	2760	2640	2100	2280	2340	1860	2460	2880	2160	2040	2700	2520	2580	2400	2580	2520	2340	2040	2640	1800	2340	2760	2580	2040	2580	2400	
additionalPoiTime-------------	2.517544138E8
algorithmTime-----------------	1.87045199E7
Total Transferred Metadata----	3696

Photo List Size: 4420
Gained Coverage %-------------	0.5357371038084391
Gained Redundancy %-----------	0.033778408036903136
Total Cluster Created---------	50
Total Transferred Photo-------	1790
Total Photo at Destination----	461
Coverage Group----------------	1-30	31-60	61-90	91-120	121-150	151-180	181-210	211-240	241-270	271-300	301-330	331-360	
Coverage Distribution---------	0	4	2	8	10	26	13	12	11	10	4	0	
Ratio Group-------------------	.0	.1	.2	.3	.4	.5	.6	.7	.8	.9	1.0	
Coverage Ratio----------------	0	0	4	3	13	30	18	12	13	6	1	
Redundant Ratio---------------	18	79	3	0	0	0	0	0	0	0	0	
NumberOfPoint Group-----------	0	1	2	3	4	5	6	7	8	9	10	11	
NumOfPoint Distribution-------	2	5	21	12	2	1	1	2	1	2	0	1	
SD Group----------------------	0-1	1-2	2-3	3-4	4-5	5-6	6-7	7-8	8-9	9-10	10-11	11-12	
SD Distribution---------------	53	1	1	2	3	8	10	8	7	2	4	1	
Half Coverage Group-----------	0-16038847	16038847-32077694	32077694-48116541	48116541-64155388	64155388-80194235	80194235-96233082	96233082-112271929	112271929-128310776	128310776-144349623	144349623-160388470	160388470-176427317	
Half Cvg Time Distribution----	0	3	44	5	6	0	0	0	0	0	0	
Transferred Photo Group-------	0-16038847	16038847-32077694	32077694-48116541	48116541-64155388	64155388-80194235	80194235-96233082	96233082-112271929	112271929-128310776	128310776-144349623	144349623-160388470	160388470-176427317	
Photo Time Distribution-------	200	2558	2681	833	750	23	0	28	0	0	0	

Cvg&Red Distribution----------	0.0	2.0	3.2077694E7	6.4155388E7	1.28310776E8	1.6038847E8	9.6233082E7	
Average PhotoNum--------------	26.718232044198896	26.718232044198896	27.03314917127072	27.414364640883978	27.8121546961326	27.790055248618785	27.8121546961326	
Nodes Above Average-----------	103	103	96	91	91	90	91	
Nodes Below Average-----------	78	78	85	90	90	91	90	

Average Coverage--------------	1562.624309392265	1562.624309392265	1579.5524861878453	1600.1933701657458	1621.5027624309391	1620.1767955801106	1621.5027624309391	
Nodes Above Average-----------	101	101	99	93	89	89	89	
Nodes Below Average-----------	80	80	82	88	92	92	92	
Photos Above Average----------	34	34	34	36	37	37	37	
Photos Below Average----------	17	17	17	18	18	18	18	
Network Coverage--------------	35999	35999	35999	35999	35999	35999	35999	

Average Redundancy------------	40.469613259668506	40.469613259668506	42.43646408839779	44.668508287292816	47.226519337016576	47.226519337016576	47.226519337016576	
Nodes Above Average-----------	74	74	72	71	66	66	66	
Nodes Below Average-----------	107	107	109	110	115	115	115	
Photos Above Average----------	31	31	32	33	34	34	34	
Photos Below Average----------	23	23	23	23	23	23	23	
Network Redundancy------------	254161	254161	257581	261721	266041	265801	266041	

