Message stats for scenario S-1_Photo_5000-Scenario_7-ActualPOI_50
sim_time: 160388470.0000

Photo List Size: 4420
coverageValue-----------------	0	180	321	199	0	286	155	319	224	233	218	296	169	120	79	60	180	261	156	191	239	247	120	221	120	125	180	153	142	202	241	189	278	135	247	227	120	164	275	172	240	190	333	234	180	217	213	120	256	129	274	296	244	191	285	156	296	225	291	258	295	310	233	131	151	140	276	195	120	244	227	180	253	263	200	233	202	307	180	198	175	268	245	168	213	0	119	159	327	246	60	290	196	281	272	197	280	180	137	164	
redundantCoverageValue--------	0	0	99	161	0	194	25	101	76	127	202	64	71	0	41	0	0	39	264	109	61	53	0	79	0	175	0	87	98	98	119	111	82	105	113	133	0	136	205	68	60	50	267	126	0	203	147	0	44	51	266	304	116	49	75	144	244	195	69	102	185	290	127	49	89	40	204	165	0	56	13	0	107	37	100	307	98	233	0	102	125	212	295	132	87	0	61	141	333	54	0	190	44	379	88	103	80	0	43	76	
halfCoverageTime--------------	.0	63507470.0	33906558.0	63849912.0	.0	32264357.0	.0	32761815.0	32761691.0	64582411.0	32761711.0	32159188.0	.0	.0	.0	.0	32264412.0	32159168.0	.0	64732430.0	32686128.0	32264447.0	.0	33906608.0	.0	.0	33384436.0	.0	.0	64582526.0	32159143.0	32761762.0	32159475.0	.0	63704238.0	33384311.0	.0	.0	32159415.0	.0	64582416.0	63704163.0	32159370.0	63704123.0	63271969.0	32159460.0	64582461.0	.0	33384321.0	.0	33298118.0	32008397.0	32510968.0	33384291.0	63850054.0	.0	32686158.0	63507515.0	33906628.0	63507530.0	33266814.0	32264317.0	32264272.0	.0	.0	.0	32008454.0	32008579.0	.0	32264442.0	64582426.0	64732440.0	32159128.0	32761716.0	33384266.0	32761726.0	33266834.0	63507475.0	32761778.0	63849924.0	.0	32159430.0	32159425.0	.0	32264252.0	.0	.0	.0	32264392.0	63507449.0	.0	33266776.0	33266809.0	32159495.0	33384341.0	32008253.0	32264377.0	32761788.0	.0	.0	
numberOfPoint-----------------	1	1	1	1	1	1	1	1	1	1	1	1	1	1	1	1	1	1	1	1	1	1	1	1	1	1	1	1	1	1	1	1	1	1	1	1	1	1	1	1	1	1	1	1	1	1	1	1	1	1	2	2	2	1	3	4	2	4	1	1	2	3	2	1	2	2	3	2	1	2	2	2	3	1	1	1	4	5	5	1	1	4	3	1	9	2	1	2	1	2	3	2	3	3	2	4	3	1	4	4	
standardDeviation-------------	.0	.0	.0	.0	.0	.0	.0	.0	.0	.0	.0	.0	.0	.0	.0	.0	.0	.0	.0	.0	.0	.0	.0	.0	.0	.0	.0	.0	.0	.0	.0	.0	.0	.0	.0	.0	.0	.0	.0	.0	.0	.0	.0	.0	.0	.0	.0	.0	.0	.0	5.07	5.55	7.57	5.79	9.8	6.14	7.04	9.5	1.41	6.94	6.13	7.37	7.51	.36	5.18	5.14	9.44	4.68	1.73	6.97	4.54	10.05	7.53	1.14	7.65	1.51	6.19	7.39	8.82	1.98	4.81	7.21	8.72	1.08	5.41	8.25	6.03	5.18	1.92	6.16	8.81	7.55	9.5	8.1	5.69	7.95	3.55	.5	7.74	5.4	
initialCoverageValue----------	360	360	360	360	360	360	360	360	360	360	360	360	360	347	360	360	360	360	360	360	360	360	360	360	360	355	360	360	360	360	360	360	360	360	360	360	360	360	360	360	360	360	360	360	360	360	360	360	360	360	360	360	360	360	360	360	360	360	360	360	360	360	360	360	360	350	360	360	360	360	360	360	360	360	360	360	360	360	360	360	360	360	360	360	360	360	360	360	360	360	360	360	358	360	360	360	360	360	360	360	
initialRedundantCoverageValue-	1680	2760	2640	3180	1980	2700	2400	3000	2520	2400	1980	2220	1980	1873	2400	2640	2100	3120	2460	2640	2160	2340	2400	3480	2280	2585	1980	2340	2880	1920	2940	1860	2580	2160	2580	2640	2460	2340	2520	2940	1800	2340	2520	2640	1620	3240	2400	2400	1560	2520	2760	2760	2340	2280	3240	2100	2520	3060	2280	2700	2640	3180	2040	2580	2700	1870	2100	2640	2160	1680	2340	2160	2340	2340	2280	2340	3360	2940	2160	1800	2700	2640	2880	2400	2160	2400	2520	2040	3240	2820	2160	2460	1862	2820	1980	2580	2580	2880	1920	2580	
additionalPoiTime-------------	2.744369592E8
algorithmTime-----------------	1.83769178E7
Total Transferred Metadata----	3698

Photo List Size: 4420
Gained Coverage %-------------	0.5667778704475952
Gained Redundancy %-----------	0.04276829916942842
Total Cluster Created---------	50
Total Transferred Photo-------	1839
Total Photo at Destination----	518
Coverage Group----------------	1-30	31-60	61-90	91-120	121-150	151-180	181-210	211-240	241-270	271-300	301-330	331-360	
Coverage Distribution---------	3	2	1	7	7	19	12	15	13	15	5	1	
Ratio Group-------------------	.0	.1	.2	.3	.4	.5	.6	.7	.8	.9	1.0	
Coverage Ratio----------------	3	0	2	1	14	19	14	20	15	10	2	
Redundant Ratio---------------	18	74	8	0	0	0	0	0	0	0	0	
NumberOfPoint Group-----------	0	1	2	3	4	5	6	7	8	9	
NumOfPoint Distribution-------	0	14	17	9	7	2	0	0	0	1	
SD Group----------------------	0-1	1-2	2-3	3-4	4-5	5-6	6-7	7-8	8-9	9-10	10-11	
SD Distribution---------------	52	7	0	1	3	9	7	11	5	4	1	
Half Coverage Group-----------	0-16038847	16038847-32077694	32077694-48116541	48116541-64155388	64155388-80194235	80194235-96233082	96233082-112271929	112271929-128310776	128310776-144349623	144349623-160388470	160388470-176427317	
Half Cvg Time Distribution----	0	4	45	12	7	0	0	0	0	0	0	
Transferred Photo Group-------	0-16038847	16038847-32077694	32077694-48116541	48116541-64155388	64155388-80194235	80194235-96233082	96233082-112271929	112271929-128310776	128310776-144349623	144349623-160388470	160388470-176427317	
Photo Time Distribution-------	118	2434	2941	1034	845	35	0	51	0	0	0	

Cvg&Red Distribution----------	0.0	2.0	3.2077694E7	6.4155388E7	1.28310776E8	1.6038847E8	9.6233082E7	
Average PhotoNum--------------	26.718232044198896	26.718232044198896	27.027624309392266	27.414364640883978	27.81767955801105	27.8121546961326	27.81767955801105	
Nodes Above Average-----------	103	103	96	91	91	91	91	
Nodes Below Average-----------	78	78	85	90	90	90	90	

Average Coverage--------------	1565.3812154696132	1565.3812154696132	1582.7182320441989	1604.121546961326	1626.0	1625.6685082872928	1626.0	
Nodes Above Average-----------	101	101	100	92	88	88	88	
Nodes Below Average-----------	80	80	81	89	93	93	93	
Photos Above Average----------	34	34	34	36	37	37	37	
Photos Below Average----------	17	17	17	18	18	18	18	
Network Coverage--------------	35962	35962	35962	35962	35962	35962	35962	

Average Redundancy------------	37.71270718232044	37.71270718232044	38.93922651933702	40.74033149171271	43.06077348066298	43.06077348066298	43.06077348066298	
Nodes Above Average-----------	84	84	82	79	72	72	72	
Nodes Below Average-----------	97	97	99	102	109	109	109	
Photos Above Average----------	31	31	32	33	34	34	34	
Photos Below Average----------	22	22	22	22	23	23	23	
Network Redundancy------------	254198	254198	257558	261758	266138	266078	266138	

