Message stats for scenario S-1_Photo_5000-Scenario_5-ActualPOI_50
sim_time: 160388470.0000

Photo List Size: 4420
coverageValue-----------------	336	158	245	101	120	182	60	162	168	239	333	217	318	264	226	148	124	103	154	237	270	198	250	89	229	266	328	269	319	180	127	282	239	241	201	285	133	335	188	88	251	238	215	120	96	181	180	253	292	199	204	120	256	240	212	85	164	203	251	297	226	190	169	193	213	222	176	79	148	158	154	164	0	188	251	240	207	151	303	203	247	153	120	176	292	60	251	220	211	193	120	60	310	138	232	271	263	60	295	133	
redundantCoverageValue--------	144	142	115	19	0	58	0	78	12	61	327	23	42	36	134	32	56	77	26	123	90	42	110	31	71	94	152	31	101	0	53	78	181	59	39	135	47	145	112	92	49	182	25	0	84	59	0	107	188	41	96	0	164	120	88	35	16	37	49	363	14	50	131	107	27	138	4	41	92	22	86	76	0	112	49	0	153	89	177	97	53	27	0	184	68	0	229	140	89	47	0	0	230	102	128	89	217	0	185	47	
halfCoverageTime--------------	32264367.0	.0	33906523.0	.0	.0	63507490.0	.0	.0	.0	33384401.0	33266782.0	63704303.0	33384276.0	33384426.0	33384321.0	.0	.0	.0	.0	63507500.0	32761757.0	32686113.0	32686198.0	.0	63849949.0	63849984.0	32264462.0	33266834.0	32761742.0	33384271.0	.0	33178430.0	33384411.0	33384331.0	33906563.0	32686173.0	.0	32761747.0	63849918.0	.0	63704153.0	32761666.0	63849974.0	.0	.0	63849989.0	64582391.0	63704263.0	33178445.0	63704093.0	63704213.0	.0	63704273.0	63704163.0	32264422.0	.0	.0	33384261.0	33266814.0	33266776.0	32264297.0	63704133.0	.0	32159123.0	33266764.0	32264252.0	.0	.0	.0	.0	.0	.0	.0	33384291.0	33906518.0	33906553.0	32159470.0	.0	32686143.0	32264407.0	32264257.0	.0	.0	.0	32264377.0	.0	32761706.0	33266748.0	33906558.0	32008509.0	.0	.0	32008351.0	.0	33178415.0	32159118.0	32686188.0	.0	32095124.0	.0	
numberOfPoint-----------------	1	1	1	1	1	1	1	1	1	1	1	1	1	1	1	1	1	1	1	1	1	1	1	1	1	1	1	1	1	1	1	1	1	1	1	1	1	1	1	1	1	1	1	1	1	1	1	1	1	1	2	2	2	1	1	3	11	6	2	2	4	2	2	1	2	1	1	2	1	4	2	3	2	3	2	6	2	3	5	2	4	3	3	7	1	3	2	7	2	2	4	2	2	5	2	12	3	3	4	2	
standardDeviation-------------	.0	.0	.0	.0	.0	.0	.0	.0	.0	.0	.0	.0	.0	.0	.0	.0	.0	.0	.0	.0	.0	.0	.0	.0	.0	.0	.0	.0	.0	.0	.0	.0	.0	.0	.0	.0	.0	.0	.0	.0	.0	.0	.0	.0	.0	.0	.0	.0	.0	.0	4.97	5.31	5.46	3.05	1.6	6.22	7.48	5.46	7.85	5.32	9.65	5.89	5.25	9.35	7.93	.1	8.67	5.3	6.16	7.99	7.84	6.84	8.29	8.4	6.51	8.22	8.48	6.53	8.16	7.2	4.63	7.47	5.9	8.31	2.27	8.24	8.29	8.24	5.7	4.95	8.22	5.97	8.9	7.2	10.14	7.28	8.83	2.72	9.41	5.56	
initialCoverageValue----------	360	360	360	360	360	360	360	360	360	360	360	360	360	360	360	360	360	360	360	360	360	360	360	360	360	360	360	360	360	360	360	360	360	360	360	360	360	360	360	360	360	360	360	360	356	360	360	360	360	360	360	360	360	360	360	359	360	360	360	360	360	360	360	360	360	360	360	360	360	360	360	360	360	360	360	360	360	360	360	360	360	360	360	329	360	360	360	360	360	360	360	360	360	360	360	360	360	360	360	360	
initialRedundantCoverageValue-	2760	2040	3420	2160	1800	2940	2100	2340	2520	2220	2700	2580	2460	2220	2100	2520	2460	2940	2220	2520	2640	2160	2220	2280	2160	1980	2760	2400	2340	2280	2340	2340	2520	2040	2580	2640	2700	2700	1980	2160	2820	2220	2340	2220	1804	2520	2520	2160	2220	2100	2880	2640	2340	3060	2100	1621	2160	2100	2340	2760	2220	2520	1860	2580	2820	3240	2580	2220	2640	2520	1980	2640	1620	3180	2700	2220	2640	2400	2940	2940	2460	2880	2220	1531	2760	2040	2520	2340	3180	1980	1800	2100	2520	3120	2340	3180	2520	2160	2280	2820	
additionalPoiTime-------------	0.0
algorithmTime-----------------	1.73317111E7
Total Transferred Metadata----	3699

Photo List Size: 4420
Gained Coverage %-------------	0.5535813591369146
Gained Redundancy %-----------	0.033712083704657225
Total Cluster Created---------	50
Total Transferred Photo-------	1739
Total Photo at Destination----	468
Coverage Group----------------	1-30	31-60	61-90	91-120	121-150	151-180	181-210	211-240	241-270	271-300	301-330	331-360	
Coverage Distribution---------	1	4	4	8	7	15	14	17	15	7	5	3	
Ratio Group-------------------	.0	.1	.2	.3	.4	.5	.6	.7	.8	.9	1.0	
Coverage Ratio----------------	1	0	4	7	10	16	19	21	10	8	4	
Redundant Ratio---------------	13	84	3	0	0	0	0	0	0	0	0	
NumberOfPoint Group-----------	0	1	2	3	4	5	6	7	8	9	10	11	12	
NumOfPoint Distribution-------	0	7	21	9	5	2	2	2	0	0	0	1	1	
SD Group----------------------	0-1	1-2	2-3	3-4	4-5	5-6	6-7	7-8	8-9	9-10	10-11	
SD Distribution---------------	51	1	2	1	3	11	5	9	13	3	1	
Half Coverage Group-----------	0-16038847	16038847-32077694	32077694-48116541	48116541-64155388	64155388-80194235	80194235-96233082	96233082-112271929	112271929-128310776	128310776-144349623	144349623-160388470	160388470-176427317	
Half Cvg Time Distribution----	0	2	45	15	1	0	0	0	0	0	0	
Transferred Photo Group-------	0-16038847	16038847-32077694	32077694-48116541	48116541-64155388	64155388-80194235	80194235-96233082	96233082-112271929	112271929-128310776	128310776-144349623	144349623-160388470	160388470-176427317	
Photo Time Distribution-------	204	1167	2038	663	552	16	0	30	0	0	0	

Cvg&Red Distribution----------	0.0	2.0	3.2077694E7	6.4155388E7	1.28310776E8	1.6038847E8	9.6233082E7	
Average PhotoNum--------------	26.718232044198896	26.718232044198896	27.005524861878452	27.370165745856355	27.795580110497237	27.784530386740332	27.795580110497237	
Nodes Above Average-----------	103	103	96	90	90	90	90	
Nodes Below Average-----------	78	78	85	91	91	91	91	

Average Coverage--------------	1564.3812154696132	1564.3812154696132	1580.342541436464	1600.9944751381215	1623.8839779005525	1623.220994475138	1623.8839779005525	
Nodes Above Average-----------	103	103	99	90	89	89	89	
Nodes Below Average-----------	78	78	82	91	92	92	92	
Photos Above Average----------	33	33	34	36	37	37	37	
Photos Below Average----------	17	17	17	18	18	18	18	
Network Coverage--------------	35963	35963	35963	35961	35961	35961	35961	

Average Redundancy------------	38.71270718232044	38.71270718232044	39.988950276243095	41.21546961325967	43.850828729281766	43.850828729281766	43.850828729281766	
Nodes Above Average-----------	81	81	77	76	76	76	76	
Nodes Below Average-----------	100	100	104	105	105	105	105	
Photos Above Average----------	32	32	32	34	34	34	34	
Photos Below Average----------	22	22	22	22	22	22	22	
Network Redundancy------------	254197	254197	257317	261279	265899	265779	265899	

