Message stats for scenario S-3_Photo_5000-Scenario_4-ActualPOI_50
sim_time: 160388470.0000

Photo List Size: 4454
coverageValue-----------------	329	282	290	157	320	310	272	288	344	265	282	178	263	308	312	253	240	323	282	193	331	270	320	261	308	309	314	309	232	297	297	314	214	300	329	286	269	216	295	308	267	288	279	322	299	245	275	319	280	304	157	214	164	185	295	229	165	207	222	198	295	266	108	344	268	206	262	185	322	228	268	258	303	211	162	194	265	255	265	302	186	180	294	249	257	157	158	277	360	190	205	259	325	203	266	279	178	154	230	233	
redundantCoverageValue--------	151	138	70	23	280	170	88	132	136	95	78	122	37	412	168	287	60	217	138	107	89	150	220	159	52	111	166	111	68	183	183	226	146	120	211	194	91	84	125	172	93	252	201	218	241	55	85	221	200	56	83	86	136	55	245	71	15	93	18	42	185	154	72	316	212	94	338	235	98	72	272	102	237	29	18	46	155	285	155	178	54	0	366	171	163	23	142	203	180	230	35	101	335	37	214	261	2	26	10	67	
halfCoverageTime--------------	32008454.0	32761716.0	32761721.0	.0	32159173.0	32154253.0	32154288.0	32868767.0	32154283.0	32264582.0	32008499.0	.0	32095149.0	32686163.0	32264327.0	32686128.0	63704138.0	32960320.0	32061704.0	63507429.0	32154268.0	32761711.0	32181115.0	63163086.0	32061623.0	32061674.0	32008258.0	32264402.0	63849979.0	33178420.0	32159153.0	32181050.0	64732425.0	32264357.0	33195334.0	32159198.0	33266782.0	32686123.0	32868732.0	32686168.0	32181065.0	32264262.0	32686118.0	32676008.0	32159465.0	33906538.0	32686208.0	32008414.0	32868787.0	63507454.0	.0	63163032.0	.0	63704108.0	32154258.0	32761681.0	.0	32181085.0	31573440.0	33728326.0	32008549.0	32159163.0	.0	31573395.0	32264347.0	32686133.0	32008336.0	63704103.0	32159108.0	32264397.0	32686188.0	63704083.0	32181090.0	32159203.0	.0	33195349.0	32181075.0	32264257.0	32868722.0	32008280.0	63704188.0	33266809.0	32008238.0	32960335.0	33906513.0	.0	.0	31744045.0	32008514.0	63704183.0	33985317.0	31571795.0	31573390.0	63849964.0	32264412.0	31573300.0	.0	.0	31571840.0	32264242.0	
numberOfPoint-----------------	1	1	1	1	1	1	1	1	1	1	1	1	1	1	1	1	1	1	1	1	1	1	1	1	1	1	1	1	1	1	1	1	1	1	1	1	1	1	1	1	1	1	1	1	1	1	1	1	1	1	2	3	2	3	3	8	3	2	4	18	8	4	5	3	17	8	6	3	6	5	2	3	7	4	3	4	2	5	6	2	5	2	1	1	4	5	3	3	3	13	6	4	5	2	5	2	2	6	4	4	
standardDeviation-------------	.0	.0	.0	.0	.0	.0	.0	.0	.0	.0	.0	.0	.0	.0	.0	.0	.0	.0	.0	.0	.0	.0	.0	.0	.0	.0	.0	.0	.0	.0	.0	.0	.0	.0	.0	.0	.0	.0	.0	.0	.0	.0	.0	.0	.0	.0	.0	.0	.0	.0	3.9	9.32	8.55	8.98	1.88	9.62	6.53	7.7	7.88	7.1	6.82	7.17	7.65	9.7	8.05	8.38	8.28	7.91	6.36	5.15	7.75	4.32	6.76	7.91	8.39	6.78	6.67	8.13	6.18	3.65	8.01	5.09	3.31	1.26	6.85	6.52	9.17	8.18	7.62	8.65	5.9	9.14	4.18	8.02	4.86	5.65	8.38	5.64	6.16	8.29	
initialCoverageValue----------	360	360	360	360	360	360	360	360	360	360	360	360	360	360	360	360	360	360	360	360	360	360	360	360	360	360	360	360	360	360	360	360	360	360	360	360	360	360	360	360	360	360	360	360	360	360	360	360	360	360	360	360	360	360	360	360	360	360	360	360	360	360	360	360	360	360	360	360	360	360	360	360	360	360	360	360	360	360	360	360	360	360	360	360	360	360	360	360	360	360	356	360	360	356	360	360	360	360	360	360	
initialRedundantCoverageValue-	2340	2820	2160	2220	2700	2760	2100	1980	2640	2400	2100	2640	2280	2220	2220	2400	2460	2700	2460	2340	1920	2640	2100	2700	2220	2340	2940	1920	2400	2640	2220	3000	2400	2820	2700	2400	2640	2400	2460	2400	2220	2400	2400	3120	2400	2280	2100	2940	2580	2520	2400	2700	2340	1800	2580	1860	2760	2580	2640	1920	2520	1680	2520	3180	2340	2520	3180	2460	2520	2220	3120	2700	2520	2820	1860	2340	3120	2460	2460	2400	2220	2640	2880	2040	1980	1680	2160	2340	2460	2580	2044	2820	2220	2404	2580	2160	1860	1980	2820	2760	
additionalPoiTime-------------	1.924116334E8
algorithmTime-----------------	1.37904884E7
Total Transferred Metadata----	3533

Photo List Size: 4454
Gained Coverage %-------------	0.7165759057568348
Gained Redundancy %-----------	0.05798822891150312
Total Cluster Created---------	50
Total Transferred Photo-------	2625
Total Photo at Destination----	668
Coverage Group----------------	1-30	31-60	61-90	91-120	121-150	151-180	181-210	211-240	241-270	271-300	301-330	331-360	
Coverage Distribution---------	0	0	0	1	0	11	11	11	20	21	21	4	
Ratio Group-------------------	.0	.1	.2	.3	.4	.5	.6	.7	.8	.9	1.0	
Coverage Ratio----------------	0	0	0	1	0	11	15	9	30	27	7	
Redundant Ratio---------------	1	88	11	0	0	0	0	0	0	0	0	
NumberOfPoint Group-----------	0	1	2	3	4	5	6	7	8	9	10	11	12	13	14	15	16	17	18	
NumOfPoint Distribution-------	0	2	10	11	8	7	5	1	3	0	0	0	0	1	0	0	0	1	1	
SD Group----------------------	0-1	1-2	2-3	3-4	4-5	5-6	6-7	7-8	8-9	9-10	
SD Distribution---------------	50	2	0	3	3	5	10	9	13	5	
Half Coverage Group-----------	0-16038847	16038847-32077694	32077694-48116541	48116541-64155388	64155388-80194235	80194235-96233082	96233082-112271929	112271929-128310776	128310776-144349623	144349623-160388470	160388470-176427317	
Half Cvg Time Distribution----	0	19	57	12	1	0	0	0	0	0	0	
Transferred Photo Group-------	0-16038847	16038847-32077694	32077694-48116541	48116541-64155388	64155388-80194235	80194235-96233082	96233082-112271929	112271929-128310776	128310776-144349623	144349623-160388470	160388470-176427317	
Photo Time Distribution-------	582	3692	3575	2828	497	17	0	16	19	0	0	

Cvg&Red Distribution----------	0.0	2.0	3.2077694E7	6.4155388E7	1.28310776E8	1.6038847E8	9.6233082E7	
Average PhotoNum--------------	26.558659217877096	26.558659217877096	27.223463687150836	28.07262569832402	28.23463687150838	28.23463687150838	28.23463687150838	
Nodes Above Average-----------	101	101	94	83	82	82	82	
Nodes Below Average-----------	78	78	85	96	97	97	97	

Average Coverage--------------	1551.1284916201118	1551.1284916201118	1588.659217877095	1634.7430167597765	1643.2402234636872	1643.2402234636872	1643.2402234636872	
Nodes Above Average-----------	102	102	97	88	88	88	88	
Nodes Below Average-----------	77	77	82	91	91	91	91	
Photos Above Average----------	33	33	35	37	38	38	38	
Photos Below Average----------	17	17	17	18	18	18	18	
Network Coverage--------------	35936	35936	35936	35932	35932	35932	35932	

Average Redundancy------------	42.391061452513966	42.391061452513966	44.74860335195531	49.614525139664806	50.83798882681564	50.83798882681564	50.83798882681564	
Nodes Above Average-----------	77	77	80	78	75	75	75	
Nodes Below Average-----------	102	102	99	101	104	104	104	
Photos Above Average----------	32	32	33	35	36	36	36	
Photos Below Average----------	22	22	21	22	22	22	22	
Network Redundancy------------	249304	249304	256444	265568	267308	267308	267308	

