Message stats for scenario S-3_Photo_5000-Scenario_7-ActualPOI_50
sim_time: 160388470.0000

Photo List Size: 4454
coverageValue-----------------	245	306	338	185	279	120	305	321	312	291	166	317	272	176	226	326	303	247	298	305	275	261	292	238	227	60	294	244	337	309	201	295	306	296	338	229	298	237	344	201	264	282	315	313	240	260	360	231	283	198	277	307	316	329	308	298	262	313	347	300	281	324	283	300	257	359	313	245	334	282	277	351	249	314	266	264	333	278	268	261	112	311	268	309	324	301	360	277	360	315	253	255	290	288	327	360	332	240	250	296	
redundantCoverageValue--------	175	114	322	55	141	0	235	339	288	309	134	283	88	124	374	274	357	353	242	235	205	159	188	122	133	0	246	116	203	111	219	245	234	364	322	71	242	183	256	39	96	78	405	227	0	160	600	9	257	102	323	173	284	331	292	242	218	227	493	240	259	336	317	60	163	421	347	115	146	258	263	309	291	226	214	276	867	382	152	279	128	229	272	231	576	239	720	203	300	165	107	405	190	312	693	540	568	0	410	424	
halfCoverageTime--------------	32264422.0	32761666.0	32264242.0	32761773.0	32264427.0	.0	32008258.0	32154258.0	32761651.0	32264247.0	.0	32264597.0	32264307.0	.0	32264592.0	32159520.0	33728419.0	32159163.0	32008300.0	32181065.0	32686113.0	32264417.0	32264347.0	64666321.0	63507475.0	.0	32061659.0	33195374.0	32154303.0	33195304.0	32159485.0	32181100.0	32686083.0	32159480.0	32008509.0	63163134.0	33178440.0	32960320.0	32095139.0	32761742.0	63507470.0	33195279.0	32181110.0	32159208.0	32264292.0	32868767.0	32264272.0	63849969.0	32008321.0	33906563.0	64666231.0	32159410.0	32264352.0	32761681.0	63163218.0	32264397.0	32159118.0	32008449.0	32008331.0	31571760.0	32159138.0	32868712.0	32686138.0	63850059.0	32264332.0	32095134.0	31573365.0	33266782.0	32181180.0	32095124.0	32264467.0	32686188.0	32264437.0	63163062.0	32008238.0	32159133.0	31571765.0	32159515.0	33728364.0	32686143.0	.0	32008609.0	63704108.0	33266770.0	31571674.0	32008264.0	31571750.0	32008285.0	32675960.0	33266809.0	32264412.0	33266788.0	32686163.0	31573315.0	32159168.0	32761737.0	31573430.0	33728301.0	32159370.0	32159153.0	
numberOfPoint-----------------	1	1	1	1	1	1	1	1	1	1	1	1	1	1	1	1	1	1	1	1	1	1	1	1	1	1	1	1	1	1	1	1	1	1	1	1	1	1	1	1	1	1	1	1	1	1	1	1	1	1	5	2	4	4	5	2	5	1	3	4	7	7	3	5	1	4	4	1	2	4	2	3	2	4	3	6	2	2	3	2	5	5	4	3	4	4	14	2	6	5	4	4	4	7	6	3	5	1	3	5	
standardDeviation-------------	.0	.0	.0	.0	.0	.0	.0	.0	.0	.0	.0	.0	.0	.0	.0	.0	.0	.0	.0	.0	.0	.0	.0	.0	.0	.0	.0	.0	.0	.0	.0	.0	.0	.0	.0	.0	.0	.0	.0	.0	.0	.0	.0	.0	.0	.0	.0	.0	.0	.0	8.49	8.8	3.86	7.04	6.64	4.92	6.42	.81	5.64	9.36	6.91	6.7	7.05	5.52	1.42	9.44	9.31	6.4	7.98	5.85	5.3	8.5	4.76	6.33	7.58	6.47	5.41	5.01	6.95	9.02	9.1	6.02	6.08	11.37	6.69	10.45	7.54	5.89	5.03	8.35	5.38	5.32	4.75	6.99	9.95	5.95	8.94	1.03	3.75	8.47	
initialCoverageValue----------	360	360	360	360	360	360	360	360	360	360	360	360	360	360	360	360	360	360	360	360	360	360	360	360	360	360	360	360	360	360	360	360	360	360	360	360	360	360	360	360	360	360	360	360	360	347	360	360	360	360	360	360	360	360	360	360	360	360	360	360	360	360	360	360	360	360	360	360	360	360	360	360	360	360	360	360	360	360	360	360	360	360	360	360	360	360	360	360	360	360	360	360	360	360	360	360	360	360	358	360	
initialRedundantCoverageValue-	1560	1680	2340	2640	2640	1860	2100	2220	3120	2160	2160	2220	2700	2400	2700	2160	2400	1980	2520	2400	2700	2280	2280	2520	2580	1920	2040	2040	2100	2220	2580	2820	2880	2160	3180	2520	2760	1440	2400	2520	2340	2040	2520	2700	2520	2353	3120	2580	2760	1920	2160	2460	2160	2400	2820	2040	2340	2520	3000	1860	2580	2280	3060	2220	2280	2760	2220	3060	2160	1860	2400	2160	2760	2700	2040	2460	2940	2400	1980	2700	2640	1800	2520	2280	2580	2700	2400	2280	2460	2340	2460	2160	2400	2700	3060	2520	2580	2340	2642	2460	
additionalPoiTime-------------	2.013348906E8
algorithmTime-----------------	1.4196091E7
Total Transferred Metadata----	3535

Photo List Size: 4454
Gained Coverage %-------------	0.7806030290398778
Gained Redundancy %-----------	0.10483485914761993
Total Cluster Created---------	50
Total Transferred Photo-------	2825
Total Photo at Destination----	901
Coverage Group----------------	1-30	31-60	61-90	91-120	121-150	151-180	181-210	211-240	241-270	271-300	301-330	331-360	
Coverage Distribution---------	0	1	0	2	0	2	4	8	18	25	26	14	
Ratio Group-------------------	.0	.1	.2	.3	.4	.5	.6	.7	.8	.9	1.0	
Coverage Ratio----------------	0	0	1	0	2	2	4	14	25	35	17	
Redundant Ratio---------------	4	45	45	6	0	0	0	0	0	0	0	
NumberOfPoint Group-----------	0	1	2	3	4	5	6	7	8	9	10	11	12	13	14	
NumOfPoint Distribution-------	0	4	9	8	13	9	3	3	0	0	0	0	0	0	1	
SD Group----------------------	0-1	1-2	2-3	3-4	4-5	5-6	6-7	7-8	8-9	9-10	10-11	11-12	
SD Distribution---------------	51	2	0	2	3	11	12	5	6	6	1	1	
Half Coverage Group-----------	0-16038847	16038847-32077694	32077694-48116541	48116541-64155388	64155388-80194235	80194235-96233082	96233082-112271929	112271929-128310776	128310776-144349623	144349623-160388470	160388470-176427317	
Half Cvg Time Distribution----	0	18	67	8	2	0	0	0	0	0	0	
Transferred Photo Group-------	0-16038847	16038847-32077694	32077694-48116541	48116541-64155388	64155388-80194235	80194235-96233082	96233082-112271929	112271929-128310776	128310776-144349623	144349623-160388470	160388470-176427317	
Photo Time Distribution-------	553	3631	4034	2976	706	40	0	53	35	0	0	

Cvg&Red Distribution----------	0.0	2.0	3.2077694E7	6.4155388E7	1.28310776E8	1.6038847E8	9.6233082E7	
Average PhotoNum--------------	26.558659217877096	26.558659217877096	27.24022346368715	27.910614525139664	28.150837988826815	28.150837988826815	28.150837988826815	
Nodes Above Average-----------	101	101	94	90	81	81	81	
Nodes Below Average-----------	78	78	85	89	98	98	98	

Average Coverage--------------	1550.441340782123	1550.441340782123	1587.0167597765362	1623.9608938547485	1636.8826815642458	1636.8826815642458	1636.8826815642458	
Nodes Above Average-----------	102	102	97	88	87	87	87	
Nodes Below Average-----------	77	77	82	91	92	92	92	
Photos Above Average----------	33	33	35	37	38	38	38	
Photos Below Average----------	17	17	17	18	18	18	18	
Network Coverage--------------	35985	35985	35982	35976	35968	35968	35968	

Average Redundancy------------	43.07821229050279	43.07821229050279	47.39664804469274	50.675977653631286	52.167597765363126	52.167597765363126	52.167597765363126	
Nodes Above Average-----------	72	72	68	66	62	62	62	
Nodes Below Average-----------	107	107	111	113	117	117	117	
Photos Above Average----------	32	32	34	36	37	37	37	
Photos Below Average----------	22	22	22	22	23	23	23	
Network Redundancy------------	249255	249255	256578	263784	266372	266372	266372	

