Message stats for scenario S-3_Photo_5000-Scenario_8-ActualPOI_50
sim_time: 160388470.0000

Photo List Size: 957
coverageValue-----------------	342	294	352	310	360	293	230	299	360	249	261	340	313	344	331	244	308	353	227	333	267	236	258	290	328	323	318	341	351	217	298	357	336	257	301	355	305	341	344	262	305	351	336	337	257	193	299	233	246	323	346	276	312	224	358	271	153	152	257	356	345	207	274	248	200	224	302	244	283	331	334	240	278	267	170	241	258	300	248	176	226	290	265	297	257	233	260	251	340	283	300	253	259	238	335	248	272	314	240	246	
redundantCoverageValue--------	318	186	788	230	240	547	250	241	420	111	459	440	587	496	449	416	292	367	193	207	213	544	282	370	392	397	222	379	429	203	362	543	324	283	299	545	175	439	796	278	415	369	684	263	103	227	181	187	474	457	434	204	288	196	422	209	27	88	163	364	195	93	146	172	40	76	178	116	377	329	386	180	202	213	130	119	282	180	112	4	194	250	215	243	523	127	220	109	260	137	240	167	221	182	265	172	208	166	300	54	
halfCoverageTime--------------	32264422.0	32008469.0	32159485.0	32154278.0	32061699.0	32095124.0	33906623.0	33985417.0	32055760.0	32761686.0	32264367.0	32675984.0	32159425.0	32159530.0	32264352.0	32868702.0	31744050.0	32676008.0	32264272.0	32159163.0	32008599.0	31573355.0	32527451.0	32008554.0	32061679.0	33985337.0	32159515.0	32159415.0	32008311.0	32264587.0	32008306.0	32159364.0	33728364.0	63163122.0	32181170.0	32008454.0	32686098.0	32061714.0	32061618.0	32868777.0	32264282.0	32159385.0	31573350.0	32181135.0	32159575.0	32008679.0	33728429.0	64582541.0	32264267.0	32061749.0	32264462.0	32008609.0	32008374.0	33195364.0	32008654.0	32181165.0	.0	.0	32761794.0	32008619.0	32008604.0	33728316.0	32264432.0	32159535.0	33985507.0	64666208.0	32154298.0	33906503.0	32154253.0	32181120.0	32264297.0	33195284.0	32008424.0	32159158.0	.0	64582486.0	32264457.0	32159460.0	32868717.0	.0	33266770.0	32181090.0	33906523.0	32095144.0	32761656.0	63704298.0	32008270.0	32095134.0	32061669.0	32686108.0	32264292.0	33728499.0	63849944.0	63850049.0	32008514.0	33906563.0	31573460.0	31571845.0	33178435.0	.0	
numberOfPoint-----------------	1	1	1	1	1	1	1	1	1	1	1	1	1	1	1	1	1	1	1	1	1	1	1	1	1	1	1	1	1	1	1	1	1	1	1	1	1	1	1	1	1	1	1	1	1	1	1	1	1	1	2	1	2	1	3	1	1	0	1	2	2	0	1	1	1	1	2	1	1	2	2	1	2	1	1	2	1	1	1	0	1	2	1	2	1	1	1	2	1	2	1	2	1	1	1	0	1	1	2	0	
standardDeviation-------------	.0	.0	.0	.0	.0	.0	.0	.0	.0	.0	.0	.0	.0	.0	.0	.0	.0	.0	.0	.0	.0	.0	.0	.0	.0	.0	.0	.0	.0	.0	.0	.0	.0	.0	.0	.0	.0	.0	.0	.0	.0	.0	.0	.0	.0	.0	.0	.0	.0	.0	7.2	4.57	6.27	3.11	10.18	1.35	7.03	.0	3.7	4.19	8.28	.0	1.0	12.43	10.1	4.19	10.25	5.53	2.46	4.81	6.75	6.02	7.39	8.06	3.57	5.83	7.11	3.55	14.32	.0	7.66	8.1	5.92	7.4	9.07	5.59	.73	10.77	2.62	6.59	8.36	7.88	7.11	7.1	6.37	.0	6.16	3.29	5.54	.0	
initialCoverageValue----------	360	360	360	360	360	360	360	360	360	360	360	360	360	360	360	360	360	360	360	360	360	360	360	360	360	360	360	360	360	360	359	360	360	360	360	360	360	360	360	360	360	360	360	360	360	360	360	360	360	360	360	360	360	360	360	360	360	360	360	360	360	360	360	360	360	360	360	360	360	360	360	360	360	360	360	360	360	360	360	360	360	360	360	360	360	360	360	360	360	360	360	360	360	360	360	360	360	360	360	360	
initialRedundantCoverageValue-	2820	2580	3180	2160	2340	2640	2280	2280	2760	2220	2760	2880	3360	2820	2280	2280	3240	2220	1800	2160	2460	2220	2340	2820	2340	2340	1980	2460	2040	2160	2221	2640	3060	1980	2400	2520	2280	2160	2640	2040	2220	2460	2580	1980	2100	1680	1680	2160	2640	2640	2700	2880	2760	2760	2640	2700	2280	2280	2340	3000	2100	2280	2880	2760	2220	2220	2700	2280	1860	2700	2220	2040	2700	3060	1620	2460	2160	2880	2400	2100	2520	2100	1980	2520	3000	2220	2940	2040	2400	2580	2400	2340	2280	2220	2520	1980	3240	2520	1920	2580	
additionalPoiTime-------------	140400.9
algorithmTime-----------------	1.3149208550752E10
Total Transferred Metadata----	2466

Photo List Size: 957
Gained Coverage %-------------	0.7886330175838218
Gained Redundancy %-----------	0.11645594667348226
Total Cluster Created---------	0
Total Transferred Photo-------	27939
Total Photo at Destination----	1001
Coverage Group----------------	1-30	31-60	61-90	91-120	121-150	151-180	181-210	211-240	241-270	271-300	301-330	331-360	
Coverage Distribution---------	0	0	0	0	0	4	3	12	24	17	13	27	
Ratio Group-------------------	.0	.1	.2	.3	.4	.5	.6	.7	.8	.9	1.0	
Coverage Ratio----------------	0	0	0	0	0	4	3	22	21	22	28	
Redundant Ratio---------------	0	45	45	9	1	0	0	0	0	0	0	
NumberOfPoint Group-----------	0	1	2	3	
NumOfPoint Distribution-------	5	29	15	1	
SD Group----------------------	0-1	1-2	2-3	3-4	4-5	5-6	6-7	7-8	8-9	9-10	10-11	11-12	12-13	13-14	14-15	
SD Distribution---------------	56	2	2	5	4	5	6	9	4	1	4	0	1	0	1	
Half Coverage Group-----------	0-16038847	16038847-32077694	32077694-48116541	48116541-64155388	64155388-80194235	80194235-96233082	96233082-112271929	112271929-128310776	128310776-144349623	144349623-160388470	160388470-176427317	
Half Cvg Time Distribution----	0	27	61	4	3	0	0	0	0	0	0	
Transferred Photo Group-------	0-16038847	16038847-32077694	32077694-48116541	48116541-64155388	64155388-80194235	80194235-96233082	96233082-112271929	112271929-128310776	128310776-144349623	144349623-160388470	160388470-176427317	
Photo Time Distribution-------	6064	13894	17492	14621	7313	362	216	826	261	32	0	

Cvg&Red Distribution----------	0.0	2.0	3.2077694E7	6.4155388E7	1.28310776E8	1.6038847E8	9.6233082E7	
Average PhotoNum--------------	26.558659217877096	26.558659217877096	35.81005586592179	40.039106145251395	41.98882681564246	42.06145251396648	40.910614525139664	
Nodes Above Average-----------	101	101	97	124	136	135	129	
Nodes Below Average-----------	78	78	82	55	43	44	50	

Average Coverage--------------	1558.195530726257	1558.195530726257	2069.6256983240223	2308.1899441340784	2419.5251396648046	2422.240223463687	2359.08938547486	
Nodes Above Average-----------	99	99	95	124	136	136	129	
Nodes Below Average-----------	80	80	84	55	43	43	50	
Photos Above Average----------	33	33	48	49	49	49	49	
Photos Below Average----------	17	17	21	17	17	17	17	
Network Coverage--------------	35999	35999	35999	35999	35999	35999	35999	

Average Redundancy------------	35.324022346368714	35.324022346368714	78.97765363128492	94.15642458100558	99.80446927374301	101.44692737430168	95.54748603351955	
Nodes Above Average-----------	76	76	79	80	81	83	79	
Nodes Below Average-----------	103	103	100	99	98	96	100	
Photos Above Average----------	31	31	46	49	49	49	49	
Photos Below Average----------	23	23	27	32	35	35	34	
Network Redundancy------------	249241	249241	348601	394021	414961	415741	403381	

