Message stats for scenario S-3_Photo_5000-Scenario_5-ActualPOI_50
sim_time: 160388470.0000

Photo List Size: 4454
coverageValue-----------------	344	283	357	302	360	311	346	250	294	292	287	275	346	314	296	171	233	337	308	349	273	331	265	336	360	286	360	229	279	333	218	240	309	225	334	259	238	219	265	310	201	234	309	302	272	192	342	255	326	270	289	210	200	332	236	265	262	242	277	235	273	266	254	238	160	172	323	233	307	120	209	313	230	290	257	271	199	322	191	112	156	320	304	313	142	205	266	120	178	306	137	244	312	166	258	192	255	189	202	269	
redundantCoverageValue--------	196	197	243	178	120	169	194	170	186	128	193	205	134	286	64	9	127	263	112	191	207	209	95	204	240	194	180	251	201	207	82	60	171	15	266	161	122	21	155	170	159	246	231	178	88	228	138	45	154	90	251	150	40	208	124	155	38	298	203	125	207	214	46	62	260	68	97	67	113	0	151	107	130	190	163	29	41	98	109	8	84	220	176	47	98	95	214	0	2	114	103	236	168	74	42	48	165	111	158	451	
halfCoverageTime--------------	32686108.0	32264272.0	32008569.0	32154303.0	32686163.0	31744040.0	33985337.0	32761686.0	33195304.0	32527451.0	32159193.0	32264292.0	32159103.0	63507475.0	33985322.0	.0	63507449.0	32761742.0	33195329.0	32159364.0	32686143.0	32510968.0	32675972.0	32264267.0	32181090.0	33007252.0	32008554.0	32960325.0	32868762.0	32008449.0	32264592.0	63507485.0	32264332.0	64582391.0	32761752.0	32264602.0	64666180.0	63704118.0	33728364.0	32761691.0	33985302.0	32159143.0	32061623.0	1000070.0	33036185.0	63162984.0	32008499.0	33728291.0	32181030.0	32761651.0	32008331.0	63163008.0	33195294.0	32761762.0	32159108.0	32686123.0	63704193.0	63704078.0	32008368.0	64666139.0	32154243.0	31573435.0	32761656.0	63704173.0	.0	.0	32686178.0	64732440.0	32264297.0	.0	31744045.0	32008479.0	32264342.0	32159198.0	32061669.0	32008444.0	63704168.0	31571775.0	32761732.0	.0	.0	32008321.0	33266776.0	32181120.0	.0	64666241.0	32154258.0	.0	.0	32008402.0	.0	31573410.0	31573400.0	.0	32008306.0	33266794.0	32868772.0	33178445.0	64666129.0	31573390.0	
numberOfPoint-----------------	1	1	1	1	1	1	1	1	1	1	1	1	1	1	1	1	1	1	1	1	1	1	1	1	1	1	1	1	1	1	1	1	1	1	1	1	1	1	1	1	1	1	1	1	1	1	1	1	1	1	2	6	2	7	3	2	1	2	5	2	5	6	4	6	3	5	3	1	2	3	4	8	5	4	3	5	4	2	3	5	4	4	2	3	2	9	3	4	2	8	2	5	6	3	1	3	4	3	2	4	
standardDeviation-------------	.0	.0	.0	.0	.0	.0	.0	.0	.0	.0	.0	.0	.0	.0	.0	.0	.0	.0	.0	.0	.0	.0	.0	.0	.0	.0	.0	.0	.0	.0	.0	.0	.0	.0	.0	.0	.0	.0	.0	.0	.0	.0	.0	.0	.0	.0	.0	.0	.0	.0	6.25	5.51	5.81	6.69	6.91	6.68	4.29	6.58	7.43	7.45	6.99	9.47	6.87	10.54	4.89	3.82	7.91	1.08	4.43	7.82	6.27	7.47	5.52	3.57	7.03	10.27	8.53	7.26	7.35	7.66	8.2	9.87	7.2	9.3	4.45	8.55	10.41	6.36	5.64	6.11	5.35	8.69	6.86	8.41	2.75	8.98	6.64	8.33	5.35	7.65	
initialCoverageValue----------	360	360	360	360	360	360	360	360	360	360	360	360	360	360	360	360	360	360	360	360	360	360	360	360	360	360	360	360	360	360	360	360	360	360	360	360	360	360	360	360	360	360	360	360	360	360	360	360	360	360	360	360	360	360	360	360	360	360	360	360	360	360	360	360	360	360	360	360	360	356	360	360	360	360	360	360	360	360	360	360	360	360	360	354	360	360	360	360	360	360	360	360	360	360	360	360	360	360	360	360	
initialRedundantCoverageValue-	2280	2460	2760	2580	3240	2520	2640	2040	2460	2040	2340	2520	3120	2520	2340	2820	1800	2640	2340	2220	2460	1920	1800	2820	2220	2580	1920	2160	2460	3240	1980	2400	2340	2580	2640	2160	2640	2040	2400	3000	1680	1860	2280	2640	1860	2280	2220	2640	2880	2520	2940	2700	2580	2760	2520	1980	2160	2460	2700	2460	1980	3000	2580	2460	2100	2580	2400	1980	2340	2164	2340	2820	1200	2580	2220	2040	2160	2640	2160	1920	2100	2940	1620	2826	2880	3000	2400	2520	2100	3180	2640	2520	3180	2820	2280	2100	2820	2400	2460	2640	
additionalPoiTime-------------	0.0
algorithmTime-----------------	1.33224854E7
Total Transferred Metadata----	3536

Photo List Size: 4454
Gained Coverage %-------------	0.7293414837454849
Gained Redundancy %-----------	0.05971976097259427
Total Cluster Created---------	50
Total Transferred Photo-------	2560
Total Photo at Destination----	682
Coverage Group----------------	1-30	31-60	61-90	91-120	121-150	151-180	181-210	211-240	241-270	271-300	301-330	331-360	
Coverage Distribution---------	0	0	0	3	2	6	11	13	17	15	18	15	
Ratio Group-------------------	.0	.1	.2	.3	.4	.5	.6	.7	.8	.9	1.0	
Coverage Ratio----------------	0	0	0	0	5	6	11	16	24	22	16	
Redundant Ratio---------------	2	85	13	0	0	0	0	0	0	0	0	
NumberOfPoint Group-----------	0	1	2	3	4	5	6	7	8	9	
NumOfPoint Distribution-------	0	3	12	11	9	7	4	1	2	1	
SD Group----------------------	0-1	1-2	2-3	3-4	4-5	5-6	6-7	7-8	8-9	9-10	10-11	
SD Distribution---------------	50	1	1	2	4	6	12	11	7	3	3	
Half Coverage Group-----------	0-16038847	16038847-32077694	32077694-48116541	48116541-64155388	64155388-80194235	80194235-96233082	96233082-112271929	112271929-128310776	128310776-144349623	144349623-160388470	160388470-176427317	
Half Cvg Time Distribution----	1	20	52	10	6	0	0	0	0	0	0	
Transferred Photo Group-------	0-16038847	16038847-32077694	32077694-48116541	48116541-64155388	64155388-80194235	80194235-96233082	96233082-112271929	112271929-128310776	128310776-144349623	144349623-160388470	160388470-176427317	
Photo Time Distribution-------	569	2072	2600	1048	485	9	0	25	18	0	0	

Cvg&Red Distribution----------	0.0	2.0	3.2077694E7	6.4155388E7	1.28310776E8	1.6038847E8	9.6233082E7	
Average PhotoNum--------------	26.558659217877096	26.558659217877096	27.256983240223462	28.156424581005588	28.3463687150838	28.34078212290503	28.3463687150838	
Nodes Above Average-----------	101	101	94	84	83	83	83	
Nodes Below Average-----------	78	78	85	95	96	96	96	

Average Coverage--------------	1559.703910614525	1559.703910614525	1597.7486033519554	1648.5195530726257	1658.9385474860335	1658.6033519553073	1658.9385474860335	
Nodes Above Average-----------	103	103	99	85	83	83	83	
Nodes Below Average-----------	76	76	80	94	96	96	96	
Photos Above Average----------	33	33	35	38	39	39	39	
Photos Below Average----------	17	17	17	19	19	19	19	
Network Coverage--------------	35981	35981	35974	35955	35955	35955	35955	

Average Redundancy------------	33.815642458100555	33.815642458100555	37.67039106145251	40.865921787709496	41.84357541899441	41.84357541899441	41.84357541899441	
Nodes Above Average-----------	73	73	72	74	75	75	75	
Nodes Below Average-----------	106	106	107	105	104	104	104	
Photos Above Average----------	32	32	34	36	37	37	37	
Photos Below Average----------	22	22	22	22	21	21	21	
Network Redundancy------------	249259	249259	256766	266445	268485	268425	268485	

