Message stats for scenario S-3_Photo_5000-Scenario_6-ActualPOI_50
sim_time: 160388470.0000

Photo List Size: 964
coverageValue-----------------	310	302	360	291	311	210	336	282	292	320	246	191	297	258	355	263	307	358	301	359	260	337	327	358	240	349	360	271	331	315	214	203	250	336	360	136	334	241	360	202	296	264	326	303	274	306	346	341	272	341	229	131	276	356	281	279	325	269	266	291	288	315	264	328	228	241	283	274	314	360	322	309	326	305	345	329	268	239	268	290	250	261	311	321	199	256	273	360	316	226	225	273	338	294	342	301	302	242	247	360	
redundantCoverageValue--------	230	538	540	129	409	210	204	318	128	400	54	229	243	342	425	217	353	482	299	241	280	263	393	542	180	371	420	209	209	345	206	97	110	144	480	44	266	179	420	218	184	96	154	357	326	174	254	259	148	559	311	109	84	304	319	141	155	31	394	489	312	405	96	572	312	179	377	326	466	480	338	471	454	295	255	451	152	181	212	130	410	159	229	339	41	284	147	420	284	74	255	267	562	126	438	59	58	178	293	420	
halfCoverageTime--------------	32095154.0	2334896.0	32008412.0	32761706.0	32008514.0	33728384.0	32159485.0	31573375.0	32008504.0	31573350.0	33985387.0	33906583.0	33384311.0	33985407.0	31571795.0	33728321.0	32159410.0	32181220.0	32159430.0	32264282.0	32181020.0	31573345.0	31744887.0	32159208.0	33195364.0	32061623.0	32159450.0	63507500.0	32159183.0	32761651.0	32686193.0	32159500.0	33384351.0	33728331.0	33384256.0	.0	33266799.0	32154243.0	32159455.0	63162978.0	32154258.0	33728281.0	32960402.0	33384356.0	33178425.0	32181090.0	32181205.0	31571790.0	31571694.0	32061699.0	32154278.0	.0	33728306.0	32868717.0	32761773.0	32868777.0	31571785.0	64582491.0	31573330.0	32686163.0	32008484.0	32159390.0	32686138.0	32264297.0	63163104.0	64666326.0	33195374.0	32675996.0	32960462.0	32008253.0	32264267.0	31744035.0	32159380.0	32181185.0	31573470.0	32061729.0	32159143.0	32181035.0	32181155.0	32960340.0	31573380.0	32061603.0	32061674.0	32154298.0	32264307.0	63704168.0	33906608.0	31573360.0	32159203.0	33266819.0	31571714.0	64139277.0	31571639.0	31571614.0	32159465.0	33298088.0	33985332.0	33178440.0	32686128.0	32527451.0	
numberOfPoint-----------------	1	1	1	1	1	1	1	1	1	1	1	1	1	1	1	1	1	1	1	1	1	1	1	1	1	1	1	1	1	1	1	1	1	1	1	1	1	1	1	1	1	1	1	1	1	1	1	1	1	1	2	1	1	1	1	1	1	1	2	2	2	1	0	1	1	1	2	1	1	1	2	2	0	2	2	3	0	1	1	0	1	2	2	1	1	3	1	2	2	0	3	2	2	1	2	1	2	3	2	1	
standardDeviation-------------	.0	.0	.0	.0	.0	.0	.0	.0	.0	.0	.0	.0	.0	.0	.0	.0	.0	.0	.0	.0	.0	.0	.0	.0	.0	.0	.0	.0	.0	.0	.0	.0	.0	.0	.0	.0	.0	.0	.0	.0	.0	.0	.0	.0	.0	.0	.0	.0	.0	.0	7.81	5.72	7.82	1.2	6.0	2.77	1.0	8.77	9.84	6.72	9.99	3.61	.0	2.22	3.2	11.0	6.54	8.02	5.02	7.08	6.58	8.28	.0	7.61	5.03	9.42	.0	7.71	6.36	.0	3.36	10.03	8.88	2.14	12.2	10.2	8.06	2.86	8.25	.0	7.33	5.41	5.39	2.6	10.17	7.74	6.61	10.11	7.5	.32	
initialCoverageValue----------	360	360	360	360	360	360	360	360	360	360	360	360	360	360	360	360	360	360	360	360	360	360	360	360	360	360	360	360	360	360	360	360	360	360	360	360	360	360	360	360	360	360	360	360	360	360	360	360	360	360	360	360	360	360	360	360	359	360	360	360	360	360	360	360	360	360	360	360	360	360	360	360	360	360	360	360	360	360	360	360	360	360	360	360	360	360	360	360	360	360	360	360	360	360	360	360	360	360	360	360	
initialRedundantCoverageValue-	2100	2220	2280	1920	2340	2040	3060	2640	2340	2400	2160	2220	2460	2160	3240	2460	2280	2820	2580	1920	2820	2580	2760	2460	2700	3000	2520	2700	2400	2460	2460	2160	2100	2040	2580	2160	2460	2580	2520	2340	2040	2340	2160	2460	2640	1980	2160	1980	2040	2760	2460	2760	1980	2100	2460	2940	1981	2640	2820	2400	2880	2040	1860	3420	2220	2640	1740	2940	2760	2880	2880	2280	2640	2580	2040	3060	2640	2520	2520	2340	2580	2040	1920	2580	2640	2880	2520	2640	2040	2160	2460	2220	2880	2220	2220	1680	1860	2220	2460	2280	
additionalPoiTime-------------	31200.2
algorithmTime-----------------	5.373610446E8
Total Transferred Metadata----	2909

Photo List Size: 964
Gained Coverage %-------------	0.8083002305619601
Gained Redundancy %-----------	0.11459112685546108
Total Cluster Created---------	0
Total Transferred Photo-------	4449
Total Photo at Destination----	993
Coverage Group----------------	1-30	31-60	61-90	91-120	121-150	151-180	181-210	211-240	241-270	271-300	301-330	331-360	
Coverage Distribution---------	0	0	0	0	2	0	5	7	18	19	25	24	
Ratio Group-------------------	.0	.1	.2	.3	.4	.5	.6	.7	.8	.9	1.0	
Coverage Ratio----------------	0	0	0	0	2	0	6	13	23	26	30	
Redundant Ratio---------------	0	42	51	7	0	0	0	0	0	0	0	
NumberOfPoint Group-----------	0	1	2	3	
NumOfPoint Distribution-------	5	23	18	4	
SD Group----------------------	0-1	1-2	2-3	3-4	4-5	5-6	6-7	7-8	8-9	9-10	10-11	11-12	12-13	
SD Distribution---------------	56	2	5	3	0	5	6	8	6	3	4	1	1	
Half Coverage Group-----------	0-16038847	16038847-32077694	32077694-48116541	48116541-64155388	64155388-80194235	80194235-96233082	96233082-112271929	112271929-128310776	128310776-144349623	144349623-160388470	160388470-176427317	
Half Cvg Time Distribution----	1	26	64	5	2	0	0	0	0	0	0	
Transferred Photo Group-------	0-16038847	16038847-32077694	32077694-48116541	48116541-64155388	64155388-80194235	80194235-96233082	96233082-112271929	112271929-128310776	128310776-144349623	144349623-160388470	160388470-176427317	
Photo Time Distribution-------	558	3529	5588	2793	1380	27	0	49	25	0	0	

Cvg&Red Distribution----------	0.0	2.0	3.2077694E7	6.4155388E7	1.28310776E8	1.6038847E8	9.6233082E7	
Average PhotoNum--------------	26.558659217877096	26.558659217877096	28.212290502793294	30.81564245810056	31.11173184357542	31.11173184357542	31.044692737430168	
Nodes Above Average-----------	101	101	89	81	76	76	75	
Nodes Below Average-----------	78	78	90	98	103	103	104	

Average Coverage--------------	1554.491620111732	1554.491620111732	1648.0167597765362	1792.6145251396647	1809.8491620111731	1809.8491620111731	1805.826815642458	
Nodes Above Average-----------	104	104	94	81	81	81	80	
Nodes Below Average-----------	75	75	85	98	98	98	99	
Photos Above Average----------	33	33	37	44	44	44	44	
Photos Below Average----------	16	16	18	19	19	19	19	
Network Coverage--------------	35999	35999	35999	35999	35999	35999	35999	

Average Redundancy------------	39.02793296089386	39.02793296089386	44.720670391061454	56.324022346368714	56.85474860335196	56.85474860335196	56.85474860335196	
Nodes Above Average-----------	68	68	67	67	67	67	67	
Nodes Below Average-----------	111	111	112	112	112	112	112	
Photos Above Average----------	31	31	36	43	43	43	43	
Photos Below Average----------	23	23	23	23	23	23	23	
Network Redundancy------------	249241	249241	267001	294961	298141	298141	297421	

