Message stats for scenario S-5_Photo_5000-Scenario_4-ActualPOI_50
sim_time: 160388470.0000

Photo List Size: 4391
coverageValue-----------------	294	293	345	360	301	327	335	321	320	266	296	360	348	309	320	272	295	232	336	291	169	235	349	288	356	300	341	268	223	334	221	313	336	261	239	271	332	195	238	245	214	323	167	270	199	264	352	120	358	162	107	273	180	231	217	266	206	182	219	277	251	120	163	308	231	156	252	245	252	129	151	260	184	218	240	312	270	235	64	311	225	239	267	296	174	274	210	271	344	245	278	189	274	188	322	340	318	133	296	283	
redundantCoverageValue--------	186	187	255	300	179	93	85	99	40	274	64	240	312	291	220	268	185	188	144	69	131	125	191	312	244	180	319	92	197	86	139	107	264	99	121	89	88	105	62	175	86	157	193	210	101	96	128	0	362	78	133	87	0	249	83	94	34	298	81	83	109	0	77	172	129	24	228	115	108	51	29	220	116	82	0	108	270	5	56	109	315	121	33	124	6	206	90	89	76	175	322	51	146	172	98	260	162	47	124	197	
halfCoverageTime--------------	32960330.0	33906583.0	32008346.0	32686113.0	33298103.0	32761701.0	32159435.0	32061649.0	32264257.0	33195344.0	33906568.0	32686173.0	32264322.0	33728346.0	32264312.0	32868707.0	32686098.0	32761686.0	33266788.0	32868712.0	.0	33728306.0	32061679.0	32159425.0	31573335.0	32154263.0	31571619.0	32008589.0	32675960.0	32264252.0	33906603.0	32960340.0	33178440.0	32154303.0	33266748.0	33985347.0	32008494.0	33728358.0	32159173.0	33906508.0	63626866.0	32264602.0	.0	32008469.0	32675972.0	33266824.0	32686103.0	.0	31571745.0	.0	.0	32686193.0	32008509.0	32159470.0	32008599.0	33195304.0	33266776.0	32761752.0	32686128.0	33178445.0	32061669.0	.0	.0	32159460.0	32264362.0	.0	32689060.0	32264402.0	33728286.0	.0	.0	32008554.0	.0	32868717.0	33906498.0	32868732.0	32868752.0	32159370.0	.0	32008549.0	32061644.0	32159395.0	32868702.0	32264407.0	.0	32154248.0	63507449.0	32264417.0	32761676.0	32761721.0	32154298.0	32159430.0	32264597.0	63271974.0	32008316.0	1746516.0	32061704.0	.0	32061639.0	31571755.0	
numberOfPoint-----------------	1	1	1	1	1	1	1	1	1	1	1	1	1	1	1	1	1	1	1	1	1	1	1	1	1	1	1	1	1	1	1	1	1	1	1	1	1	1	1	1	1	1	1	1	1	1	1	1	1	1	4	4	3	2	3	3	2	5	5	3	7	2	6	2	3	3	6	2	5	4	2	7	3	3	4	5	1	4	4	3	1	2	7	8	6	2	4	8	1	4	6	2	3	7	5	2	7	2	2	4	
standardDeviation-------------	.0	.0	.0	.0	.0	.0	.0	.0	.0	.0	.0	.0	.0	.0	.0	.0	.0	.0	.0	.0	.0	.0	.0	.0	.0	.0	.0	.0	.0	.0	.0	.0	.0	.0	.0	.0	.0	.0	.0	.0	.0	.0	.0	.0	.0	.0	.0	.0	.0	.0	7.73	7.97	7.4	4.83	6.57	4.9	7.78	6.95	9.49	7.21	5.2	5.68	6.81	5.8	7.2	4.58	7.56	3.44	7.89	6.11	3.39	8.09	5.3	6.5	8.89	6.61	3.86	4.63	7.35	7.98	3.13	7.18	7.26	7.12	7.58	5.76	5.39	8.96	2.06	8.5	9.48	8.38	4.35	6.2	7.29	5.78	5.28	5.37	7.3	7.45	
initialCoverageValue----------	360	360	360	360	360	360	360	360	360	360	359	360	360	360	360	360	360	360	360	360	360	360	360	360	360	360	360	360	360	360	360	360	360	360	360	360	360	360	360	360	360	360	360	360	360	360	360	360	360	360	360	360	360	360	360	360	360	360	360	360	360	360	360	360	360	360	360	360	360	360	360	360	360	360	360	360	360	360	360	360	360	360	360	360	360	360	360	360	360	360	360	360	360	360	360	360	360	360	360	360	
initialRedundantCoverageValue-	3120	1920	2580	3360	2700	2160	3300	3120	1800	2700	2401	3000	2700	2460	2940	2640	2460	2520	2340	2820	2340	2100	2580	2460	2700	2700	2580	1620	1920	2460	2160	2520	1860	2100	2220	2640	2280	2340	1680	2220	2520	2700	2760	1800	2760	2400	2040	2160	2520	2400	1980	2400	2100	2640	2040	2280	2160	2520	2700	2220	2580	1680	2520	2100	2220	2340	2640	2460	3180	2940	1920	3300	2520	2100	2220	2580	3240	2100	2220	2520	2640	2460	1980	2700	2640	2160	2820	2400	2100	2100	2940	1560	2400	2460	3120	2940	2040	1860	2040	1920	
additionalPoiTime-------------	1.898844172E8
algorithmTime-----------------	1.1856076E7
Total Transferred Metadata----	3414

Photo List Size: 4391
Gained Coverage %-------------	0.717797716603239
Gained Redundancy %-----------	0.058527082189688835
Total Cluster Created---------	50
Total Transferred Photo-------	2667
Total Photo at Destination----	667
Coverage Group----------------	1-30	31-60	61-90	91-120	121-150	151-180	181-210	211-240	241-270	271-300	301-330	331-360	
Coverage Distribution---------	0	0	1	3	2	8	8	16	15	18	13	16	
Ratio Group-------------------	.0	.1	.2	.3	.4	.5	.6	.7	.8	.9	1.0	
Coverage Ratio----------------	0	0	1	1	4	8	9	21	19	20	17	
Redundant Ratio---------------	4	82	14	0	0	0	0	0	0	0	0	
NumberOfPoint Group-----------	0	1	2	3	4	5	6	7	8	
NumOfPoint Distribution-------	0	3	12	10	9	5	4	5	2	
SD Group----------------------	0-1	1-2	2-3	3-4	4-5	5-6	6-7	7-8	8-9	9-10	
SD Distribution---------------	50	0	1	4	5	9	7	17	5	2	
Half Coverage Group-----------	0-16038847	16038847-32077694	32077694-48116541	48116541-64155388	64155388-80194235	80194235-96233082	96233082-112271929	112271929-128310776	128310776-144349623	144349623-160388470	160388470-176427317	
Half Cvg Time Distribution----	1	19	63	3	0	0	0	0	0	0	0	
Transferred Photo Group-------	0-16038847	16038847-32077694	32077694-48116541	48116541-64155388	64155388-80194235	80194235-96233082	96233082-112271929	112271929-128310776	128310776-144349623	144349623-160388470	160388470-176427317	
Photo Time Distribution-------	588	3491	4004	1581	790	15	0	22	11	0	0	

Cvg&Red Distribution----------	0.0	2.0	3.2077694E7	6.4155388E7	1.28310776E8	1.6038847E8	9.6233082E7	
Average PhotoNum--------------	26.3954802259887	26.3954802259887	27.27683615819209	28.27683615819209	28.480225988700564	28.47457627118644	28.480225988700564	
Nodes Above Average-----------	99	99	94	85	84	84	84	
Nodes Below Average-----------	78	78	83	92	93	93	93	

Average Coverage--------------	1547.4011299435028	1547.4011299435028	1596.2881355932204	1656.2881355932204	1667.4237288135594	1667.084745762712	1667.4237288135594	
Nodes Above Average-----------	102	102	97	88	85	85	85	
Nodes Below Average-----------	75	75	80	89	92	92	92	
Photos Above Average----------	33	33	35	38	38	38	38	
Photos Below Average----------	16	16	17	18	18	18	18	
Network Coverage--------------	35996	35996	35996	35995	35995	35995	35995	

Average Redundancy------------	36.32768361581921	36.32768361581921	40.32203389830509	40.32203389830509	41.389830508474574	41.389830508474574	41.389830508474574	
Nodes Above Average-----------	74	74	70	72	70	70	70	
Nodes Below Average-----------	103	103	107	105	107	107	107	
Photos Above Average----------	32	32	33	35	36	36	36	
Photos Below Average----------	22	22	23	23	23	23	23	
Network Redundancy------------	244324	244324	253684	264305	266465	266405	266465	

