Message stats for scenario S-5_Photo_5000-Scenario_8-ActualPOI_50
sim_time: 160388470.0000

Photo List Size: 964
coverageValue-----------------	360	220	308	321	350	312	341	360	273	315	360	345	335	291	347	297	360	279	360	356	319	323	272	360	360	258	232	323	360	343	293	337	271	334	341	360	335	342	324	307	251	328	280	328	327	318	232	306	237	299	350	160	257	244	245	198	320	266	284	282	120	217	308	219	147	338	258	178	296	258	169	120	317	315	292	268	331	145	319	298	205	241	160	243	274	219	237	339	285	211	295	309	299	243	306	195	185	328	208	198	
redundantCoverageValue--------	600	200	232	519	370	408	559	480	327	645	660	555	325	429	313	183	600	321	480	484	701	217	208	600	300	102	188	397	600	317	427	383	329	386	319	360	505	558	516	353	229	332	200	452	273	462	68	474	243	361	310	20	403	296	115	102	400	154	196	138	0	83	532	81	153	382	282	122	184	282	311	120	163	225	128	152	149	95	221	122	155	119	80	237	206	261	63	321	195	29	125	171	181	117	354	105	115	152	272	42	
halfCoverageTime--------------	32061603.0	32159400.0	32159143.0	32061674.0	32008386.0	32008439.0	32264397.0	31573365.0	1746492.0	32676008.0	31655193.0	32264252.0	33266794.0	32008306.0	32761651.0	32868732.0	32095144.0	32159485.0	32159178.0	31573290.0	31573410.0	33728479.0	32008619.0	32159138.0	32761716.0	32159425.0	32264417.0	32264607.0	32061754.0	32154248.0	32960315.0	32159168.0	32264412.0	32264292.0	32761681.0	32061714.0	1746504.0	32154283.0	32264327.0	1000064.0	33728459.0	32686083.0	32761696.0	32008624.0	32868767.0	32761671.0	64290792.0	32008248.0	32264392.0	32264447.0	32008669.0	.0	32095129.0	32686118.0	33906568.0	64582456.0	32264287.0	32008468.0	33266824.0	63282094.0	.0	63282014.0	31571735.0	32761855.0	.0	32061709.0	63282029.0	.0	32159380.0	32761661.0	.0	.0	31573455.0	32159450.0	32264602.0	64290797.0	33985497.0	.0	32527451.0	31744045.0	33985372.0	32868757.0	.0	33728389.0	32008331.0	63849954.0	63282024.0	32159133.0	32761820.0	33985462.0	32008654.0	32008233.0	63626951.0	32686208.0	32008489.0	33906528.0	63507500.0	32061719.0	63281939.0	63626896.0	
numberOfPoint-----------------	1	1	1	1	1	1	1	1	1	1	1	1	1	1	1	1	1	1	1	1	1	1	1	1	1	1	1	1	1	1	1	1	1	1	1	1	1	1	1	1	1	1	1	1	1	1	1	1	1	1	2	0	1	1	2	1	1	1	2	1	0	1	3	1	1	1	1	1	1	2	1	1	2	1	1	1	1	1	2	1	0	2	1	1	1	2	2	2	2	1	1	1	1	0	2	1	1	1	0	1	
standardDeviation-------------	.0	.0	.0	.0	.0	.0	.0	.0	.0	.0	.0	.0	.0	.0	.0	.0	.0	.0	.0	.0	.0	.0	.0	.0	.0	.0	.0	.0	.0	.0	.0	.0	.0	.0	.0	.0	.0	.0	.0	.0	.0	.0	.0	.0	.0	.0	.0	.0	.0	.0	4.87	.0	7.36	5.71	7.44	6.66	3.98	4.74	7.1	6.95	.0	10.3	8.0	8.21	9.01	.94	.5	4.13	2.5	7.36	9.21	4.27	6.04	6.94	1.71	4.3	6.32	8.51	6.41	5.54	.0	7.55	10.39	7.16	3.74	9.27	5.58	9.18	7.27	6.69	13.93	1.13	6.68	.0	6.61	4.93	4.49	8.1	.0	9.37	
initialCoverageValue----------	360	360	360	360	360	360	360	360	360	360	360	360	360	360	360	360	360	360	360	360	360	360	360	360	360	360	360	360	360	360	360	360	360	360	360	360	360	360	360	360	360	360	360	360	360	360	360	360	360	360	360	360	360	360	358	360	360	360	360	360	360	360	360	360	360	360	360	360	360	360	360	360	360	360	360	360	360	360	360	360	360	360	360	360	360	360	360	360	360	360	360	360	360	360	360	360	360	360	360	360	
initialRedundantCoverageValue-	2400	2460	2040	2700	2460	2220	2160	2340	2280	2640	2880	2700	2580	2520	1980	2220	3000	1920	2280	2460	3420	2340	1980	2700	2940	2100	2040	2220	2940	2040	2160	2400	1680	2100	2760	2640	1980	2460	2160	2820	1920	2280	2880	2340	2760	2940	2280	2580	2280	3000	1980	2760	2820	3060	2042	2100	3060	2580	2520	2700	2580	2040	2940	2460	2220	2760	2820	2520	2940	2880	1860	2460	2640	2760	2040	2340	2040	1980	2280	2220	2280	2520	2400	2460	2220	2880	2280	2760	2400	2100	2460	3120	1860	2220	3060	1920	2820	2100	1980	2640	
additionalPoiTime-------------	156001.0
algorithmTime-----------------	1.2347232887416E10
Total Transferred Metadata----	2401

Photo List Size: 964
Gained Coverage %-------------	0.7858492138452137
Gained Redundancy %-----------	0.1177874577298147
Total Cluster Created---------	0
Total Transferred Photo-------	26615
Total Photo at Destination----	1007
Coverage Group----------------	1-30	31-60	61-90	91-120	121-150	151-180	181-210	211-240	241-270	271-300	301-330	331-360	
Coverage Distribution---------	0	0	0	2	2	4	6	9	12	18	22	25	
Ratio Group-------------------	.0	.1	.2	.3	.4	.5	.6	.7	.8	.9	1.0	
Coverage Ratio----------------	0	0	0	0	2	6	7	14	15	27	29	
Redundant Ratio---------------	1	48	38	13	0	0	0	0	0	0	0	
NumberOfPoint Group-----------	0	1	2	3	
NumOfPoint Distribution-------	5	32	12	1	
SD Group----------------------	0-1	1-2	2-3	3-4	4-5	5-6	6-7	7-8	8-9	9-10	10-11	11-12	12-13	13-14	
SD Distribution---------------	57	2	1	2	7	3	9	8	3	5	2	0	0	1	
Half Coverage Group-----------	0-16038847	16038847-32077694	32077694-48116541	48116541-64155388	64155388-80194235	80194235-96233082	96233082-112271929	112271929-128310776	128310776-144349623	144349623-160388470	160388470-176427317	
Half Cvg Time Distribution----	3	25	52	9	3	0	0	0	0	0	0	
Transferred Photo Group-------	0-16038847	16038847-32077694	32077694-48116541	48116541-64155388	64155388-80194235	80194235-96233082	96233082-112271929	112271929-128310776	128310776-144349623	144349623-160388470	160388470-176427317	
Photo Time Distribution-------	5863	13027	17381	13423	6940	296	186	760	266	37	0	

Cvg&Red Distribution----------	0.0	2.0	3.2077694E7	6.4155388E7	1.28310776E8	1.6038847E8	9.6233082E7	
Average PhotoNum--------------	26.3954802259887	26.3954802259887	35.706214689265536	39.954802259887	41.93785310734463	42.02824858757062	40.85310734463277	
Nodes Above Average-----------	99	99	96	123	134	133	128	
Nodes Below Average-----------	78	78	81	54	43	44	49	

Average Coverage--------------	1546.7005649717514	1546.7005649717514	2063.502824858757	2299.412429378531	2411.322033898305	2416.214689265537	2349.576271186441	
Nodes Above Average-----------	100	100	96	123	134	134	128	
Nodes Below Average-----------	77	77	81	54	43	43	49	
Photos Above Average----------	33	33	48	49	49	49	49	
Photos Below Average----------	17	17	21	17	17	17	17	
Network Coverage--------------	35997	35997	35997	35997	35997	35997	35997	

Average Redundancy------------	37.02824858757062	37.02824858757062	78.87005649717514	97.87570621468926	104.94915254237289	105.48022598870057	101.61016949152543	
Nodes Above Average-----------	79	79	74	83	79	79	80	
Nodes Below Average-----------	98	98	103	94	98	98	97	
Photos Above Average----------	31	31	47	48	49	49	48	
Photos Below Average----------	22	22	27	32	36	36	34	
Network Redundancy------------	244323	244323	343203	388323	409383	410343	397863	

