Message stats for scenario S-5_Photo_5000-Scenario_7-ActualPOI_50
sim_time: 160388470.0000

Photo List Size: 4391
coverageValue-----------------	265	271	199	255	190	276	240	306	323	343	256	120	265	327	340	332	307	209	263	294	251	210	301	298	360	171	173	234	278	248	350	251	296	305	207	290	171	281	306	250	265	212	301	280	289	299	261	269	262	219	287	315	321	215	286	240	331	279	308	257	285	351	360	327	278	187	269	155	299	243	79	296	241	359	324	333	311	329	359	212	277	360	335	313	233	254	213	318	341	346	358	302	296	332	284	290	327	336	248	326	
redundantCoverageValue--------	95	209	161	225	230	204	120	174	217	197	284	0	335	213	140	208	173	91	277	306	169	90	359	182	360	69	67	306	442	232	370	109	304	295	153	130	69	79	174	50	35	88	239	140	251	481	159	151	98	21	313	405	219	325	314	300	269	381	412	163	375	189	420	453	202	53	271	85	121	417	101	364	539	301	336	327	229	391	301	88	323	300	445	287	127	346	87	282	199	314	542	178	184	688	376	70	513	264	232	274	
halfCoverageTime--------------	63282049.0	32264432.0	64582436.0	32761671.0	32761762.0	32868787.0	63281974.0	32159113.0	32868707.0	33298088.0	32159359.0	.0	32761805.0	31571629.0	32008609.0	32868702.0	32761676.0	33728439.0	32686168.0	32061628.0	32761651.0	63777546.0	32008469.0	33195344.0	32008529.0	.0	.0	32095129.0	32061654.0	32868752.0	32264592.0	63626941.0	32008402.0	33906598.0	63855710.0	33906548.0	.0	33532159.0	32761726.0	32264582.0	33728404.0	32154263.0	32159465.0	32159178.0	33906543.0	31573455.0	33728449.0	63507454.0	32095124.0	33195269.0	32761691.0	33728331.0	32264467.0	32761768.0	32264387.0	31571659.0	32159495.0	31573400.0	32008604.0	32264597.0	32008326.0	32159183.0	32159440.0	32008368.0	32686128.0	33906513.0	33728291.0	.0	33985397.0	32154273.0	.0	32008534.0	32960315.0	33178440.0	32008429.0	32686208.0	33266834.0	32264262.0	32159203.0	63777496.0	32686103.0	32061704.0	32159445.0	32686113.0	33728346.0	33906588.0	33195259.0	63281934.0	32761752.0	32264392.0	32095154.0	33195329.0	32159188.0	32008321.0	32159108.0	32159470.0	32960340.0	32264397.0	31571614.0	32061684.0	
numberOfPoint-----------------	1	1	1	1	1	1	1	1	1	1	1	1	1	1	1	1	1	1	1	1	1	1	1	1	1	1	1	1	1	1	1	1	1	1	1	1	1	1	1	1	1	1	1	1	1	1	1	1	1	1	3	7	4	2	2	5	4	1	2	5	4	2	6	1	2	3	2	4	6	5	5	6	3	6	3	3	1	3	5	1	1	2	5	3	2	7	2	6	3	4	5	9	5	11	7	2	8	3	4	63	
standardDeviation-------------	.0	.0	.0	.0	.0	.0	.0	.0	.0	.0	.0	.0	.0	.0	.0	.0	.0	.0	.0	.0	.0	.0	.0	.0	.0	.0	.0	.0	.0	.0	.0	.0	.0	.0	.0	.0	.0	.0	.0	.0	.0	.0	.0	.0	.0	.0	.0	.0	.0	.0	8.16	5.18	5.71	3.01	4.71	8.25	8.04	4.27	5.56	7.28	8.76	8.4	7.5	5.87	8.15	5.95	4.83	8.14	4.67	7.07	4.79	7.99	9.22	6.62	5.16	8.93	2.61	8.93	7.23	8.2	3.0	6.05	6.56	9.79	6.19	6.38	5.66	7.44	6.29	8.43	7.71	8.78	9.94	11.41	8.16	5.64	7.22	7.58	6.74	6.57	
initialCoverageValue----------	360	360	360	360	360	360	360	360	360	360	360	350	360	360	360	360	360	360	360	360	360	360	360	360	360	360	360	360	360	360	360	360	360	360	360	360	360	360	360	360	360	360	360	360	360	360	360	360	360	360	360	360	360	360	360	360	360	360	360	360	360	360	360	360	360	360	360	360	360	360	360	360	360	360	360	360	360	360	360	360	360	360	360	360	360	360	360	360	360	360	360	360	345	360	360	360	360	360	360	360	
initialRedundantCoverageValue-	2220	2640	2280	2880	1920	2700	2100	2700	2220	2700	2700	2110	2700	2640	1800	2100	2400	2280	2760	2520	2700	2100	2280	1980	3540	1860	2340	2700	2160	1980	2820	2280	2520	2340	2160	2520	2040	1920	3060	1860	2100	2400	2640	3060	2700	2820	2280	2100	2280	2520	2580	2100	2640	2580	2760	2760	2220	2160	2340	2700	2160	2040	2880	2940	2040	1800	2220	1740	2040	2700	2040	2700	2940	2520	2520	3120	3000	2880	3060	2580	1860	2580	3000	2580	1440	1980	2220	2460	2820	2400	2700	2940	2175	3120	2760	1560	2820	2280	1500	2220	
additionalPoiTime-------------	1.891824127E8
algorithmTime-----------------	1.18872762E7
Total Transferred Metadata----	3414

Photo List Size: 4391
Gained Coverage %-------------	0.7725920778318277
Gained Redundancy %-----------	0.09985779353269718
Total Cluster Created---------	51
Total Transferred Photo-------	2820
Total Photo at Destination----	882
Coverage Group----------------	1-30	31-60	61-90	91-120	121-150	151-180	181-210	211-240	241-270	271-300	301-330	331-360	
Coverage Distribution---------	0	0	1	1	0	4	6	9	19	22	20	18	
Ratio Group-------------------	.0	.1	.2	.3	.4	.5	.6	.7	.8	.9	1.0	
Coverage Ratio----------------	0	0	0	1	1	4	10	12	24	25	23	
Redundant Ratio---------------	1	52	44	3	0	0	0	0	0	0	0	
NumberOfPoint Group-----------	0	1	2	3	4	5	6	7	8	9	10	11	12	13	14	15	16	17	18	19	20	21	22	23	24	25	26	27	28	29	30	31	32	33	34	35	36	37	38	39	40	41	42	43	44	45	46	47	48	49	50	51	52	53	54	55	56	57	58	59	60	61	62	63	
NumOfPoint Distribution-------	0	5	10	9	6	8	5	3	1	1	0	1	0	0	0	0	0	0	0	0	0	0	0	0	0	0	0	0	0	0	0	0	0	0	0	0	0	0	0	0	0	0	0	0	0	0	0	0	0	0	0	0	0	0	0	0	0	0	0	0	0	0	0	1	
SD Group----------------------	0-1	1-2	2-3	3-4	4-5	5-6	6-7	7-8	8-9	9-10	10-11	11-12	
SD Distribution---------------	50	0	2	1	5	8	8	9	13	3	0	1	
Half Coverage Group-----------	0-16038847	16038847-32077694	32077694-48116541	48116541-64155388	64155388-80194235	80194235-96233082	96233082-112271929	112271929-128310776	128310776-144349623	144349623-160388470	160388470-176427317	
Half Cvg Time Distribution----	0	19	66	8	1	0	0	0	0	0	0	
Transferred Photo Group-------	0-16038847	16038847-32077694	32077694-48116541	48116541-64155388	64155388-80194235	80194235-96233082	96233082-112271929	112271929-128310776	128310776-144349623	144349623-160388470	160388470-176427317	
Photo Time Distribution-------	555	3609	4367	1891	872	35	0	46	34	0	0	

Cvg&Red Distribution----------	0.0	2.0	3.2077694E7	6.4155388E7	1.28310776E8	1.6038847E8	9.6233082E7	
Average PhotoNum--------------	26.3954802259887	26.3954802259887	27.242937853107346	28.112994350282484	28.225988700564972	28.220338983050848	28.225988700564972	
Nodes Above Average-----------	99	99	94	84	83	83	83	
Nodes Below Average-----------	78	78	83	93	94	94	94	

Average Coverage--------------	1547.5480225988701	1547.5480225988701	1596.2203389830509	1644.6723163841807	1650.6045197740114	1650.265536723164	1650.6045197740114	
Nodes Above Average-----------	105	105	96	87	86	86	86	
Nodes Below Average-----------	72	72	81	90	91	91	91	
Photos Above Average----------	33	33	35	37	38	38	38	
Photos Below Average----------	16	16	17	18	18	18	18	
Network Coverage--------------	35964	35964	35964	35958	35958	35958	35958	

Average Redundancy------------	36.18079096045198	36.18079096045198	38.355932203389834	42.10734463276836	42.954802259887	42.954802259887	42.954802259887	
Nodes Above Average-----------	76	76	70	71	71	71	71	
Nodes Below Average-----------	101	101	107	106	106	106	106	
Photos Above Average----------	32	32	34	35	35	35	35	
Photos Below Average----------	22	22	22	23	23	23	23	
Network Redundancy------------	244356	244356	253356	262602	263802	263742	263802	

