Message stats for scenario S-5_Photo_5000-Scenario_6-ActualPOI_50
sim_time: 160388470.0000

Photo List Size: 976
coverageValue-----------------	335	303	360	294	360	319	225	317	235	266	309	322	270	205	145	344	275	198	271	253	346	305	288	312	180	224	211	144	309	254	299	284	313	216	289	231	208	330	182	356	290	307	334	255	300	315	171	335	308	281	245	244	274	238	272	275	360	313	310	304	259	356	276	244	337	355	292	277	246	260	305	328	302	335	328	294	327	350	264	333	268	320	295	296	328	279	309	284	230	291	276	243	323	272	298	342	307	240	272	254	
redundantCoverageValue--------	325	177	900	366	600	401	315	403	245	334	51	278	330	155	95	676	265	222	269	107	674	175	132	168	0	316	209	36	231	106	181	376	287	204	71	249	92	210	118	484	310	293	326	465	300	345	129	385	592	139	175	176	326	182	268	445	420	227	410	356	401	364	264	116	383	665	488	83	294	400	55	452	298	205	152	306	213	430	96	447	92	340	125	124	452	201	171	316	250	189	204	237	457	388	422	318	293	180	508	466	
halfCoverageTime--------------	32159425.0	33532159.0	2334848.0	33384296.0	31573300.0	32675984.0	63626911.0	32008519.0	33266814.0	31571785.0	32008509.0	33384261.0	32159118.0	32061729.0	.0	31573290.0	32761788.0	32159480.0	32868722.0	32960472.0	31571775.0	33205470.0	33384376.0	32095124.0	63850029.0	33728449.0	63849912.0	.0	32264402.0	33985312.0	33195269.0	32154243.0	32008559.0	63507470.0	32008228.0	33298098.0	63282059.0	32008362.0	64219950.0	32159485.0	32154263.0	32761676.0	32061659.0	32008346.0	32159465.0	32868787.0	.0	32159123.0	32960407.0	63282029.0	33906523.0	33036189.0	32761716.0	33384306.0	32061724.0	33178425.0	32264302.0	32264297.0	32008449.0	33298088.0	32154293.0	32154273.0	32264262.0	31573395.0	32008238.0	32159505.0	31744887.0	33195309.0	32761706.0	63626986.0	32868782.0	32008439.0	32061603.0	33266804.0	32686178.0	32061608.0	32868727.0	31573355.0	32689060.0	33195324.0	63855710.0	32154278.0	32008290.0	32868702.0	32008280.0	32686203.0	33985327.0	32159208.0	32960372.0	32061679.0	31573470.0	33205480.0	32686193.0	32761742.0	32960427.0	33384361.0	2334902.0	32264252.0	32061664.0	32264397.0	
numberOfPoint-----------------	1	1	1	1	1	1	1	1	1	1	1	1	1	1	1	1	1	1	1	1	1	1	1	1	1	1	1	1	1	1	1	1	1	1	1	1	1	1	1	1	1	1	1	1	1	1	1	1	1	1	1	0	1	3	3	1	2	2	3	2	1	2	2	3	3	1	1	3	2	1	2	2	2	1	2	1	2	2	1	1	1	1	1	1	3	2	0	1	0	1	1	1	1	2	2	2	2	2	1	2	
standardDeviation-------------	.0	.0	.0	.0	.0	.0	.0	.0	.0	.0	.0	.0	.0	.0	.0	.0	.0	.0	.0	.0	.0	.0	.0	.0	.0	.0	.0	.0	.0	.0	.0	.0	.0	.0	.0	.0	.0	.0	.0	.0	.0	.0	.0	.0	.0	.0	.0	.0	.0	.0	4.4	.0	7.84	7.96	8.23	9.04	7.1	6.33	6.61	5.67	3.62	5.82	2.87	10.71	6.27	1.58	8.85	6.46	5.3	5.95	5.86	8.34	6.77	4.95	7.04	2.77	7.55	10.33	8.95	2.2	2.9	3.76	3.62	4.2	6.93	6.42	.0	2.09	.0	8.02	6.51	2.48	4.83	7.12	6.58	5.75	7.16	7.58	1.39	5.53	
initialCoverageValue----------	360	360	360	360	360	360	360	360	360	360	360	360	360	360	360	360	360	360	360	360	360	360	360	360	360	360	360	360	360	360	360	360	360	360	360	360	360	360	360	360	360	360	360	360	360	360	360	360	360	360	360	360	360	360	360	360	360	360	360	360	360	360	360	360	360	360	360	360	360	360	360	360	360	360	360	360	360	360	360	360	360	360	360	360	360	360	360	360	360	360	357	360	360	360	360	360	360	360	360	360	
initialRedundantCoverageValue-	2940	2160	3600	2040	2820	2580	1980	3120	2040	3180	2160	2280	2280	2460	1740	3000	2520	2640	2580	2220	3120	2460	2340	2880	2220	2280	2520	2460	3000	1800	2340	2400	2820	1920	2160	2700	2160	1680	2220	2160	2400	2820	2400	2340	2580	2460	2400	2460	3000	1980	2460	2520	1920	2400	1920	1980	2880	2400	2520	2340	2640	2880	2100	2160	2040	3420	2640	1980	2160	2400	2220	3180	2040	2400	2280	2520	2760	2640	2520	1980	2340	2820	1980	1920	2520	1320	2760	2820	2940	2280	1683	2640	3060	2040	2280	2760	2100	2400	2940	3060	
additionalPoiTime-------------	62400.4
algorithmTime-----------------	4.71903025E8
Total Transferred Metadata----	2817

Photo List Size: 976
Gained Coverage %-------------	0.7893157763146929
Gained Redundancy %-----------	0.11874084739296834
Total Cluster Created---------	0
Total Transferred Photo-------	4159
Total Photo at Destination----	1005
Coverage Group----------------	1-30	31-60	61-90	91-120	121-150	151-180	181-210	211-240	241-270	271-300	301-330	331-360	
Coverage Distribution---------	0	0	0	0	2	2	4	9	15	26	26	16	
Ratio Group-------------------	.0	.1	.2	.3	.4	.5	.6	.7	.8	.9	1.0	
Coverage Ratio----------------	0	0	0	0	1	3	6	12	25	32	21	
Redundant Ratio---------------	1	39	53	7	0	0	0	0	0	0	0	
NumberOfPoint Group-----------	0	1	2	3	
NumOfPoint Distribution-------	3	21	19	7	
SD Group----------------------	0-1	1-2	2-3	3-4	4-5	5-6	6-7	7-8	8-9	9-10	10-11	
SD Distribution---------------	53	2	6	3	4	7	9	8	5	1	2	
Half Coverage Group-----------	0-16038847	16038847-32077694	32077694-48116541	48116541-64155388	64155388-80194235	80194235-96233082	96233082-112271929	112271929-128310776	128310776-144349623	144349623-160388470	160388470-176427317	
Half Cvg Time Distribution----	2	26	60	8	1	0	0	0	0	0	0	
Transferred Photo Group-------	0-16038847	16038847-32077694	32077694-48116541	48116541-64155388	64155388-80194235	80194235-96233082	96233082-112271929	112271929-128310776	128310776-144349623	144349623-160388470	160388470-176427317	
Photo Time Distribution-------	558	3335	5762	2626	1075	27	0	49	25	0	0	

Cvg&Red Distribution----------	0.0	2.0	3.2077694E7	6.4155388E7	1.28310776E8	1.6038847E8	9.6233082E7	
Average PhotoNum--------------	26.3954802259887	26.3954802259887	28.016949152542374	30.627118644067796	30.858757062146893	30.858757062146893	30.7909604519774	
Nodes Above Average-----------	99	99	87	79	81	81	80	
Nodes Below Average-----------	78	78	90	98	96	96	97	

Average Coverage--------------	1540.7062146892656	1540.7062146892656	1633.2033898305085	1779.129943502825	1791.683615819209	1791.683615819209	1788.406779661017	
Nodes Above Average-----------	102	102	88	79	80	80	79	
Nodes Below Average-----------	75	75	89	98	97	97	98	
Photos Above Average----------	33	33	37	43	44	44	44	
Photos Below Average----------	16	16	18	19	19	19	19	
Network Coverage--------------	35993	35993	35979	35977	35977	35977	35977	

Average Redundancy------------	43.0225988700565	43.0225988700565	47.813559322033896	58.49717514124294	59.84180790960452	59.84180790960452	59.05084745762712	
Nodes Above Average-----------	75	75	71	66	67	67	66	
Nodes Below Average-----------	102	102	106	111	110	110	111	
Photos Above Average----------	31	31	35	42	42	42	42	
Photos Below Average----------	22	22	23	23	23	23	23	
Network Redundancy------------	244327	244327	261561	289283	291743	291743	291023	

