Message stats for scenario S-5_Photo_5000-Scenario_5-ActualPOI_50
sim_time: 160388470.0000

Photo List Size: 4391
coverageValue-----------------	303	186	295	308	266	344	294	256	280	298	313	225	331	339	274	307	291	226	355	288	239	277	293	221	216	228	310	303	355	324	292	360	306	268	321	360	259	300	238	297	309	315	274	270	285	222	264	303	352	219	229	252	183	209	219	176	171	357	120	209	249	264	284	293	223	271	180	297	180	296	234	258	110	305	120	232	188	182	303	248	159	185	293	234	271	201	244	243	237	192	287	264	215	359	256	267	245	228	268	272	
redundantCoverageValue--------	177	54	245	112	334	76	186	104	20	182	227	15	149	201	86	173	69	134	125	252	121	263	247	139	144	192	170	237	185	36	188	120	294	92	159	360	41	120	122	243	171	45	86	210	195	78	156	177	308	141	11	168	57	91	21	124	9	423	0	91	171	156	196	187	77	149	0	183	0	64	186	102	10	235	0	128	112	238	177	52	81	55	187	186	149	159	416	297	63	48	193	36	85	361	164	93	55	12	212	148	
halfCoverageTime--------------	32159430.0	64582416.0	31573380.0	32264302.0	32960320.0	32868702.0	31573360.0	32761726.0	33266770.0	33195349.0	33728336.0	63507434.0	32159385.0	32264282.0	32159380.0	32761752.0	63849979.0	64732425.0	33178415.0	32264387.0	33985352.0	32008489.0	33205464.0	33728291.0	33266776.0	32686188.0	32061659.0	32008414.0	32159133.0	32686118.0	33266759.0	32159193.0	33195294.0	32159188.0	32159163.0	32675996.0	63281899.0	33266814.0	64732430.0	32264317.0	32159113.0	63626861.0	32264277.0	32061694.0	32154243.0	33195329.0	33195354.0	32868772.0	32008424.0	33266788.0	32264372.0	32675990.0	64290697.0	32008392.0	63507480.0	.0	.0	32159153.0	.0	33985372.0	32761721.0	32061679.0	32264322.0	32686098.0	33985302.0	1746504.0	32008509.0	32008514.0	33906603.0	32264377.0	63281939.0	32510968.0	.0	32154253.0	.0	33728301.0	32761737.0	32686193.0	32061644.0	63849939.0	.0	32008469.0	32264297.0	63281904.0	32159375.0	33178450.0	32264352.0	31571725.0	32061603.0	63849989.0	32159108.0	32008584.0	63704078.0	31573440.0	63704123.0	32686173.0	32686153.0	32159118.0	32686158.0	33906588.0	
numberOfPoint-----------------	1	1	1	1	1	1	1	1	1	1	1	1	1	1	1	1	1	1	1	1	1	1	1	1	1	1	1	1	1	1	1	1	1	1	1	1	1	1	1	1	1	1	1	1	1	1	1	1	1	1	4	5	5	0	3	3	2	2	2	5	4	8	4	3	5	1	2	1	3	4	3	6	7	4	5	3	2	4	6	6	3	4	3	2	6	7	3	2	1	3	4	6	4	6	3	3	6	6	2	3	
standardDeviation-------------	.0	.0	.0	.0	.0	.0	.0	.0	.0	.0	.0	.0	.0	.0	.0	.0	.0	.0	.0	.0	.0	.0	.0	.0	.0	.0	.0	.0	.0	.0	.0	.0	.0	.0	.0	.0	.0	.0	.0	.0	.0	.0	.0	.0	.0	.0	.0	.0	.0	.0	8.56	8.21	5.33	.0	5.39	8.46	5.2	4.44	5.26	5.92	7.9	5.73	5.63	9.8	6.46	4.78	3.82	1.84	6.72	7.39	7.03	7.41	4.6	8.34	5.66	7.24	7.09	6.46	6.51	8.86	6.84	6.55	6.06	4.98	6.78	8.27	8.7	6.21	2.42	4.7	9.4	3.86	7.76	6.74	5.18	11.19	7.43	8.07	5.97	5.52	
initialCoverageValue----------	360	360	360	360	360	360	360	360	360	360	360	360	360	360	353	360	360	360	360	360	360	360	360	360	360	360	360	360	360	360	360	360	360	360	360	360	360	360	360	360	360	360	360	360	360	357	360	360	360	360	360	360	360	360	360	360	360	360	360	360	360	360	360	360	360	360	360	360	360	360	360	360	360	360	360	360	360	360	360	360	360	360	360	360	360	360	360	360	360	360	360	360	360	360	360	360	360	360	360	360	
initialRedundantCoverageValue-	2340	2280	2100	2580	2940	2400	3660	2340	2340	3360	2700	2220	2400	2160	1867	2880	3000	2460	1140	1980	1440	2220	2220	2040	2460	2100	2460	2460	2820	2160	2580	2580	1860	2520	2700	2820	2100	2400	2340	2820	2640	2100	2580	2580	2880	2043	2700	1980	2760	2280	2700	2940	2700	2940	2220	2040	2100	2400	2100	2460	2520	1920	2220	2400	2100	2040	2700	2400	2400	2460	2280	2340	3060	3180	2340	2400	2040	2640	2460	2760	2100	2340	2340	2460	2940	2280	2400	2760	1920	2160	3300	2220	2280	2760	2100	2880	2580	2340	2040	3180	
additionalPoiTime-------------	0.0
algorithmTime-----------------	1.15908743E7
Total Transferred Metadata----	3417

Photo List Size: 4391
Gained Coverage %-------------	0.7257849402611837
Gained Redundancy %-----------	0.05906831532678799
Total Cluster Created---------	50
Total Transferred Photo-------	2577
Total Photo at Destination----	676
Coverage Group----------------	1-30	31-60	61-90	91-120	121-150	151-180	181-210	211-240	241-270	271-300	301-330	331-360	
Coverage Distribution---------	0	0	0	3	0	5	9	18	18	23	14	10	
Ratio Group-------------------	.0	.1	.2	.3	.4	.5	.6	.7	.8	.9	1.0	
Coverage Ratio----------------	0	0	0	0	3	5	11	22	23	26	10	
Redundant Ratio---------------	4	82	14	0	0	0	0	0	0	0	0	
NumberOfPoint Group-----------	0	1	2	3	4	5	6	7	8	
NumOfPoint Distribution-------	1	3	8	13	9	5	8	2	1	
SD Group----------------------	0-1	1-2	2-3	3-4	4-5	5-6	6-7	7-8	8-9	9-10	10-11	11-12	
SD Distribution---------------	51	1	1	2	5	11	10	8	8	2	0	1	
Half Coverage Group-----------	0-16038847	16038847-32077694	32077694-48116541	48116541-64155388	64155388-80194235	80194235-96233082	96233082-112271929	112271929-128310776	128310776-144349623	144349623-160388470	160388470-176427317	
Half Cvg Time Distribution----	1	17	61	11	4	0	0	0	0	0	0	
Transferred Photo Group-------	0-16038847	16038847-32077694	32077694-48116541	48116541-64155388	64155388-80194235	80194235-96233082	96233082-112271929	112271929-128310776	128310776-144349623	144349623-160388470	160388470-176427317	
Photo Time Distribution-------	554	2022	2930	1198	581	15	0	20	14	0	0	

Cvg&Red Distribution----------	0.0	2.0	3.2077694E7	6.4155388E7	1.28310776E8	1.6038847E8	9.6233082E7	
Average PhotoNum--------------	26.3954802259887	26.3954802259887	27.27683615819209	28.259887005649716	28.440677966101696	28.43502824858757	28.440677966101696	
Nodes Above Average-----------	99	99	94	85	84	84	84	
Nodes Below Average-----------	78	78	83	92	93	93	93	

Average Coverage--------------	1545.5084745762713	1545.5084745762713	1593.2429378531074	1648.322033898305	1658.915254237288	1658.5762711864406	1658.915254237288	
Nodes Above Average-----------	103	103	97	88	86	86	86	
Nodes Below Average-----------	74	74	80	89	91	91	91	
Photos Above Average----------	33	33	35	37	38	38	38	
Photos Below Average----------	16	16	17	18	18	18	18	
Network Coverage--------------	35966	35966	35966	35944	35944	35944	35944	

Average Redundancy------------	38.220338983050844	38.220338983050844	43.367231638418076	47.271186440677965	47.52542372881356	47.52542372881356	47.52542372881356	
Nodes Above Average-----------	77	77	69	68	70	70	70	
Nodes Below Average-----------	100	100	108	109	107	107	107	
Photos Above Average----------	32	32	34	36	36	36	36	
Photos Below Average----------	22	22	22	23	23	23	23	
Network Redundancy------------	244354	244354	253714	264176	266096	266036	266096	

