Message stats for scenario S-7_Photo_5000-Scenario_7-ActualPOI_50
sim_time: 160388470.0000

Photo List Size: 4329
coverageValue-----------------	265	339	294	360	325	249	237	283	307	297	329	255	321	305	156	325	191	170	314	360	256	352	306	334	236	360	343	325	285	323	360	353	197	294	255	296	310	276	260	158	266	226	276	340	269	235	302	311	324	326	291	238	297	340	360	284	290	357	212	360	259	245	194	317	351	327	273	314	321	317	353	338	304	350	207	350	258	347	282	294	292	258	293	316	322	265	343	328	320	313	328	272	346	301	360	360	360	203	360	247	
redundantCoverageValue--------	155	381	366	420	275	171	303	137	353	63	271	105	339	355	24	275	109	10	466	540	344	308	294	266	184	720	317	335	315	457	240	487	163	126	405	244	230	204	100	82	334	194	384	440	451	485	58	289	336	394	309	302	183	560	600	436	310	483	208	420	161	295	166	283	309	333	87	346	399	463	187	622	116	490	153	430	222	613	318	366	548	402	427	404	518	335	437	392	400	527	392	388	314	299	360	540	660	97	480	173	
halfCoverageTime--------------	33178450.0	31554342.0	33110243.0	31638779.0	31638879.0	32095129.0	31571674.0	31571709.0	32159480.0	63281969.0	32159359.0	33728409.0	32960320.0	32264317.0	.0	32761810.0	63850054.0	.0	31638647.0	31638829.0	32008285.0	31638869.0	32154283.0	32868747.0	32008444.0	31638582.0	32154263.0	32159118.0	32008364.0	31638924.0	32159148.0	32686208.0	33266809.0	32008459.0	32008439.0	32761783.0	31573340.0	31573435.0	33380032.0	.0	33266754.0	64582451.0	32159370.0	31571775.0	31638687.0	32686158.0	63281919.0	33728326.0	31638617.0	32008354.0	33110238.0	32761711.0	33195254.0	31724277.0	31724287.0	63704073.0	31738505.0	33906558.0	32686113.0	31638632.0	31638622.0	32061679.0	.0	32686093.0	33195369.0	33298108.0	31724247.0	31724227.0	32264282.0	32061664.0	31638697.0	32008326.0	31638762.0	32154243.0	33110283.0	31573475.0	32686088.0	31724242.0	31738570.0	31638542.0	31573360.0	32159430.0	31638727.0	31573305.0	31554367.0	32761706.0	32761762.0	31638677.0	32008474.0	33728364.0	31573440.0	32008400.0	32159455.0	31638652.0	31638747.0	32264332.0	31638567.0	63777501.0	31573410.0	33195279.0	
numberOfPoint-----------------	1	1	1	1	1	1	1	1	1	1	1	1	1	1	1	1	1	1	1	1	1	1	1	1	1	1	1	1	1	1	1	1	1	1	1	1	1	1	1	1	1	1	1	1	1	1	1	1	1	1	5	2	2	4	4	4	5	8	2	1	1	4	2	3	5	3	5	8	3	7	9	8	3	2	3	7	3	0	3	9	3	5	3	2	5	12	2	4	5	5	3	4	2	5	2	3	2	1	5	2	
standardDeviation-------------	.0	.0	.0	.0	.0	.0	.0	.0	.0	.0	.0	.0	.0	.0	.0	.0	.0	.0	.0	.0	.0	.0	.0	.0	.0	.0	.0	.0	.0	.0	.0	.0	.0	.0	.0	.0	.0	.0	.0	.0	.0	.0	.0	.0	.0	.0	.0	.0	.0	.0	6.59	6.25	5.73	9.46	8.85	7.78	4.95	6.39	6.57	1.3	1.0	5.4	6.64	6.39	6.72	6.27	6.64	6.18	7.94	7.97	7.61	7.0	9.47	1.51	10.02	7.43	8.73	.0	6.53	6.54	8.3	5.83	11.17	4.3	7.83	8.94	9.14	5.41	4.95	5.65	4.85	7.21	8.41	6.26	4.92	8.94	1.55	2.56	8.89	5.0	
initialCoverageValue----------	360	360	360	360	360	360	360	360	360	360	360	360	360	360	360	360	360	360	360	360	360	360	360	360	360	360	360	360	360	360	360	360	360	360	360	360	360	360	360	360	360	360	360	360	360	360	360	360	360	360	360	360	360	360	360	360	360	360	360	360	360	360	360	360	360	360	360	360	351	360	360	360	360	360	360	360	360	360	360	360	360	360	360	360	360	360	360	352	360	360	360	360	360	360	360	360	360	360	360	360	
initialRedundantCoverageValue-	2280	2940	2820	2160	2100	2340	2280	2100	2760	1800	2640	2760	2880	2460	1380	2340	1680	2400	2760	2760	2040	2340	2340	3300	2340	2760	2520	2460	2220	2700	2460	3180	2280	2220	2160	2100	2460	1860	1980	2160	2280	2760	2220	3180	2340	2280	2160	2520	2400	2160	2520	2040	2280	2460	2940	1920	2100	2400	2340	2940	2220	2280	1680	2100	1920	2220	2040	2760	2349	2940	1800	2760	2220	2700	2220	2220	2460	2820	2580	3180	2400	2400	2160	2460	2640	2340	2640	2888	2820	2760	2460	2160	2580	2100	2760	2820	3240	2340	2520	2280	
additionalPoiTime-------------	1.569058058E8
algorithmTime-----------------	1.08732697E7
Total Transferred Metadata----	3320

Photo List Size: 4329
Gained Coverage %-------------	0.8240835950309868
Gained Redundancy %-----------	0.1345760484634107
Total Cluster Created---------	50
Total Transferred Photo-------	3043
Total Photo at Destination----	1059
Coverage Group----------------	1-30	31-60	61-90	91-120	121-150	151-180	181-210	211-240	241-270	271-300	301-330	331-360	
Coverage Distribution---------	0	0	0	0	0	3	5	6	14	18	28	26	
Ratio Group-------------------	.0	.1	.2	.3	.4	.5	.6	.7	.8	.9	1.0	
Coverage Ratio----------------	0	0	0	0	0	3	6	8	19	29	35	
Redundant Ratio---------------	0	28	62	10	0	0	0	0	0	0	0	
NumberOfPoint Group-----------	0	1	2	3	4	5	6	7	8	9	10	11	12	
NumOfPoint Distribution-------	1	3	11	11	6	10	0	2	3	2	0	0	1	
SD Group----------------------	0-1	1-2	2-3	3-4	4-5	5-6	6-7	7-8	8-9	9-10	10-11	11-12	
SD Distribution---------------	51	4	1	0	6	5	14	7	7	3	1	1	
Half Coverage Group-----------	0-16038847	16038847-32077694	32077694-48116541	48116541-64155388	64155388-80194235	80194235-96233082	96233082-112271929	112271929-128310776	128310776-144349623	144349623-160388470	160388470-176427317	
Half Cvg Time Distribution----	0	49	41	5	1	0	0	0	0	0	0	
Transferred Photo Group-------	0-16038847	16038847-32077694	32077694-48116541	48116541-64155388	64155388-80194235	80194235-96233082	96233082-112271929	112271929-128310776	128310776-144349623	144349623-160388470	160388470-176427317	
Photo Time Distribution-------	555	4338	4679	1832	825	39	0	103	24	0	0	

Cvg&Red Distribution----------	0.0	2.0	3.2077694E7	6.4155388E7	1.28310776E8	1.6038847E8	9.6233082E7	
Average PhotoNum--------------	26.34285714285714	26.34285714285714	27.12	28.365714285714287	28.462857142857143	28.462857142857143	28.46857142857143	
Nodes Above Average-----------	98	98	93	84	83	83	83	
Nodes Below Average-----------	77	77	82	91	92	92	92	

Average Coverage--------------	1540.88	1540.88	1583.4514285714286	1654.5428571428572	1660.337142857143	1660.337142857143	1660.68	
Nodes Above Average-----------	100	100	96	87	87	87	87	
Nodes Below Average-----------	75	75	79	88	88	88	88	
Photos Above Average----------	33	33	34	38	38	38	38	
Photos Below Average----------	17	17	17	18	18	18	18	
Network Coverage--------------	35983	35983	35983	35983	35983	35983	35983	

Average Redundancy------------	39.691428571428574	39.691428571428574	43.74857142857143	47.4	47.434285714285714	47.434285714285714	47.434285714285714	
Nodes Above Average-----------	78	78	75	74	74	74	74	
Nodes Below Average-----------	97	97	100	101	101	101	101	
Photos Above Average----------	31	31	33	35	35	35	35	
Photos Below Average----------	22	22	22	22	23	23	23	
Network Redundancy------------	240617	240617	248777	261857	262877	262877	262937	

