Message stats for scenario S-7_Photo_5000-Scenario_8-ActualPOI_50
sim_time: 160388470.0000

Photo List Size: 1184
coverageValue-----------------	250	360	301	321	335	325	273	308	320	342	278	337	360	347	356	342	313	295	324	355	312	291	358	314	360	315	360	359	360	360	344	360	334	270	334	322	322	288	314	350	329	332	334	351	342	332	360	360	360	350	269	323	305	312	343	354	273	278	243	250	333	291	238	195	319	258	314	300	318	341	288	291	207	360	206	274	288	296	250	266	225	314	145	299	276	279	354	299	257	360	201	194	323	335	226	283	313	292	340	324	
redundantCoverageValue--------	530	600	479	459	265	635	327	172	280	498	82	323	540	253	424	618	587	365	576	605	408	429	662	586	900	345	600	541	360	780	916	720	926	330	506	458	398	432	166	610	391	748	266	429	378	328	540	540	660	550	211	337	115	528	497	366	387	262	237	350	147	309	182	165	401	282	346	360	282	199	372	249	273	300	214	266	252	244	230	154	75	586	35	301	144	141	426	421	403	600	99	46	457	325	254	377	347	308	440	276	
halfCoverageTime--------------	32008243.0	31573480.0	32686183.0	32034420.0	32034336.0	32159550.0	32061724.0	32008499.0	32008321.0	31543213.0	32008351.0	33728341.0	31573284.0	33384251.0	31724272.0	31724232.0	33023443.0	32686143.0	32008539.0	32095139.0	32761651.0	31744040.0	31558137.0	32159375.0	31571780.0	31638707.0	32159455.0	31573325.0	31571669.0	31638752.0	31571634.0	31638772.0	31638587.0	32159535.0	32159555.0	31638747.0	32008362.0	32061674.0	32761711.0	31573350.0	31573385.0	31558167.0	31724267.0	31724262.0	32154283.0	32008594.0	31571835.0	32159400.0	31571709.0	33023433.0	31573390.0	32061623.0	31638557.0	31573445.0	31808682.0	31543208.0	31638572.0	32686093.0	63507520.0	31573410.0	32686128.0	31571704.0	33195254.0	.0	31638652.0	32855857.0	32264257.0	33728358.0	32696562.0	31808697.0	32034378.0	31639004.0	32159133.0	31638632.0	63626976.0	31638582.0	31808485.0	31573365.0	32761681.0	32061659.0	33298098.0	31940783.0	.0	32008300.0	32154253.0	32868752.0	31638612.0	31808520.0	32676002.0	32159113.0	32034390.0	33728286.0	31573380.0	31652389.0	33110283.0	31709999.0	32264587.0	32159183.0	31543390.0	31543218.0	
numberOfPoint-----------------	1	1	1	1	1	1	1	1	1	1	1	1	1	1	1	1	1	1	1	1	1	1	1	1	1	1	1	1	1	1	1	1	1	1	1	1	1	1	1	1	1	1	1	1	1	1	1	1	1	1	2	2	1	2	1	2	1	2	2	2	3	2	2	1	2	0	2	1	1	1	2	1	2	2	1	3	1	2	2	2	1	2	0	0	2	2	4	1	2	2	1	0	2	1	2	1	1	1	1	2	
standardDeviation-------------	.0	.0	.0	.0	.0	.0	.0	.0	.0	.0	.0	.0	.0	.0	.0	.0	.0	.0	.0	.0	.0	.0	.0	.0	.0	.0	.0	.0	.0	.0	.0	.0	.0	.0	.0	.0	.0	.0	.0	.0	.0	.0	.0	.0	.0	.0	.0	.0	.0	.0	11.45	5.18	7.71	6.04	5.43	6.71	2.2	5.42	9.28	8.42	7.37	5.93	8.56	7.61	7.11	.0	7.59	2.8	6.48	3.99	6.3	8.1	6.83	6.04	5.66	7.66	.54	4.84	5.51	6.78	3.62	5.55	.0	.0	7.01	7.39	8.87	2.94	7.92	8.85	5.98	.0	7.35	3.48	6.26	2.52	7.63	2.75	6.85	9.38	
initialCoverageValue----------	360	360	360	360	360	360	360	360	360	360	360	360	360	360	360	360	360	357	360	360	360	360	360	360	360	360	360	360	360	360	360	360	360	360	360	360	360	360	360	360	360	360	360	360	360	360	360	360	360	360	360	360	360	360	360	360	360	360	360	360	360	360	360	360	360	360	360	360	360	360	360	360	360	360	360	360	360	360	360	360	360	360	360	360	360	360	360	360	360	360	360	360	360	360	360	360	360	360	360	360	
initialRedundantCoverageValue-	2520	2640	2280	2340	2220	2520	2520	2460	2280	2580	1860	2400	2400	2820	2280	2400	2940	1683	2520	2880	2280	2520	2940	2640	2640	2160	2700	2460	2220	2640	2460	2640	2580	2040	2520	2460	2580	2160	2700	3240	1860	3360	2100	2820	1860	2340	2520	2640	2940	2220	1920	2520	2220	2640	2160	2460	2580	2640	2040	2880	1680	2160	2400	1860	2700	2460	3060	2520	2280	2640	2160	2700	2820	3060	2460	2340	1620	1800	2880	2220	1980	3060	2580	2100	1860	1800	2460	2520	2580	2640	1920	1980	2940	2280	2580	2220	2160	2220	2880	2400	
additionalPoiTime-------------	140400.9
algorithmTime-----------------	1.1778469363152E10
Total Transferred Metadata----	2365

Photo List Size: 1184
Gained Coverage %-------------	0.8539878323193599
Gained Redundancy %-----------	0.1610185196624702
Total Cluster Created---------	0
Total Transferred Photo-------	25764
Total Photo at Destination----	1267
Coverage Group----------------	1-30	31-60	61-90	91-120	121-150	151-180	181-210	211-240	241-270	271-300	301-330	331-360	
Coverage Distribution---------	0	0	0	0	1	0	5	3	9	20	24	38	
Ratio Group-------------------	.0	.1	.2	.3	.4	.5	.6	.7	.8	.9	1.0	
Coverage Ratio----------------	0	0	0	0	0	1	5	7	16	31	40	
Redundant Ratio---------------	0	23	49	25	3	0	0	0	0	0	0	
NumberOfPoint Group-----------	0	1	2	3	4	
NumOfPoint Distribution-------	4	18	25	2	1	
SD Group----------------------	0-1	1-2	2-3	3-4	4-5	5-6	6-7	7-8	8-9	9-10	10-11	11-12	
SD Distribution---------------	55	0	5	3	1	8	9	11	5	2	0	1	
Half Coverage Group-----------	0-16038847	16038847-32077694	32077694-48116541	48116541-64155388	64155388-80194235	80194235-96233082	96233082-112271929	112271929-128310776	128310776-144349623	144349623-160388470	160388470-176427317	
Half Cvg Time Distribution----	0	62	34	2	0	0	0	0	0	0	0	
Transferred Photo Group-------	0-16038847	16038847-32077694	32077694-48116541	48116541-64155388	64155388-80194235	80194235-96233082	96233082-112271929	112271929-128310776	128310776-144349623	144349623-160388470	160388470-176427317	
Photo Time Distribution-------	6004	12436	16123	13478	6533	342	222	758	235	39	0	

Cvg&Red Distribution----------	0.0	2.0	3.2077694E7	6.4155388E7	1.28310776E8	1.6038847E8	9.6233082E7	
Average PhotoNum--------------	26.34285714285714	26.34285714285714	35.73714285714286	39.81142857142857	41.70857142857143	41.89714285714286	40.70857142857143	
Nodes Above Average-----------	98	98	94	120	131	132	126	
Nodes Below Average-----------	77	77	81	55	44	43	49	

Average Coverage--------------	1544.297142857143	1544.297142857143	2063.8171428571427	2286.8285714285716	2393.2457142857143	2405.2114285714288	2338.2742857142857	
Nodes Above Average-----------	102	102	92	120	132	132	126	
Nodes Below Average-----------	73	73	83	55	43	43	49	
Photos Above Average----------	33	33	48	49	49	49	49	
Photos Below Average----------	16	16	21	17	16	17	17	
Network Coverage--------------	35985	35985	35985	35985	35985	35985	35985	

Average Redundancy------------	36.27428571428572	36.27428571428572	80.41142857142857	101.85714285714286	109.26857142857143	108.61714285714285	104.24	
Nodes Above Average-----------	75	75	79	80	75	76	77	
Nodes Below Average-----------	100	100	96	95	100	99	98	
Photos Above Average----------	32	32	46	49	49	49	48	
Photos Below Average----------	22	22	26	32	36	36	34	
Network Redundancy------------	240615	240615	339255	382035	401955	403935	391455	

