Message stats for scenario S-7_Photo_5000-Scenario_5-ActualPOI_50
sim_time: 160388470.0000

Photo List Size: 4329
coverageValue-----------------	360	325	235	360	341	309	289	326	358	343	298	360	310	360	295	342	314	352	341	226	360	344	360	321	348	311	331	206	323	348	320	294	345	353	351	350	240	295	332	320	318	355	303	332	280	292	224	283	257	263	179	221	266	156	230	182	232	259	207	200	284	231	319	263	262	120	237	297	315	302	171	219	183	197	307	132	268	212	279	271	305	299	305	258	178	175	154	322	253	221	217	280	328	282	297	342	255	148	279	231	
redundantCoverageValue--------	300	215	125	180	79	51	131	274	62	197	122	240	170	300	125	198	106	248	259	194	360	196	360	159	312	109	149	94	217	252	100	126	315	367	129	130	120	65	268	100	162	245	237	388	200	308	16	77	283	97	121	139	94	204	250	58	128	161	213	160	136	249	221	97	98	0	63	243	285	298	249	201	57	103	233	108	212	148	201	149	115	61	235	102	62	5	266	218	107	139	83	80	92	258	183	318	165	92	81	9	
halfCoverageTime--------------	32008394.0	32585544.0	32264242.0	31638722.0	31573325.0	32159410.0	33195339.0	32034396.0	31638751.0	31638896.0	32034390.0	31724247.0	31638891.0	32034354.0	32868732.0	31638572.0	32761716.0	31571725.0	31638657.0	31571775.0	31638592.0	32264592.0	32008233.0	1000058.0	31638567.0	32008333.0	32159183.0	33985337.0	32008400.0	32008376.0	32868722.0	32585586.0	32159415.0	31558182.0	32095129.0	31638552.0	63626876.0	32761706.0	31573370.0	32761681.0	32676014.0	31638756.0	32034420.0	31573400.0	32154283.0	32159390.0	63777536.0	32159163.0	32175751.0	32868792.0	.0	31638627.0	31724217.0	.0	32061669.0	31744040.0	33007252.0	31543562.0	63507454.0	33110288.0	32008328.0	32264272.0	31738555.0	33178420.0	31724287.0	.0	32034330.0	32061634.0	31709999.0	31573450.0	.0	32159400.0	32696567.0	32008406.0	31554347.0	.0	31738505.0	33195259.0	31638697.0	31744887.0	32264307.0	32675960.0	32264607.0	31573385.0	.0	.0	.0	31738540.0	31638647.0	63626921.0	31573405.0	32855847.0	31571714.0	33266782.0	31724267.0	32154288.0	32095154.0	.0	63626931.0	63281894.0	
numberOfPoint-----------------	1	1	1	1	1	1	1	1	1	1	1	1	1	1	1	1	1	1	1	1	1	1	1	1	1	1	1	1	1	1	1	1	1	1	1	1	1	1	1	1	1	1	1	1	1	1	1	1	1	1	4	6	1	9	8	5	2	4	3	3	4	2	13	7	5	5	6	3	5	2	2	2	3	18	8	2	3	7	7	3	4	10	4	6	5	3	4	1	6	5	4	8	3	3	3	3	2	3	4	6	
standardDeviation-------------	.0	.0	.0	.0	.0	.0	.0	.0	.0	.0	.0	.0	.0	.0	.0	.0	.0	.0	.0	.0	.0	.0	.0	.0	.0	.0	.0	.0	.0	.0	.0	.0	.0	.0	.0	.0	.0	.0	.0	.0	.0	.0	.0	.0	.0	.0	.0	.0	.0	.0	7.29	8.15	3.75	6.85	6.69	6.7	8.45	9.35	5.76	6.15	6.39	4.67	6.98	7.47	6.25	8.38	6.62	7.1	10.33	5.26	7.47	6.37	6.19	7.58	6.98	10.13	6.57	6.85	5.41	5.42	4.58	7.84	8.3	5.93	6.57	7.3	5.95	2.63	6.57	6.13	7.29	5.63	6.03	8.4	8.41	5.81	7.32	9.92	8.07	8.09	
initialCoverageValue----------	360	360	360	360	360	360	360	360	360	360	360	360	360	360	360	360	360	360	360	360	360	360	360	360	360	360	360	360	360	360	360	360	360	360	360	360	360	360	360	360	360	360	360	360	360	360	360	360	360	360	360	360	360	360	360	360	360	360	360	360	360	360	360	360	360	360	360	360	360	360	360	353	360	360	360	360	360	360	360	360	360	360	360	360	360	360	358	360	360	360	360	360	360	360	360	360	360	360	360	360	
initialRedundantCoverageValue-	2340	2220	2280	2580	1740	2040	2220	2580	1860	3480	2520	3300	2160	2880	3060	2100	2340	2520	2460	2460	2640	2220	2460	3120	2700	1800	2160	2040	2700	2820	2340	2220	2520	2580	1620	2400	2040	2340	2280	2580	2220	2580	2640	2700	2520	2460	1860	1620	2400	2580	2340	2640	2280	2400	2400	2400	1500	2400	2700	2400	2520	2580	2820	2460	2520	2760	1920	2760	2820	3480	2520	1927	1980	2280	2340	2700	2760	2280	2040	2100	1860	2160	2880	2640	2460	2640	2162	2640	2940	2880	2700	2400	2760	2040	1800	2940	2460	2280	1980	2220	
additionalPoiTime-------------	0.0
algorithmTime-----------------	1.05612677E7
Total Transferred Metadata----	3327

Photo List Size: 4329
Gained Coverage %-------------	0.7761106943402517
Gained Redundancy %-----------	0.07047557697310555
Total Cluster Created---------	50
Total Transferred Photo-------	2682
Total Photo at Destination----	753
Coverage Group----------------	1-30	31-60	61-90	91-120	121-150	151-180	181-210	211-240	241-270	271-300	301-330	331-360	
Coverage Distribution---------	0	0	0	1	2	6	6	14	10	17	20	24	
Ratio Group-------------------	.0	.1	.2	.3	.4	.5	.6	.7	.8	.9	1.0	
Coverage Ratio----------------	0	0	0	0	2	7	7	13	18	26	27	
Redundant Ratio---------------	1	79	20	0	0	0	0	0	0	0	0	
NumberOfPoint Group-----------	0	1	2	3	4	5	6	7	8	9	10	11	12	13	14	15	16	17	18	
NumOfPoint Distribution-------	0	2	7	12	8	6	5	3	3	1	1	0	0	1	0	0	0	0	1	
SD Group----------------------	0-1	1-2	2-3	3-4	4-5	5-6	6-7	7-8	8-9	9-10	10-11	
SD Distribution---------------	50	0	1	1	2	8	17	9	8	2	2	
Half Coverage Group-----------	0-16038847	16038847-32077694	32077694-48116541	48116541-64155388	64155388-80194235	80194235-96233082	96233082-112271929	112271929-128310776	128310776-144349623	144349623-160388470	160388470-176427317	
Half Cvg Time Distribution----	1	49	35	6	0	0	0	0	0	0	0	
Transferred Photo Group-------	0-16038847	16038847-32077694	32077694-48116541	48116541-64155388	64155388-80194235	80194235-96233082	96233082-112271929	112271929-128310776	128310776-144349623	144349623-160388470	160388470-176427317	
Photo Time Distribution-------	559	2574	3096	1038	571	11	0	25	6	0	0	

Cvg&Red Distribution----------	0.0	2.0	3.2077694E7	6.4155388E7	1.28310776E8	1.6038847E8	9.6233082E7	
Average PhotoNum--------------	26.34285714285714	26.34285714285714	27.08	28.542857142857144	28.714285714285715	28.714285714285715	28.714285714285715	
Nodes Above Average-----------	98	98	92	84	83	83	83	
Nodes Below Average-----------	77	77	83	91	92	92	92	

Average Coverage--------------	1538.8342857142857	1538.8342857142857	1580.1771428571428	1662.4342857142858	1670.96	1670.96	1670.96	
Nodes Above Average-----------	101	101	97	84	83	83	83	
Nodes Below Average-----------	74	74	78	91	92	92	92	
Photos Above Average----------	33	33	34	38	39	39	39	
Photos Below Average----------	16	16	17	18	19	19	19	
Network Coverage--------------	35963	35963	35950	35950	35950	35950	35950	

Average Redundancy------------	41.73714285714286	41.73714285714286	44.62285714285714	50.137142857142855	51.89714285714286	51.89714285714286	51.89714285714286	
Nodes Above Average-----------	67	67	65	65	65	65	65	
Nodes Below Average-----------	108	108	110	110	110	110	110	
Photos Above Average----------	32	32	34	38	38	38	38	
Photos Below Average----------	22	22	22	22	22	22	22	
Network Redundancy------------	240637	240637	248390	263750	265550	265550	265550	

