Message stats for scenario S-7_Photo_5000-Scenario_4-ActualPOI_50
sim_time: 160388470.0000

Photo List Size: 4329
coverageValue-----------------	195	334	221	296	337	325	350	318	284	193	340	307	326	263	348	360	355	339	311	335	360	292	317	311	283	306	281	350	285	297	353	324	348	310	354	300	260	351	353	307	360	345	329	267	343	223	337	303	360	282	317	231	166	211	261	267	307	313	120	120	218	284	279	291	155	203	238	161	215	222	198	273	150	300	123	237	270	313	274	266	285	311	208	274	309	293	269	130	354	310	346	284	120	60	350	290	180	162	252	180	
redundantCoverageValue--------	105	326	139	184	263	275	190	282	316	47	260	233	94	157	372	240	365	321	169	205	120	308	283	289	257	114	259	490	75	183	187	96	312	230	186	120	100	309	247	173	240	195	91	93	257	77	203	117	180	318	343	9	74	149	39	153	113	227	60	0	262	136	141	249	145	97	122	19	85	78	42	327	30	120	57	63	90	287	206	214	195	109	212	146	291	247	31	50	186	50	254	256	0	0	190	190	0	138	168	0	
halfCoverageTime--------------	33110243.0	32008354.0	32159375.0	32159128.0	31573410.0	32008258.0	32159138.0	33266794.0	32675978.0	33728331.0	31638809.0	31554337.0	33110238.0	32686093.0	31744892.0	31573315.0	31654261.0	31573390.0	32034372.0	31808330.0	32264272.0	32686208.0	32061654.0	32008280.0	31724212.0	32008323.0	32159183.0	32061603.0	32159143.0	31744050.0	32034438.0	31573300.0	32008370.0	33298108.0	31573350.0	33036180.0	63855716.0	31940783.0	31573430.0	31654266.0	32264612.0	32868722.0	32585454.0	32960325.0	31724262.0	32159153.0	32855867.0	32960345.0	31573360.0	31638874.0	31554347.0	64732435.0	.0	33728369.0	32868767.0	32686133.0	31558152.0	1746522.0	.0	.0	63849964.0	31638712.0	32034378.0	31573440.0	.0	32675984.0	32585591.0	.0	31738560.0	33906498.0	32008338.0	31571669.0	.0	31638707.0	.0	31638742.0	33195294.0	31738565.0	32585520.0	32264257.0	32061623.0	31738525.0	33178415.0	32008243.0	31738550.0	32008394.0	31738510.0	.0	32264247.0	31724252.0	31554322.0	31558187.0	.0	.0	31554332.0	32008248.0	32008233.0	.0	32095134.0	32154243.0	
numberOfPoint-----------------	1	1	1	1	1	1	1	1	1	1	1	1	1	1	1	1	1	1	1	1	1	1	1	1	1	1	1	1	1	1	1	1	1	1	1	1	1	1	1	1	1	1	1	1	1	1	1	1	1	1	6	6	8	8	4	11	3	5	3	3	2	2	4	4	2	4	3	4	2	3	10	6	5	6	5	4	4	5	6	2	2	3	3	4	2	4	4	5	2	5	4	3	3	2	6	8	2	5	3	7	
standardDeviation-------------	.0	.0	.0	.0	.0	.0	.0	.0	.0	.0	.0	.0	.0	.0	.0	.0	.0	.0	.0	.0	.0	.0	.0	.0	.0	.0	.0	.0	.0	.0	.0	.0	.0	.0	.0	.0	.0	.0	.0	.0	.0	.0	.0	.0	.0	.0	.0	.0	.0	.0	7.62	9.81	8.05	5.56	5.76	7.41	4.99	6.82	6.14	6.41	7.51	9.96	7.2	6.32	8.19	9.73	9.64	6.87	5.76	7.45	6.81	6.15	6.07	7.04	6.71	7.25	5.53	7.57	7.03	3.84	5.29	7.68	8.28	4.15	6.48	7.06	3.83	8.42	6.76	7.7	6.15	4.28	6.15	12.59	8.02	7.77	5.81	8.45	8.85	7.67	
initialCoverageValue----------	360	360	360	360	360	360	360	360	360	346	360	360	360	360	360	360	360	360	360	360	360	360	360	360	359	360	360	360	360	360	360	360	360	360	360	360	360	360	360	360	360	360	360	359	360	360	360	360	360	360	360	360	360	360	360	360	360	360	360	360	360	360	360	360	360	360	360	360	360	360	360	360	360	360	360	360	360	360	360	360	360	360	360	360	360	360	360	360	360	360	360	360	350	360	360	360	360	360	360	360	
initialRedundantCoverageValue-	1980	2100	1860	2160	2760	3060	2640	2640	2280	1574	2520	2640	2580	1980	2760	2280	2640	2940	2340	2820	2580	2280	2460	2580	1981	2640	1860	2400	1980	2580	2520	2940	2340	2040	2580	2760	1860	3480	2340	2400	2700	2340	2460	2221	3180	2040	2520	1860	2460	2880	3180	2400	3480	2460	2280	2640	2340	2580	2280	2700	2460	2520	2400	2400	2520	2820	2160	2100	2100	2280	1980	2220	2280	2280	3120	2760	1920	3000	2340	2160	2400	2700	1920	2700	2580	2460	2400	2100	2520	2820	2280	2760	1870	1260	3060	2520	2880	2820	2400	2040	
additionalPoiTime-------------	1.583722152E8
algorithmTime-----------------	1.10916711E7
Total Transferred Metadata----	3322

Photo List Size: 4329
Gained Coverage %-------------	0.7666092177683883
Gained Redundancy %-----------	0.07077466805199906
Total Cluster Created---------	50
Total Transferred Photo-------	2801
Total Photo at Destination----	753
Coverage Group----------------	1-30	31-60	61-90	91-120	121-150	151-180	181-210	211-240	241-270	271-300	301-330	331-360	
Coverage Distribution---------	0	1	0	3	3	6	5	9	9	20	20	24	
Ratio Group-------------------	.0	.1	.2	.3	.4	.5	.6	.7	.8	.9	1.0	
Coverage Ratio----------------	0	0	1	0	5	7	7	8	20	25	27	
Redundant Ratio---------------	5	69	25	1	0	0	0	0	0	0	0	
NumberOfPoint Group-----------	0	1	2	3	4	5	6	7	8	9	10	11	
NumOfPoint Distribution-------	0	0	10	10	11	7	6	1	3	0	1	1	
SD Group----------------------	0-1	1-2	2-3	3-4	4-5	5-6	6-7	7-8	8-9	9-10	10-11	11-12	12-13	
SD Distribution---------------	50	0	0	2	3	6	13	14	7	4	0	0	1	
Half Coverage Group-----------	0-16038847	16038847-32077694	32077694-48116541	48116541-64155388	64155388-80194235	80194235-96233082	96233082-112271929	112271929-128310776	128310776-144349623	144349623-160388470	160388470-176427317	
Half Cvg Time Distribution----	1	50	35	2	1	0	0	0	0	0	0	
Transferred Photo Group-------	0-16038847	16038847-32077694	32077694-48116541	48116541-64155388	64155388-80194235	80194235-96233082	96233082-112271929	112271929-128310776	128310776-144349623	144349623-160388470	160388470-176427317	
Photo Time Distribution-------	574	4124	4220	1460	748	5	0	36	8	0	0	

Cvg&Red Distribution----------	0.0	2.0	3.2077694E7	6.4155388E7	1.28310776E8	1.6038847E8	9.6233082E7	
Average PhotoNum--------------	26.34285714285714	26.34285714285714	27.085714285714285	28.554285714285715	28.714285714285715	28.708571428571428	28.72	
Nodes Above Average-----------	98	98	92	84	83	83	83	
Nodes Below Average-----------	77	77	83	91	92	92	92	

Average Coverage--------------	1543.6571428571428	1543.6571428571428	1585.7942857142857	1666.8857142857144	1676.2571428571428	1675.9142857142858	1676.6	
Nodes Above Average-----------	100	100	96	85	84	84	84	
Nodes Below Average-----------	75	75	79	90	91	91	91	
Photos Above Average----------	33	33	34	38	39	39	39	
Photos Below Average----------	17	17	17	18	18	18	18	
Network Coverage--------------	35950	35950	35950	35950	35950	35950	35950	

Average Redundancy------------	36.91428571428571	36.91428571428571	39.348571428571425	46.371428571428574	46.6	46.6	46.6	
Nodes Above Average-----------	74	74	70	69	70	70	70	
Nodes Below Average-----------	101	101	105	106	105	105	105	
Photos Above Average----------	31	31	33	37	38	38	38	
Photos Below Average----------	22	22	22	22	22	22	22	
Network Redundancy------------	240650	240650	248450	263870	265550	265490	265610	

