Message stats for scenario S-7_Photo_5000-Scenario_6-ActualPOI_50
sim_time: 160388470.0000

Photo List Size: 1293
coverageValue-----------------	337	360	286	340	360	346	259	360	277	359	347	305	328	350	341	279	351	323	325	360	247	294	346	310	318	342	331	307	354	343	360	313	288	336	234	250	360	319	262	292	358	330	326	305	355	360	340	342	357	281	349	296	280	312	329	343	294	289	299	360	332	347	334	348	317	284	313	295	305	329	302	360	315	343	307	360	318	360	320	314	192	281	335	292	335	316	318	344	215	262	327	222	200	355	344	317	360	360	264	232	
redundantCoverageValue--------	503	480	314	620	780	194	461	540	203	361	433	475	512	430	679	21	549	517	275	660	53	186	374	770	462	738	569	173	486	497	840	587	252	324	246	110	720	401	458	488	482	630	514	295	545	480	500	198	543	379	731	424	440	228	391	437	186	551	241	780	448	613	446	552	463	256	287	545	415	571	838	540	405	617	233	540	522	540	520	286	108	499	565	188	505	464	402	256	85	398	153	438	100	605	616	523	540	960	216	368	
halfCoverageTime--------------	31738494.0	31651499.0	32008419.0	31636064.0	31543381.0	32159505.0	31638841.0	31554337.0	32008594.0	31724252.0	33195324.0	32008494.0	32061649.0	31636079.0	31573335.0	31744035.0	31651494.0	31636089.0	32159460.0	31558137.0	63850024.0	32761661.0	32095129.0	31940778.0	31558157.0	31654261.0	31638741.0	31651549.0	31636059.0	31738545.0	31638881.0	31558172.0	31571654.0	32159440.0	31638886.0	32008509.0	2334776.0	32264407.0	32034360.0	31543416.0	31571795.0	31651544.0	31724282.0	31638796.0	31724232.0	31572349.0	31940783.0	32008285.0	31573355.0	31638652.0	31573305.0	31724262.0	31638751.0	32960452.0	31636144.0	31651529.0	33266809.0	32159495.0	32499580.0	31571699.0	32008544.0	32761805.0	32868712.0	31638871.0	32686103.0	32960362.0	32264332.0	32159148.0	32159168.0	32008306.0	32008569.0	31738530.0	32008504.0	31571755.0	32008489.0	32696567.0	32008321.0	31738550.0	31543291.0	32960350.0	32061709.0	31543477.0	32008549.0	32061714.0	32008351.0	31638901.0	31573435.0	33195259.0	.0	32061689.0	32159359.0	63282024.0	33178420.0	31572354.0	32008238.0	33266759.0	31558147.0	31543451.0	32061659.0	31573310.0	
numberOfPoint-----------------	1	1	1	1	1	1	1	1	1	1	1	1	1	1	1	1	1	1	1	1	1	1	1	1	1	1	1	1	1	1	1	1	1	1	1	1	1	1	1	1	1	1	1	1	1	1	1	1	1	1	2	2	1	1	3	2	2	2	1	2	1	2	2	3	1	1	1	2	2	1	2	2	2	2	1	1	2	1	1	2	0	2	2	3	2	3	1	2	0	2	0	1	0	2	2	1	2	2	1	1	
standardDeviation-------------	.0	.0	.0	.0	.0	.0	.0	.0	.0	.0	.0	.0	.0	.0	.0	.0	.0	.0	.0	.0	.0	.0	.0	.0	.0	.0	.0	.0	.0	.0	.0	.0	.0	.0	.0	.0	.0	.0	.0	.0	.0	.0	.0	.0	.0	.0	.0	.0	.0	.0	5.65	9.5	5.02	5.42	8.42	8.59	7.44	7.13	6.01	5.18	4.7	6.0	8.8	7.73	1.33	6.46	6.31	5.67	5.8	.2	6.55	5.11	8.57	6.42	7.42	4.98	7.07	2.55	1.39	6.71	.0	9.89	10.03	9.18	5.17	7.1	6.26	7.14	.0	5.27	.0	.14	.0	5.36	6.43	4.13	8.5	5.6	14.59	3.77	
initialCoverageValue----------	360	360	360	360	360	360	360	360	360	360	360	360	360	360	360	360	360	360	360	360	360	360	360	360	360	360	360	360	360	360	360	360	360	360	360	360	360	343	360	360	360	360	360	360	360	360	360	360	360	360	360	360	360	360	360	360	360	360	355	360	360	360	360	360	360	360	360	360	360	360	360	360	360	360	360	360	360	360	360	360	360	360	360	360	360	360	360	360	360	360	360	360	360	360	360	349	360	360	360	360	
initialRedundantCoverageValue-	2640	2100	2460	2700	2640	3000	1920	3300	2100	1800	2460	2520	2880	2580	2700	2280	2580	2460	2160	2520	1380	2220	1980	2820	2520	2700	2640	2820	2520	3000	3120	2460	1860	2580	1860	2040	2640	2297	2460	2760	2400	2520	2700	2580	2520	2520	2520	1920	2040	2040	3420	2220	1860	2220	2520	2400	2700	2520	2105	2940	2580	2640	2640	2580	2580	2520	1920	2340	2520	1980	2640	2340	1560	2280	3360	2580	1620	2700	2280	2760	2460	2520	2340	2100	2640	1740	2700	2580	1800	2280	2580	2040	2160	2940	2520	1931	3000	3180	1800	2160	
additionalPoiTime-------------	62400.4
algorithmTime-----------------	7.570572529E8
Total Transferred Metadata----	2776

Photo List Size: 1293
Gained Coverage %-------------	0.8807518002613507
Gained Redundancy %-----------	0.1824525887430925
Total Cluster Created---------	0
Total Transferred Photo-------	4242
Total Photo at Destination----	1322
Coverage Group----------------	1-30	31-60	61-90	91-120	121-150	151-180	181-210	211-240	241-270	271-300	301-330	331-360	
Coverage Distribution---------	0	0	0	0	0	0	2	4	6	16	28	44	
Ratio Group-------------------	.0	.1	.2	.3	.4	.5	.6	.7	.8	.9	1.0	
Coverage Ratio----------------	0	0	0	0	0	0	3	5	12	27	53	
Redundant Ratio---------------	0	15	44	38	3	0	0	0	0	0	0	
NumberOfPoint Group-----------	0	1	2	3	
NumOfPoint Distribution-------	4	17	25	4	
SD Group----------------------	0-1	1-2	2-3	3-4	4-5	5-6	6-7	7-8	8-9	9-10	10-11	11-12	12-13	13-14	14-15	
SD Distribution---------------	56	2	1	1	3	12	8	7	5	3	1	0	0	0	1	
Half Coverage Group-----------	0-16038847	16038847-32077694	32077694-48116541	48116541-64155388	64155388-80194235	80194235-96233082	96233082-112271929	112271929-128310776	128310776-144349623	144349623-160388470	160388470-176427317	
Half Cvg Time Distribution----	1	72	24	2	0	0	0	0	0	0	0	
Transferred Photo Group-------	0-16038847	16038847-32077694	32077694-48116541	48116541-64155388	64155388-80194235	80194235-96233082	96233082-112271929	112271929-128310776	128310776-144349623	144349623-160388470	160388470-176427317	
Photo Time Distribution-------	558	3633	5349	2636	1044	27	0	92	25	0	0	

Cvg&Red Distribution----------	0.0	2.0	3.2077694E7	6.4155388E7	1.28310776E8	1.6038847E8	9.6233082E7	
Average PhotoNum--------------	26.34285714285714	26.34285714285714	28.13714285714286	30.708571428571428	30.97714285714286	30.97714285714286	30.86285714285714	
Nodes Above Average-----------	98	98	86	79	82	82	80	
Nodes Below Average-----------	77	77	89	96	93	93	95	

Average Coverage--------------	1542.72	1542.72	1642.7714285714285	1789.0857142857142	1804.097142857143	1804.097142857143	1797.24	
Nodes Above Average-----------	99	99	90	79	81	81	80	
Nodes Below Average-----------	76	76	85	96	94	94	95	
Photos Above Average----------	33	33	37	44	44	44	44	
Photos Below Average----------	17	17	18	19	19	19	19	
Network Coverage--------------	35938	35938	35917	35914	35914	35914	35914	

Average Redundancy------------	37.85142857142857	37.85142857142857	45.457142857142856	53.42857142857143	54.53142857142857	54.53142857142857	54.53142857142857	
Nodes Above Average-----------	72	72	73	73	73	73	73	
Nodes Below Average-----------	103	103	102	102	102	102	102	
Photos Above Average----------	31	31	36	40	41	41	41	
Photos Below Average----------	22	22	22	23	23	23	23	
Network Redundancy------------	240662	240662	259523	286526	289346	289346	288146	

