Message stats for scenario S-9_Photo_5000-Scenario_6-ActualPOI_50
sim_time: 160388470.0000

Photo List Size: 1399
coverageValue-----------------	348	344	339	360	320	343	306	342	360	272	360	350	329	230	262	343	335	301	246	354	345	293	347	335	360	334	320	252	334	290	297	296	347	353	335	321	243	339	360	354	360	356	358	285	356	327	360	338	343	334	333	354	288	358	360	360	339	326	335	306	337	310	263	360	360	348	345	360	360	338	352	316	339	271	293	295	329	330	354	348	346	320	323	353	346	319	267	267	360	360	320	346	314	350	333	360	338	254	301	360	
redundantCoverageValue--------	312	496	561	480	520	617	534	438	900	148	780	490	331	70	578	617	445	299	174	426	255	487	373	565	660	566	340	288	326	190	483	424	673	427	325	219	477	201	360	546	600	904	1022	315	544	393	540	562	257	746	627	546	612	782	540	540	441	514	505	414	503	590	457	240	480	672	495	1020	540	382	428	584	621	509	307	305	631	270	366	552	674	220	397	487	494	521	153	333	360	780	280	614	946	730	327	900	442	346	719	900	
halfCoverageTime--------------	31651549.0	31638786.0	31543306.0	32008280.0	32008374.0	31651484.0	32008264.0	32159138.0	31638567.0	32499568.0	31638592.0	31919200.0	32008554.0	63777561.0	32008326.0	31558142.0	31558162.0	32008479.0	31738540.0	31651504.0	31571730.0	31919190.0	31638851.0	32008544.0	32061659.0	31571755.0	32008614.0	33906498.0	31638751.0	32159445.0	32159158.0	32264352.0	32061684.0	31724272.0	31543341.0	32008624.0	32008509.0	31543471.0	31651534.0	31638617.0	31636059.0	31573415.0	31638796.0	31636079.0	31738505.0	32061704.0	2334800.0	31651559.0	33906578.0	31636094.0	31543477.0	31638642.0	31638572.0	31571750.0	31571664.0	32159375.0	32008579.0	31738560.0	32008290.0	31554322.0	31558147.0	31543441.0	31636134.0	31724262.0	31636064.0	31571740.0	32061644.0	31651499.0	31919220.0	32689055.0	32960472.0	32159113.0	31638876.0	31571785.0	32757752.0	32761805.0	32034420.0	32061613.0	2334926.0	32264367.0	31744892.0	32008386.0	31709999.0	31638846.0	31744035.0	31651519.0	32757727.0	32757692.0	31638652.0	31651544.0	32761706.0	31636124.0	31573315.0	31638886.0	32008549.0	31638776.0	32159123.0	32008504.0	31571709.0	31638647.0	
numberOfPoint-----------------	1	1	1	1	1	1	1	1	1	1	1	1	1	1	1	1	1	1	1	1	1	1	1	1	1	1	1	1	1	1	1	1	1	1	1	1	1	1	1	1	1	1	1	1	1	1	1	1	1	1	1	1	2	3	2	2	2	1	2	2	2	1	1	1	1	1	1	3	1	2	1	3	2	1	1	1	2	1	1	1	1	1	1	2	2	2	1	2	3	2	1	3	2	2	1	2	3	1	2	2	
standardDeviation-------------	.0	.0	.0	.0	.0	.0	.0	.0	.0	.0	.0	.0	.0	.0	.0	.0	.0	.0	.0	.0	.0	.0	.0	.0	.0	.0	.0	.0	.0	.0	.0	.0	.0	.0	.0	.0	.0	.0	.0	.0	.0	.0	.0	.0	.0	.0	.0	.0	.0	.0	7.06	7.02	5.35	8.51	7.37	4.56	5.05	.64	4.65	9.83	8.37	2.37	3.54	6.71	5.04	5.95	7.08	8.68	3.37	8.12	3.54	8.67	5.7	6.4	1.75	2.14	7.78	3.86	3.6	7.82	4.05	4.6	3.93	5.15	5.86	7.97	13.37	5.37	7.72	6.2	2.11	9.45	9.91	5.78	8.81	5.18	9.38	6.12	11.11	6.55	
initialCoverageValue----------	360	360	356	360	360	360	360	360	360	360	360	360	360	360	360	360	360	360	360	360	360	360	360	360	360	360	360	360	360	360	360	360	360	360	360	360	360	360	360	360	360	360	360	360	360	360	360	360	360	360	360	360	360	360	360	360	360	360	360	360	360	360	360	360	360	360	360	360	360	360	360	360	360	360	360	360	360	360	360	360	360	360	360	360	360	360	360	360	360	360	360	360	360	360	360	360	360	360	360	360	
initialRedundantCoverageValue-	2100	2400	2164	2640	2700	2460	2400	1980	2940	2760	2760	2460	2160	2340	2160	2580	2280	1980	2400	1980	2940	2340	1920	2400	2520	2400	1980	1740	1920	1980	2040	2220	2820	2400	2580	2520	2040	2220	2220	2460	2640	3180	3300	2160	3000	2460	2220	3060	1920	2940	2640	2400	2880	3060	2040	2160	2340	2100	2820	2580	1980	2700	2700	2160	2700	2340	2820	2580	2760	2640	2700	1980	2880	2580	2400	1920	2160	2580	2280	2280	2760	2400	2160	2940	2580	2340	2100	2220	2460	2940	2040	2340	2760	2640	2040	3000	2160	1860	2580	2700	
additionalPoiTime-------------	46800.3
algorithmTime-----------------	6.840799851E8
Total Transferred Metadata----	2737

Photo List Size: 1399
Gained Coverage %-------------	0.9117679742193577
Gained Redundancy %-----------	0.20290593514242042
Total Cluster Created---------	0
Total Transferred Photo-------	4235
Total Photo at Destination----	1428
Coverage Group----------------	1-30	31-60	61-90	91-120	121-150	151-180	181-210	211-240	241-270	271-300	301-330	331-360	
Coverage Distribution---------	0	0	0	0	0	0	0	1	8	10	19	62	
Ratio Group-------------------	.0	.1	.2	.3	.4	.5	.6	.7	.8	.9	1.0	
Coverage Ratio----------------	0	0	0	0	0	0	0	4	9	20	67	
Redundant Ratio---------------	0	9	43	43	5	0	0	0	0	0	0	
NumberOfPoint Group-----------	0	1	2	3	
NumOfPoint Distribution-------	0	24	20	6	
SD Group----------------------	0-1	1-2	2-3	3-4	4-5	5-6	6-7	7-8	8-9	9-10	10-11	11-12	12-13	13-14	
SD Distribution---------------	51	1	3	6	4	10	5	8	6	4	0	1	0	1	
Half Coverage Group-----------	0-16038847	16038847-32077694	32077694-48116541	48116541-64155388	64155388-80194235	80194235-96233082	96233082-112271929	112271929-128310776	128310776-144349623	144349623-160388470	160388470-176427317	
Half Cvg Time Distribution----	2	79	18	1	0	0	0	0	0	0	0	
Transferred Photo Group-------	0-16038847	16038847-32077694	32077694-48116541	48116541-64155388	64155388-80194235	80194235-96233082	96233082-112271929	112271929-128310776	128310776-144349623	144349623-160388470	160388470-176427317	
Photo Time Distribution-------	558	3731	5363	2546	922	27	0	92	25	0	0	

Cvg&Red Distribution----------	0.0	2.0	3.2077694E7	6.4155388E7	1.28310776E8	1.6038847E8	9.6233082E7	
Average PhotoNum--------------	26.404624277456648	26.404624277456648	28.196531791907514	30.6242774566474	30.890173410404625	30.890173410404625	30.77456647398844	
Nodes Above Average-----------	98	98	86	78	81	81	79	
Nodes Below Average-----------	75	75	87	95	92	92	94	

Average Coverage--------------	1544.7167630057804	1544.7167630057804	1645.2485549132948	1782.4739884393064	1797.6531791907514	1797.6531791907514	1790.7167630057804	
Nodes Above Average-----------	99	99	89	76	79	79	77	
Nodes Below Average-----------	74	74	84	97	94	94	96	
Photos Above Average----------	33	33	37	44	44	44	44	
Photos Below Average----------	17	17	18	19	19	19	19	
Network Coverage--------------	35996	35996	35988	35988	35982	35982	35982	

Average Redundancy------------	39.5606936416185	39.5606936416185	46.543352601156066	54.982658959537574	55.75722543352601	55.75722543352601	55.75722543352601	
Nodes Above Average-----------	72	72	70	64	64	64	64	
Nodes Below Average-----------	101	101	103	109	109	109	109	
Photos Above Average----------	31	31	35	40	41	41	40	
Photos Below Average----------	22	22	23	24	24	24	24	
Network Redundancy------------	238084	238084	256692	281892	284658	284658	283458	

