Message stats for scenario S-9_Photo_5000-Scenario_4-ActualPOI_50
sim_time: 160388470.0000

Photo List Size: 4287
coverageValue-----------------	325	357	345	324	338	326	295	360	324	325	360	235	360	346	320	310	314	237	311	297	336	288	360	357	360	329	349	349	246	233	189	319	312	303	341	296	334	358	309	339	260	360	302	300	254	334	360	344	330	320	252	60	308	229	240	250	285	222	226	198	120	245	221	291	190	306	239	258	146	296	251	304	241	170	120	256	180	234	301	215	244	258	266	212	195	176	222	332	204	310	335	304	219	227	202	235	207	348	228	164	
redundantCoverageValue--------	155	303	375	336	322	154	245	300	276	275	180	65	300	134	220	170	226	243	169	183	444	312	180	303	300	151	251	311	174	127	111	281	168	177	259	184	326	182	51	81	160	420	238	240	106	266	420	256	30	220	168	0	412	191	180	170	375	198	194	42	60	55	259	69	170	234	181	222	34	124	469	176	179	190	0	224	0	246	479	85	116	102	214	88	105	4	138	268	36	50	385	416	201	193	158	125	153	312	192	196	
halfCoverageTime--------------	32757687.0	32319471.0	31558167.0	31638775.0	33110288.0	32757722.0	32095139.0	31638652.0	31638831.0	31638692.0	32175751.0	63507434.0	32008253.0	31573335.0	32264277.0	32159143.0	32034384.0	33985342.0	32761726.0	32061669.0	32061618.0	33266754.0	31654271.0	32757787.0	32264587.0	31638780.0	31638871.0	31724222.0	32095119.0	32676002.0	33195299.0	32696578.0	32034354.0	32585484.0	32008429.0	32008248.0	31709999.0	32008285.0	32095154.0	32869786.0	32095129.0	31638881.0	32757672.0	32061659.0	32868769.0	31724257.0	31571694.0	31638811.0	32154269.0	32008394.0	31571679.0	.0	32008321.0	31638742.0	32686183.0	32264592.0	32095134.0	31648634.0	32264297.0	64219915.0	.0	31638632.0	31738565.0	31638577.0	33353930.0	31554352.0	32264602.0	32008270.0	.0	32686133.0	31738570.0	32868737.0	31638687.0	.0	.0	31738540.0	32008280.0	32761732.0	31558207.0	64290657.0	33353935.0	32008333.0	31724267.0	32585466.0	63704103.0	.0	32855872.0	31571780.0	63704098.0	31738505.0	32034414.0	31738520.0	33195254.0	31573315.0	32034438.0	33300145.0	63279290.0	31638642.0	32686173.0	.0	
numberOfPoint-----------------	1	1	1	1	1	1	1	1	1	1	1	1	1	1	1	1	1	1	1	1	1	1	1	1	1	1	1	1	1	1	1	1	1	1	1	1	1	1	1	1	1	1	1	1	1	1	1	1	1	1	6	3	4	4	3	2	5	7	5	2	6	4	3	4	2	4	6	2	4	2	5	4	2	10	3	3	6	3	4	4	6	4	3	5	2	7	3	3	3	4	3	4	3	3	4	5	5	3	4	7	
standardDeviation-------------	.0	.0	.0	.0	.0	.0	.0	.0	.0	.0	.0	.0	.0	.0	.0	.0	.0	.0	.0	.0	.0	.0	.0	.0	.0	.0	.0	.0	.0	.0	.0	.0	.0	.0	.0	.0	.0	.0	.0	.0	.0	.0	.0	.0	.0	.0	.0	.0	.0	.0	7.77	9.03	8.55	6.13	6.08	7.51	6.74	9.0	8.78	7.8	6.13	5.17	9.66	6.91	5.73	6.07	6.11	5.75	8.2	5.24	5.03	7.31	8.24	7.12	5.58	6.24	7.95	11.29	8.38	10.01	3.91	6.36	7.69	7.57	2.74	6.3	7.2	10.22	7.2	5.65	10.2	6.41	7.67	5.05	4.59	8.46	6.22	8.49	9.5	8.47	
initialCoverageValue----------	360	360	360	360	360	360	360	360	360	360	360	360	360	360	360	360	360	360	360	360	360	360	360	360	360	360	360	360	360	359	360	360	360	360	360	360	360	360	360	360	360	360	360	360	360	358	360	360	360	360	360	360	360	360	360	360	360	360	360	360	360	360	360	360	360	360	360	360	360	360	360	360	360	360	360	360	360	360	360	360	360	360	360	360	360	360	360	360	360	360	360	360	360	360	360	360	360	360	360	360	
initialRedundantCoverageValue-	2940	3540	2220	2940	2040	3120	2280	2280	2220	2340	2520	2280	2820	2220	1920	2760	2040	1920	2640	2220	3000	2100	2460	2460	3300	2640	2520	2640	2340	1801	2100	2280	2220	2640	2580	2100	2460	2040	1620	2640	1980	3540	2640	2580	2040	2462	2700	2700	2640	2160	2760	2340	1980	2400	2160	1860	2460	2640	2100	2460	2160	2400	3360	2460	1860	3060	2160	2400	2160	1860	2820	2280	2280	2460	3000	2880	2520	2100	3240	2160	1980	1620	2400	2760	1500	2640	2400	2520	1620	1740	2640	2880	2580	2400	2160	2280	2340	3780	2460	2460	
additionalPoiTime-------------	1.501041622E8
algorithmTime-----------------	1.04052667E7
Total Transferred Metadata----	3271

Photo List Size: 4287
Gained Coverage %-------------	0.7673417229213546
Gained Redundancy %-----------	0.08326222365128637
Total Cluster Created---------	50
Total Transferred Photo-------	2585
Total Photo at Destination----	799
Coverage Group----------------	1-30	31-60	61-90	91-120	121-150	151-180	181-210	211-240	241-270	271-300	301-330	331-360	
Coverage Distribution---------	0	1	0	2	1	4	7	17	13	8	23	24	
Ratio Group-------------------	.0	.1	.2	.3	.4	.5	.6	.7	.8	.9	1.0	
Coverage Ratio----------------	0	0	1	0	2	5	9	22	8	24	29	
Redundant Ratio---------------	3	67	29	1	0	0	0	0	0	0	0	
NumberOfPoint Group-----------	0	1	2	3	4	5	6	7	8	9	10	
NumOfPoint Distribution-------	0	0	7	14	14	6	5	3	0	0	1	
SD Group----------------------	0-1	1-2	2-3	3-4	4-5	5-6	6-7	7-8	8-9	9-10	10-11	11-12	
SD Distribution---------------	50	0	1	1	1	8	12	11	9	3	3	1	
Half Coverage Group-----------	0-16038847	16038847-32077694	32077694-48116541	48116541-64155388	64155388-80194235	80194235-96233082	96233082-112271929	112271929-128310776	128310776-144349623	144349623-160388470	160388470-176427317	
Half Cvg Time Distribution----	0	48	39	4	2	0	0	0	0	0	0	
Transferred Photo Group-------	0-16038847	16038847-32077694	32077694-48116541	48116541-64155388	64155388-80194235	80194235-96233082	96233082-112271929	112271929-128310776	128310776-144349623	144349623-160388470	160388470-176427317	
Photo Time Distribution-------	589	3997	3667	1171	438	8	0	24	6	0	0	

Cvg&Red Distribution----------	0.0	2.0	3.2077694E7	6.4155388E7	1.28310776E8	1.6038847E8	9.6233082E7	
Average PhotoNum--------------	26.404624277456648	26.404624277456648	27.13872832369942	28.3121387283237	28.46820809248555	28.46820809248555	28.46820809248555	
Nodes Above Average-----------	98	98	93	84	84	84	84	
Nodes Below Average-----------	75	75	80	89	89	89	89	

Average Coverage--------------	1544.300578034682	1544.300578034682	1586.2023121387283	1652.757225433526	1661.1040462427745	1661.1040462427745	1661.1040462427745	
Nodes Above Average-----------	97	97	97	88	88	88	88	
Nodes Below Average-----------	76	76	76	85	85	85	85	
Photos Above Average----------	33	33	34	37	38	38	38	
Photos Below Average----------	17	17	17	18	18	18	18	
Network Coverage--------------	35997	35997	35997	35997	35997	35997	35997	

Average Redundancy------------	39.97687861271676	39.97687861271676	42.12138728323699	45.971098265895954	46.98843930635838	46.98843930635838	46.98843930635838	
Nodes Above Average-----------	70	70	67	68	69	69	69	
Nodes Below Average-----------	103	103	106	105	104	104	104	
Photos Above Average----------	32	32	33	36	36	36	36	
Photos Below Average----------	22	22	22	23	23	23	23	
Network Redundancy------------	238083	238083	245703	257883	259503	259503	259503	

