Message stats for scenario S-9_Photo_5000-Scenario_8-ActualPOI_50
sim_time: 160388470.0000

Photo List Size: 1306
coverageValue-----------------	293	317	347	310	344	354	332	326	311	337	311	327	339	360	359	312	350	320	267	282	348	360	352	339	355	307	340	287	322	332	360	342	318	339	286	330	327	326	347	327	321	358	344	360	350	284	349	360	347	358	320	320	359	301	289	333	236	348	141	301	301	322	283	324	360	276	360	317	329	346	274	308	306	273	186	335	320	316	316	159	288	235	357	360	245	309	299	324	324	290	283	280	272	322	315	282	229	340	324	346	
redundantCoverageValue--------	487	403	493	530	556	486	448	454	169	383	469	453	381	480	601	288	670	520	513	378	432	900	728	441	905	833	620	613	638	688	1020	618	462	561	734	330	573	634	793	513	219	722	376	840	550	196	611	720	673	422	460	340	601	299	131	387	184	552	99	179	299	398	317	336	480	144	540	763	691	794	386	352	294	507	114	445	520	224	224	141	132	125	543	720	235	351	241	276	636	190	257	200	328	338	405	198	371	260	276	314	
halfCoverageTime--------------	31738520.0	31638949.0	32034372.0	32761726.0	31652369.0	31573365.0	32061709.0	32008368.0	32159148.0	31724277.0	32960330.0	31744892.0	32159480.0	32008459.0	31808682.0	32761742.0	31573385.0	31571790.0	31808556.0	32159430.0	32855872.0	31558172.0	31652394.0	31738505.0	31571679.0	31738488.0	31638572.0	31638602.0	31554347.0	31572354.0	31543480.0	31652339.0	31558207.0	32008280.0	31573460.0	32159108.0	32061639.0	31652324.0	32008300.0	31724287.0	32008356.0	32159103.0	32061689.0	31558192.0	31655193.0	33195319.0	31652444.0	31558162.0	31638622.0	31638702.0	32008228.0	31652419.0	31638814.0	31573445.0	33728301.0	31638767.0	32159505.0	31571775.0	.0	32868727.0	31554352.0	32008386.0	31638874.0	31638864.0	31652359.0	32008504.0	31652404.0	33178435.0	32061664.0	31558142.0	31571644.0	31744045.0	32034342.0	32159495.0	32034402.0	32757782.0	31652424.0	31638804.0	33380032.0	.0	32008519.0	32757712.0	31638697.0	32008270.0	32757777.0	32159163.0	31709999.0	31652414.0	31573430.0	32159440.0	31573375.0	33195279.0	63450993.0	31724267.0	31573315.0	32757727.0	32061719.0	31638737.0	31638824.0	33728374.0	
numberOfPoint-----------------	1	1	1	1	1	1	1	1	1	1	1	1	1	1	1	1	1	1	1	1	1	1	1	1	1	1	1	1	1	1	1	1	1	1	1	1	1	1	1	1	1	1	1	1	1	1	1	1	1	1	3	2	1	2	1	3	1	2	0	1	1	2	2	1	2	1	1	1	1	3	1	2	1	1	0	1	2	0	1	1	0	1	2	2	0	2	2	1	2	1	2	1	1	2	2	1	0	2	1	1	
standardDeviation-------------	.0	.0	.0	.0	.0	.0	.0	.0	.0	.0	.0	.0	.0	.0	.0	.0	.0	.0	.0	.0	.0	.0	.0	.0	.0	.0	.0	.0	.0	.0	.0	.0	.0	.0	.0	.0	.0	.0	.0	.0	.0	.0	.0	.0	.0	.0	.0	.0	.0	.0	8.51	6.43	2.92	7.63	1.43	6.82	1.72	6.07	.0	12.47	5.98	6.31	7.84	1.17	10.8	4.9	1.08	3.18	2.5	8.15	1.32	8.96	10.87	7.3	.0	3.04	6.54	.0	5.77	5.39	.0	6.1	5.09	6.67	.0	5.65	6.25	6.2	6.76	4.39	8.89	8.38	4.6	8.16	6.83	6.83	.0	9.71	3.32	1.42	
initialCoverageValue----------	360	360	360	360	360	360	360	360	360	360	360	360	360	360	360	360	360	360	360	360	360	360	360	360	360	360	360	360	360	360	360	360	360	360	360	360	360	360	360	360	360	360	360	360	360	360	360	360	360	360	360	360	360	360	360	360	360	360	360	360	360	360	360	360	360	360	360	360	360	360	360	360	360	360	360	360	360	360	360	360	360	360	360	360	360	360	360	360	360	360	360	360	360	360	360	360	360	360	360	360	
initialRedundantCoverageValue-	2340	2100	2700	1920	2280	2400	2580	2940	1440	1980	1860	1740	2940	2340	2220	2340	2220	2520	1980	2400	1920	2340	2820	2160	2700	3060	2400	2640	3420	2580	2640	2340	1980	1560	2040	2220	2340	2580	2700	2340	2040	2400	2220	2520	2460	1740	2640	2400	2220	2100	2100	2520	2340	2220	2340	2760	2580	2100	2160	2340	2280	3000	2340	2040	2340	2700	3060	2580	3000	3420	2220	2160	2940	2760	1980	2820	2220	3180	2520	1980	2160	2100	2580	2760	2100	2760	2700	1860	2700	2700	3000	2340	2280	2460	3000	1980	2580	2100	3000	2640	
additionalPoiTime-------------	62400.4
algorithmTime-----------------	1.0845490885724E10
Total Transferred Metadata----	2334

Photo List Size: 1306
Gained Coverage %-------------	0.8765555555555555
Gained Redundancy %-----------	0.18680245073687696
Total Cluster Created---------	0
Total Transferred Photo-------	24324
Total Photo at Destination----	1379
Coverage Group----------------	1-30	31-60	61-90	91-120	121-150	151-180	181-210	211-240	241-270	271-300	301-330	331-360	
Coverage Distribution---------	0	0	0	0	1	1	1	3	2	17	36	39	
Ratio Group-------------------	.0	.1	.2	.3	.4	.5	.6	.7	.8	.9	1.0	
Coverage Ratio----------------	0	0	0	0	1	1	1	4	14	33	46	
Redundant Ratio---------------	0	18	35	38	9	0	0	0	0	0	0	
NumberOfPoint Group-----------	0	1	2	3	
NumOfPoint Distribution-------	6	24	17	3	
SD Group----------------------	0-1	1-2	2-3	3-4	4-5	5-6	6-7	7-8	8-9	9-10	10-11	11-12	12-13	
SD Distribution---------------	56	6	2	3	3	5	12	3	6	1	2	0	1	
Half Coverage Group-----------	0-16038847	16038847-32077694	32077694-48116541	48116541-64155388	64155388-80194235	80194235-96233082	96233082-112271929	112271929-128310776	128310776-144349623	144349623-160388470	160388470-176427317	
Half Cvg Time Distribution----	0	73	24	1	0	0	0	0	0	0	0	
Transferred Photo Group-------	0-16038847	16038847-32077694	32077694-48116541	48116541-64155388	64155388-80194235	80194235-96233082	96233082-112271929	112271929-128310776	128310776-144349623	144349623-160388470	160388470-176427317	
Photo Time Distribution-------	5838	11910	15152	11872	5737	337	172	783	240	24	0	

Cvg&Red Distribution----------	0.0	2.0	3.2077694E7	6.4155388E7	1.28310776E8	1.6038847E8	9.6233082E7	
Average PhotoNum--------------	26.404624277456648	26.404624277456648	35.6878612716763	39.9364161849711	41.895953757225435	41.907514450867055	40.8150289017341	
Nodes Above Average-----------	98	98	92	120	131	131	124	
Nodes Below Average-----------	75	75	81	53	42	42	49	

Average Coverage--------------	1553.1560693641618	1553.1560693641618	2073.2023121387283	2308.5895953757226	2420.190751445087	2419.4393063583816	2361.2312138728325	
Nodes Above Average-----------	100	100	91	120	131	131	124	
Nodes Below Average-----------	73	73	82	53	42	42	49	
Photos Above Average----------	33	33	48	49	49	49	49	
Photos Below Average----------	16	16	21	17	17	17	18	
Network Coverage--------------	35998	35998	35998	35998	35998	35998	35998	

Average Redundancy------------	31.121387283236995	31.121387283236995	68.0693641618497	87.59537572254335	93.56647398843931	95.01156069364161	87.67052023121387	
Nodes Above Average-----------	75	75	71	82	79	80	82	
Nodes Below Average-----------	98	98	102	91	94	93	91	
Photos Above Average----------	31	31	47	49	49	49	49	
Photos Below Average----------	22	22	27	31	35	35	33	
Network Redundancy------------	238082	238082	334442	378542	398882	399002	387662	

