Message stats for scenario S-9_Photo_5000-Scenario_7-ActualPOI_50
sim_time: 160388470.0000

Photo List Size: 4287
coverageValue-----------------	263	341	349	303	335	298	358	352	360	339	225	299	293	303	329	316	326	360	360	360	335	360	222	307	231	326	323	302	318	352	313	320	344	274	216	309	207	184	295	278	323	277	270	297	331	337	258	315	246	354	241	295	321	305	332	357	294	313	360	311	287	285	348	268	351	280	334	279	294	327	344	272	262	360	264	335	293	343	340	321	277	290	356	307	317	340	353	354	360	327	353	298	320	332	295	360	347	299	358	349	
redundantCoverageValue--------	277	439	671	237	325	302	662	428	840	381	15	241	187	117	271	404	334	540	420	360	325	720	138	473	129	394	637	298	522	428	407	220	316	146	24	531	33	296	65	202	397	263	210	483	509	263	282	465	294	786	179	425	639	235	628	363	246	467	720	349	493	135	612	392	369	440	626	321	426	633	616	508	158	720	96	505	247	617	440	459	503	550	544	653	463	560	367	786	720	393	607	482	580	148	365	840	613	121	362	611	
halfCoverageTime--------------	32686208.0	32757687.0	32061704.0	32686178.0	31573335.0	32061613.0	32034330.0	32154268.0	32761783.0	32095129.0	63626966.0	32061674.0	32585538.0	31638929.0	32008336.0	32008380.0	31724217.0	31571649.0	32159450.0	31638779.0	32008280.0	31648624.0	32008494.0	31573475.0	32061699.0	31638592.0	32034444.0	32008386.0	31638879.0	32008444.0	31638572.0	32676014.0	31744887.0	32159475.0	33989267.0	31571684.0	33195349.0	64582416.0	33985392.0	33728409.0	32585508.0	31744040.0	32585591.0	32159380.0	32757702.0	33266834.0	32008484.0	32008300.0	32061649.0	32008248.0	32154258.0	32757722.0	32061634.0	32757657.0	33989277.0	32761742.0	32159103.0	32757727.0	31738545.0	33266819.0	32585460.0	32159480.0	31638717.0	32676002.0	32527451.0	63450998.0	31573295.0	31571659.0	31724287.0	31543527.0	31543577.0	33298088.0	32761666.0	31573400.0	32095154.0	32008264.0	32686158.0	32008275.0	32159470.0	31724242.0	32264277.0	32686168.0	32154253.0	32061679.0	32061628.0	31724292.0	31738540.0	31573390.0	31654266.0	31638712.0	31724252.0	33266824.0	31638597.0	32061689.0	32757672.0	31571790.0	31638727.0	33989216.0	32264352.0	32061669.0	
numberOfPoint-----------------	1	1	1	1	1	1	1	1	1	1	1	1	1	1	1	1	1	1	1	1	1	1	1	1	1	1	1	1	1	1	1	1	1	1	1	1	1	1	1	1	1	1	1	1	1	1	1	1	1	1	2	15	4	4	5	8	7	4	2	2	4	4	5	3	10	7	1	4	8	2	8	4	5	5	7	3	5	6	5	1	14	2	3	6	3	7	4	2	11	3	3	4	2	5	2	4	2	7	2	3	
standardDeviation-------------	.0	.0	.0	.0	.0	.0	.0	.0	.0	.0	.0	.0	.0	.0	.0	.0	.0	.0	.0	.0	.0	.0	.0	.0	.0	.0	.0	.0	.0	.0	.0	.0	.0	.0	.0	.0	.0	.0	.0	.0	.0	.0	.0	.0	.0	.0	.0	.0	.0	.0	3.69	7.12	7.72	8.67	7.77	9.81	5.71	5.48	4.76	5.61	9.36	7.53	6.14	8.78	6.64	7.12	4.05	6.36	7.96	1.78	6.07	6.88	7.14	4.5	8.02	7.25	7.14	9.33	5.12	.3	9.78	7.18	6.32	5.93	7.65	6.82	10.35	4.57	9.07	4.57	6.08	6.08	6.25	5.98	7.31	10.24	6.39	9.75	5.98	6.6	
initialCoverageValue----------	360	360	360	360	360	360	360	360	360	360	360	360	360	360	360	360	360	360	360	360	360	360	360	360	360	360	360	360	360	360	360	360	360	360	359	354	360	360	360	360	360	360	360	360	360	360	360	360	360	360	360	360	360	360	360	360	360	360	360	360	360	360	360	360	360	360	360	360	360	360	360	360	360	360	360	360	360	360	360	360	360	360	360	360	360	360	360	360	360	360	360	360	352	360	360	360	360	360	360	360	
initialRedundantCoverageValue-	2460	1980	2640	2400	2580	2460	2520	2760	3180	2940	1740	2460	2280	2400	2640	2760	2580	2880	2760	2100	2460	2520	1860	2700	2640	2520	2760	2400	2820	2940	2280	2040	2400	2520	1981	1746	2340	2700	2400	2220	2340	2820	1740	2820	1620	2100	2220	2580	2220	3720	2040	2340	2640	2400	1980	2460	2520	2160	2700	2340	2220	2040	2460	2040	1920	2280	2580	1920	3060	2520	2940	2460	2460	3120	1920	3000	2100	2700	1860	2820	2220	1980	1980	2880	2460	2580	1860	2280	2880	1980	2220	2760	2468	2100	1680	2760	2940	2580	3000	2940	
additionalPoiTime-------------	1.647838563E8
algorithmTime-----------------	1.04988673E7
Total Transferred Metadata----	3268

Photo List Size: 4287
Gained Coverage %-------------	0.8670557176601361
Gained Redundancy %-----------	0.16854144848970204
Total Cluster Created---------	50
Total Transferred Photo-------	2926
Total Photo at Destination----	1223
Coverage Group----------------	1-30	31-60	61-90	91-120	121-150	151-180	181-210	211-240	241-270	271-300	301-330	331-360	
Coverage Distribution---------	0	0	0	0	0	0	2	4	8	22	25	39	
Ratio Group-------------------	.0	.1	.2	.3	.4	.5	.6	.7	.8	.9	1.0	
Coverage Ratio----------------	0	0	0	0	0	0	2	6	15	32	45	
Redundant Ratio---------------	0	21	44	30	5	0	0	0	0	0	0	
NumberOfPoint Group-----------	0	1	2	3	4	5	6	7	8	9	10	11	12	13	14	15	
NumOfPoint Distribution-------	0	2	10	7	10	7	2	5	3	0	1	1	0	0	1	1	
SD Group----------------------	0-1	1-2	2-3	3-4	4-5	5-6	6-7	7-8	8-9	9-10	10-11	
SD Distribution---------------	51	1	0	1	5	7	12	12	3	6	2	
Half Coverage Group-----------	0-16038847	16038847-32077694	32077694-48116541	48116541-64155388	64155388-80194235	80194235-96233082	96233082-112271929	112271929-128310776	128310776-144349623	144349623-160388470	160388470-176427317	
Half Cvg Time Distribution----	0	54	43	2	1	0	0	0	0	0	0	
Transferred Photo Group-------	0-16038847	16038847-32077694	32077694-48116541	48116541-64155388	64155388-80194235	80194235-96233082	96233082-112271929	112271929-128310776	128310776-144349623	144349623-160388470	160388470-176427317	
Photo Time Distribution-------	528	4095	4268	1678	585	38	0	111	25	0	0	

Cvg&Red Distribution----------	0.0	2.0	3.2077694E7	6.4155388E7	1.28310776E8	1.6038847E8	9.6233082E7	
Average PhotoNum--------------	26.404624277456648	26.404624277456648	27.14450867052023	27.971098265895954	28.069364161849713	28.069364161849713	28.07514450867052	
Nodes Above Average-----------	98	98	92	90	83	83	83	
Nodes Below Average-----------	75	75	81	83	90	90	90	

Average Coverage--------------	1546.9768786127167	1546.9768786127167	1588.3988439306358	1635.421965317919	1640.7745664739884	1640.7745664739884	1641.121387283237	
Nodes Above Average-----------	99	99	94	87	86	86	86	
Nodes Below Average-----------	74	74	79	86	87	87	87	
Photos Above Average----------	33	33	35	37	37	37	37	
Photos Below Average----------	17	17	17	18	18	18	18	
Network Coverage--------------	35980	35980	35980	35980	35980	35980	35980	

Average Redundancy------------	37.30057803468208	37.30057803468208	40.27167630057804	42.84393063583815	43.38728323699422	43.38728323699422	43.38728323699422	
Nodes Above Average-----------	74	74	68	65	65	65	65	
Nodes Below Average-----------	99	99	105	108	108	108	108	
Photos Above Average----------	31	31	33	35	36	36	36	
Photos Below Average----------	22	22	22	23	23	23	23	
Network Redundancy------------	238100	238100	245780	254360	255380	255380	255440	

