Message stats for scenario S-9_Photo_5000-Scenario_5-ActualPOI_50
sim_time: 160388470.0000

Photo List Size: 4287
coverageValue-----------------	346	351	347	351	295	347	324	348	299	360	312	289	337	353	352	350	323	298	286	327	311	330	320	360	360	304	344	335	358	356	359	302	313	341	329	329	312	347	335	360	360	360	360	351	346	360	360	324	356	312	242	262	302	188	239	310	226	246	201	180	276	246	237	259	162	253	317	320	264	180	253	279	185	190	221	276	198	257	292	338	133	245	204	289	246	296	358	239	242	292	266	268	232	199	221	339	140	276	232	190	
redundantCoverageValue--------	314	249	193	129	185	373	216	252	121	240	228	251	323	247	308	310	217	182	74	153	469	270	280	240	120	116	196	205	242	244	301	178	287	259	211	151	108	373	205	240	240	180	240	189	194	240	180	396	244	168	118	278	238	52	121	170	254	234	99	0	204	114	63	341	198	167	223	220	156	0	107	441	55	230	139	84	42	463	188	142	107	295	36	251	114	244	122	301	298	308	214	92	188	101	139	261	40	204	8	50	
halfCoverageTime--------------	31571629.0	32868707.0	31573345.0	32008300.0	32761726.0	31638844.0	32095139.0	31573350.0	31573340.0	31573380.0	32061628.0	32159415.0	31724292.0	32868697.0	33728331.0	33178430.0	31638592.0	32960335.0	32008228.0	32264267.0	32761747.0	32061639.0	31571780.0	31638789.0	32061613.0	31724222.0	32159440.0	32034402.0	32008434.0	31638799.0	32008418.0	33728336.0	31638934.0	32159133.0	32868794.0	32686088.0	33728306.0	32008359.0	32008238.0	32008376.0	31724257.0	31744040.0	32061659.0	32696572.0	32689060.0	32095119.0	31724287.0	32757682.0	32008388.0	32034444.0	32008295.0	32159193.0	31638557.0	63849918.0	31573390.0	31638712.0	33906523.0	32757657.0	32095124.0	63704093.0	33195259.0	31543597.0	33023438.0	31638607.0	.0	32696567.0	32034372.0	31744045.0	31638617.0	31638692.0	63849954.0	31738555.0	33985317.0	32868759.0	32061618.0	31638637.0	33353940.0	31738545.0	33266748.0	31543522.0	.0	32264272.0	32855847.0	1313568.0	32757667.0	31571699.0	31638627.0	63849929.0	32008280.0	32034396.0	32008248.0	32264592.0	33985312.0	63704073.0	31738505.0	32264247.0	.0	33985332.0	63279300.0	63197304.0	
numberOfPoint-----------------	1	1	1	1	1	1	1	1	1	1	1	1	1	1	1	1	1	1	1	1	1	1	1	1	1	1	1	1	1	1	1	1	1	1	1	1	1	1	1	1	1	1	1	1	1	1	1	1	1	1	2	4	3	3	1	3	1	1	4	5	1	3	7	2	5	5	3	7	4	3	4	4	8	7	3	8	1	2	2	1	7	3	4	5	3	3	2	2	5	5	6	2	5	7	1	7	5	4	2	4	
standardDeviation-------------	.0	.0	.0	.0	.0	.0	.0	.0	.0	.0	.0	.0	.0	.0	.0	.0	.0	.0	.0	.0	.0	.0	.0	.0	.0	.0	.0	.0	.0	.0	.0	.0	.0	.0	.0	.0	.0	.0	.0	.0	.0	.0	.0	.0	.0	.0	.0	.0	.0	.0	7.18	6.75	6.76	5.58	7.9	7.42	4.59	2.94	8.19	9.3	5.46	8.37	7.84	7.92	7.58	7.29	6.95	6.0	7.05	5.67	7.57	7.61	6.59	5.93	8.14	7.85	6.76	9.86	6.45	9.82	5.84	9.09	7.1	6.77	5.93	6.1	5.18	6.26	5.84	7.16	7.11	4.88	7.22	7.18	5.81	6.5	7.74	5.02	5.98	8.31	
initialCoverageValue----------	360	360	360	360	360	360	360	360	360	360	360	360	360	360	360	360	360	360	360	360	360	360	360	360	360	360	360	360	360	360	360	360	360	360	360	360	360	360	360	360	360	360	360	360	360	360	360	360	360	360	360	360	360	360	360	360	360	360	360	360	360	360	360	360	360	360	360	360	360	360	360	360	360	360	360	360	360	360	360	360	360	360	360	360	360	360	360	360	360	360	360	360	360	360	360	360	360	360	360	360	
initialRedundantCoverageValue-	2520	2700	2460	1980	2520	2580	1860	2460	2580	2580	2160	2640	2280	1980	2160	2400	2880	2460	2100	2340	2400	2700	2520	2880	2820	1620	2700	3000	2760	2460	2700	1560	2820	2040	3420	2400	1980	2820	2040	2340	2640	2760	2220	2880	2640	2340	2280	2880	2580	2160	3360	3480	2280	1740	2580	1680	2520	2280	1860	2220	2280	2160	2040	2700	2160	2700	2640	2160	1620	1980	2400	2340	1980	2760	2820	1680	2580	2820	2580	2340	1920	2880	2040	2640	2880	3180	2160	2520	3060	2280	2760	2400	2640	2520	2580	2820	2340	2580	2220	1980	
additionalPoiTime-------------	0.0
algorithmTime-----------------	1.03428663E7
Total Transferred Metadata----	3275

Photo List Size: 4287
Gained Coverage %-------------	0.8081944444444444
Gained Redundancy %-----------	0.08210453018759728
Total Cluster Created---------	50
Total Transferred Photo-------	2508
Total Photo at Destination----	825
Coverage Group----------------	1-30	31-60	61-90	91-120	121-150	151-180	181-210	211-240	241-270	271-300	301-330	331-360	
Coverage Distribution---------	0	0	0	0	2	3	8	8	14	13	19	33	
Ratio Group-------------------	.0	.1	.2	.3	.4	.5	.6	.7	.8	.9	1.0	
Coverage Ratio----------------	0	0	0	0	2	3	8	14	13	23	37	
Redundant Ratio---------------	2	66	32	0	0	0	0	0	0	0	0	
NumberOfPoint Group-----------	0	1	2	3	4	5	6	7	8	
NumOfPoint Distribution-------	0	7	8	10	8	8	1	6	2	
SD Group----------------------	0-1	1-2	2-3	3-4	4-5	5-6	6-7	7-8	8-9	9-10	
SD Distribution---------------	50	0	1	0	2	12	10	17	4	4	
Half Coverage Group-----------	0-16038847	16038847-32077694	32077694-48116541	48116541-64155388	64155388-80194235	80194235-96233082	96233082-112271929	112271929-128310776	128310776-144349623	144349623-160388470	160388470-176427317	
Half Cvg Time Distribution----	1	51	38	7	0	0	0	0	0	0	0	
Transferred Photo Group-------	0-16038847	16038847-32077694	32077694-48116541	48116541-64155388	64155388-80194235	80194235-96233082	96233082-112271929	112271929-128310776	128310776-144349623	144349623-160388470	160388470-176427317	
Photo Time Distribution-------	555	2579	2897	928	345	9	0	27	7	0	0	

Cvg&Red Distribution----------	0.0	2.0	3.2077694E7	6.4155388E7	1.28310776E8	1.6038847E8	9.6233082E7	
Average PhotoNum--------------	26.404624277456648	26.404624277456648	27.109826589595375	28.184971098265898	28.329479768786126	28.32369942196532	28.329479768786126	
Nodes Above Average-----------	98	98	92	82	82	82	82	
Nodes Below Average-----------	75	75	81	91	91	91	91	

Average Coverage--------------	1543.8381502890174	1543.8381502890174	1583.9479768786127	1644.4971098265896	1652.9017341040462	1652.5549132947976	1652.9017341040462	
Nodes Above Average-----------	101	101	96	85	85	85	85	
Nodes Below Average-----------	72	72	77	88	88	88	88	
Photos Above Average----------	33	33	34	38	38	38	38	
Photos Below Average----------	16	16	17	18	18	18	18	
Network Coverage--------------	35986	35986	35986	35986	35986	35986	35986	

Average Redundancy------------	40.4393063583815	40.4393063583815	42.641618497109825	46.60115606936416	46.86705202312139	46.86705202312139	46.86705202312139	
Nodes Above Average-----------	74	74	78	77	77	77	77	
Nodes Below Average-----------	99	99	95	96	96	96	96	
Photos Above Average----------	31	31	33	35	35	35	35	
Photos Below Average----------	22	22	22	22	22	22	22	
Network Redundancy------------	238094	238094	245414	256574	258074	258014	258074	

