Message stats for scenario Photo_1250-Scenario_7-ActualPOI_50
sim_time: 31622400.0000

Photo List Size: 1212
coverageValue-----------------	181	120	293	60	120	60	133	67	204	120	162	191	114	60	120	331	305	249	60	81	217	190	99	179	193	274	120	180	214	183	120	78	193	270	150	242	267	202	109	149	60	120	216	60	202	60	245	206	67	180	60	60	169	113	215	180	128	173	257	136	336	115	211	283	212	180	220	180	186	190	120	229	252	209	179	264	120	171	218	120	164	186	204	215	188	134	149	183	147	245	134	177	216	101	208	180	297	171	176	191	
redundantCoverageValue--------	119	0	67	0	0	0	47	53	36	0	18	49	66	0	0	89	355	51	0	39	83	50	81	61	47	206	0	60	146	117	0	42	47	30	30	58	93	38	11	31	0	0	24	0	98	0	55	34	53	0	0	0	71	67	205	240	52	127	223	44	264	5	89	77	208	0	80	0	54	50	0	71	168	151	1	96	0	69	202	0	16	54	216	205	52	46	91	57	93	55	46	63	204	79	92	60	303	69	124	109	
halfCoverageTime--------------	29588102.0	.0	13267038.0	.0	.0	.0	.0	.0	29435816.0	.0	.0	29431432.0	.0	.0	.0	13267066.0	4013702.0	13084909.0	.0	.0	19664426.0	11797922.0	.0	.0	17846408.0	13511463.0	.0	20515144.0	20345766.0	19698212.0	.0	.0	13267078.0	12665004.0	.0	13267072.0	13267044.0	19664437.0	.0	.0	.0	.0	12651425.0	.0	19664432.0	.0	19719473.0	29663314.0	.0	14319438.0	.0	.0	.0	.0	13225154.0	.0	.0	.0	490424.0	.0	757825.0	.0	4013713.0	17846419.0	17846386.0	15627710.0	12565182.0	19748294.0	24425936.0	13202206.0	.0	15535544.0	757808.0	.0	.0	12565176.0	.0	.0	12574280.0	.0	.0	.0	330544.0	14323155.0	19719468.0	.0	.0	13278394.0	.0	11451300.0	.0	.0	17846436.0	.0	15535533.0	4292990.0	1241042.0	.0	.0	20347964.0	
numberOfPoint-----------------	1	1	1	1	1	1	1	1	1	1	1	1	1	1	1	1	1	1	1	1	1	1	1	1	1	1	1	1	1	1	1	1	1	1	1	1	1	1	1	1	1	1	1	1	1	1	1	1	1	1	1	4	1	1	3	1	2	2	2	2	3	2	4	6	2	1	1	5	4	1	1	1	8	5	2	1	5	2	2	3	1	4	7	2	1	2	5	3	2	2	4	2	2	1	4	4	2	8	3	2	
standardDeviation-------------	.0	.0	.0	.0	.0	.0	.0	.0	.0	.0	.0	.0	.0	.0	.0	.0	.0	.0	.0	.0	.0	.0	.0	.0	.0	.0	.0	.0	.0	.0	.0	.0	.0	.0	.0	.0	.0	.0	.0	.0	.0	.0	.0	.0	.0	.0	.0	.0	.0	.0	3.2	8.3	4.12	7.16	6.47	4.38	6.91	5.65	8.8	6.34	6.83	9.35	7.59	7.83	3.2	1.43	8.13	5.3	7.62	5.91	4.08	11.69	5.78	4.07	9.37	2.81	6.87	8.11	7.76	3.11	7.72	6.97	7.1	7.94	2.33	7.15	6.39	9.87	8.26	5.92	5.26	8.04	6.85	2.43	7.65	9.45	9.02	5.01	7.77	4.99	
initialCoverageValue----------	321	329	349	311	335	360	337	281	334	354	353	322	344	248	286	343	333	332	278	281	344	355	256	360	312	346	284	310	360	327	288	247	320	355	237	341	295	330	244	329	290	296	262	360	360	339	360	358	337	360	284	335	352	217	240	243	312	360	301	318	351	303	343	360	313	259	336	220	360	332	267	338	314	357	299	324	281	318	316	337	277	190	331	353	285	297	349	321	313	358	301	299	350	282	334	314	331	272	345	330	
initialRedundantCoverageValue-	519	211	611	169	385	180	443	319	626	246	667	518	376	112	254	557	627	328	202	199	616	665	284	600	468	554	256	470	600	213	192	173	220	485	183	439	305	450	476	511	490	304	398	900	360	321	360	722	563	360	496	85	428	143	420	417	348	540	359	342	729	297	617	780	347	161	504	140	780	568	333	322	586	543	181	396	199	162	464	383	383	110	689	487	195	303	611	399	347	662	539	361	670	498	446	586	689	328	615	570	
additionalPoiTime-------------	2.26045449E7
algorithmTime-----------------	5506835.3
Total Transferred Metadata----	15091

Photo List Size: 1212
Gained Coverage %-------------	0.5466603204823101
Gained Redundancy %-----------	0.1696277797597812
Total Cluster Created---------	50
Total Transferred Photo-------	1175
Total Photo at Destination----	411
Coverage Group----------------	1-30	31-60	61-90	91-120	121-150	151-180	181-210	211-240	241-270	271-300	301-330	331-360	
Coverage Distribution---------	0	9	4	16	9	16	19	11	9	4	1	2	
Ratio Group-------------------	.0	.1	.2	.3	.4	.5	.6	.7	.8	.9	1.0	
Coverage Ratio----------------	0	0	6	6	10	19	20	20	6	8	5	
Redundant Ratio---------------	22	19	26	16	5	7	4	1	0	0	0	
NumberOfPoint Group-----------	0	1	2	3	4	5	6	7	8	
NumOfPoint Distribution-------	0	13	17	5	7	4	1	1	2	
SD Group----------------------	0-1	1-2	2-3	3-4	4-5	5-6	6-7	7-8	8-9	9-10	10-11	11-12	
SD Distribution---------------	50	1	3	3	5	7	8	11	6	5	0	1	
Half Coverage Group-----------	0-3162240	3162240-6324480	6324480-9486720	9486720-12648960	12648960-15811200	15811200-18973440	18973440-22135680	22135680-25297920	25297920-28460160	28460160-31622400	31622400-34784640	
Half Cvg Time Distribution----	5	3	0	5	17	4	10	1	0	4	0	
Transferred Photo Group-------	0-3162240	3162240-6324480	6324480-9486720	9486720-12648960	12648960-15811200	15811200-18973440	18973440-22135680	22135680-25297920	25297920-28460160	28460160-31622400	31622400-34784640	
Photo Time Distribution-------	816	241	80	494	430	89	110	59	43	153	0	

Cvg&Red Distribution----------	2.0	9486720.0	1.897344E7	2.846016E7	3162240.0	6324480.0	1.264896E7	2.529792E7	2.213568E7	1.58112E7	3.16224E7	
Average PhotoNum--------------	5.378854625550661	5.348017621145375	5.343612334801762	5.378854625550661	5.317180616740088	5.3215859030837	5.47136563876652	5.383259911894273	5.352422907488987	5.427312775330397	5.39647577092511	
Nodes Above Average-----------	111	101	102	101	105	100	105	102	102	105	102	
Nodes Below Average-----------	116	126	125	126	122	127	122	125	125	122	125	

Average Coverage--------------	321.96916299559473	319.9735682819383	319.50660792951544	321.6211453744493	318.12334801762114	318.38766519823787	327.37444933920705	321.88546255506606	320.0352422907489	324.52863436123346	322.6784140969163	
Nodes Above Average-----------	111	101	102	101	105	100	105	102	102	105	102	
Nodes Below Average-----------	116	126	125	126	122	127	122	125	125	122	125	
Photos Above Average----------	6	7	7	7	7	7	7	7	7	7	7	
Photos Below Average----------	3	3	3	3	3	3	3	3	3	3	3	
Network Coverage--------------	31311	30964	30663	30557	31070	30965	30932	30603	30603	30763	30557	

Average Redundancy------------	0.762114537444934	0.9074889867841409	1.1101321585903083	1.1101321585903083	0.9074889867841409	0.9074889867841409	0.9074889867841409	1.1101321585903083	1.1101321585903083	1.1101321585903083	1.1101321585903083	
Nodes Above Average-----------	5	8	8	8	8	8	8	8	8	8	8	
Nodes Below Average-----------	222	219	219	219	219	219	219	219	219	219	219	
Photos Above Average----------	6	7	7	8	7	7	8	8	8	7	7	
Photos Below Average----------	5	5	5	5	5	5	5	5	5	5	5	
Network Redundancy------------	41949	41876	42117	42703	41350	41515	43588	42717	42297	43157	42943	

