Message stats for scenario Photo_2500-Scenario_8-ActualPOI_50
sim_time: 31622400.0000

Photo List Size: 612
coverageValue-----------------	282	285	316	294	277	264	273	306	322	293	263	334	160	353	273	194	264	242	322	282	285	199	341	252	220	307	185	270	203	315	171	269	296	253	222	171	256	156	278	218	240	278	343	207	330	180	180	213	279	240	196	238	132	60	148	314	130	120	182	226	269	162	180	73	226	108	295	237	233	60	134	221	202	235	272	60	300	62	97	129	210	120	178	243	186	66	120	296	164	228	125	145	120	145	155	180	188	233	248	191	
redundantCoverageValue--------	258	375	404	66	203	156	87	354	458	127	97	266	200	187	267	226	156	358	278	498	375	161	199	108	200	293	235	150	217	225	9	331	244	47	78	69	404	144	202	322	0	322	257	33	330	360	180	27	261	60	164	182	48	0	32	106	50	0	58	134	31	78	0	47	74	72	185	123	127	0	46	19	158	65	148	0	120	58	23	111	90	0	182	117	54	54	0	124	76	132	55	155	0	155	25	0	52	67	52	49	
halfCoverageTime--------------	12566078.0	19664476.0	4014570.0	11528878.0	20345854.0	12565116.0	11280736.0	3951105.0	1083514.0	12566638.0	4013754.0	4805110.0	.0	4014746.0	2026144.0	19664376.0	13278400.0	13511463.0	4804358.0	16050778.0	4299389.0	19663962.0	12574280.0	16050808.0	12567362.0	12665016.0	12565121.0	12566072.0	12574292.0	4293008.0	.0	4013772.0	4299384.0	14319432.0	29435806.0	.0	12592207.0	.0	12565110.0	4013742.0	20345808.0	4805094.0	3949496.0	15535544.0	11280791.0	20344822.0	19708280.0	13287584.0	11280774.0	4014628.0	20345849.0	382450.0	.0	.0	.0	12613392.0	.0	.0	20345790.0	11528846.0	12574262.0	.0	15627710.0	.0	11280762.0	.0	12566102.0	14141274.0	13225160.0	.0	.0	15535568.0	19664410.0	3949520.0	12565394.0	.0	15627698.0	.0	.0	.0	12566042.0	.0	.0	3951090.0	14319508.0	.0	.0	4293024.0	.0	13084909.0	.0	.0	.0	.0	.0	29431426.0	29663326.0	13267078.0	16050745.0	13267072.0	
numberOfPoint-----------------	1	1	1	1	1	1	1	1	1	1	1	1	1	1	1	1	1	1	1	1	1	1	1	1	1	1	1	1	1	1	1	1	1	1	1	1	1	1	1	1	1	1	1	1	1	1	1	1	1	1	1	2	1	0	1	2	1	1	1	2	2	2	1	1	1	0	2	1	1	1	1	2	1	2	2	1	2	0	1	1	1	0	1	2	1	0	0	2	1	1	1	1	1	1	0	1	2	1	2	0	
standardDeviation-------------	.0	.0	.0	.0	.0	.0	.0	.0	.0	.0	.0	.0	.0	.0	.0	.0	.0	.0	.0	.0	.0	.0	.0	.0	.0	.0	.0	.0	.0	.0	.0	.0	.0	.0	.0	.0	.0	.0	.0	.0	.0	.0	.0	.0	.0	.0	.0	.0	.0	.0	2.06	8.85	7.28	.0	3.4	6.26	1.77	3.98	4.8	8.12	6.13	10.89	7.15	2.28	2.75	.0	5.14	3.54	5.19	9.18	9.1	12.13	5.23	10.23	6.26	7.05	9.68	.0	1.8	3.83	6.5	.0	2.86	5.52	6.21	.0	.0	.92	4.33	4.85	1.55	7.1	3.74	8.76	.0	5.9	7.34	8.9	7.67	.0	
initialCoverageValue----------	348	360	360	360	353	360	347	360	322	347	354	360	360	360	360	360	360	360	354	360	360	314	360	360	360	360	360	343	331	360	360	349	360	360	356	360	360	360	360	360	360	360	360	360	360	360	327	349	360	360	360	360	348	349	360	360	358	343	358	360	325	360	340	360	360	353	356	360	360	356	360	319	359	352	360	302	360	360	354	360	360	359	360	350	350	330	341	344	360	360	360	356	360	360	345	360	360	339	359	360	
initialRedundantCoverageValue-	1212	1320	1020	1440	907	1140	913	1440	938	973	666	1260	1080	1440	1020	1140	1560	1320	966	1740	1140	646	1440	1260	1260	1200	960	737	929	1500	600	1331	1380	1080	904	1320	1560	1080	780	1080	420	1080	1320	780	1140	1140	1173	731	840	1320	1440	1500	1032	1331	1140	1080	1262	857	842	1500	875	1080	740	840	1380	1147	1444	1260	1260	844	1320	1181	841	908	1080	658	1320	1020	606	1320	1020	1141	1440	790	850	930	1219	676	1200	1500	1140	1144	780	1020	855	780	1440	561	721	1380	
additionalPoiTime-------------	93600.6
algorithmTime-----------------	2.047863190148E10
Total Transferred Metadata----	7659

Photo List Size: 612
Gained Coverage %-------------	0.6157801067826775
Gained Redundancy %-----------	0.1332040504569113
Total Cluster Created---------	0
Total Transferred Photo-------	70117
Total Photo at Destination----	612
Coverage Group----------------	1-30	31-60	61-90	91-120	121-150	151-180	181-210	211-240	241-270	271-300	301-330	331-360	
Coverage Distribution---------	0	3	3	6	8	12	12	15	12	17	8	4	
Ratio Group-------------------	.0	.1	.2	.3	.4	.5	.6	.7	.8	.9	1.0	
Coverage Ratio----------------	0	0	5	2	10	13	12	21	17	13	7	
Redundant Ratio---------------	10	40	25	20	4	1	0	0	0	0	0	
NumberOfPoint Group-----------	0	1	2	
NumOfPoint Distribution-------	8	28	14	
SD Group----------------------	0-1	1-2	2-3	3-4	4-5	5-6	6-7	7-8	8-9	9-10	10-11	11-12	12-13	
SD Distribution---------------	59	3	4	5	3	5	5	6	4	3	2	0	1	
Half Coverage Group-----------	0-3162240	3162240-6324480	6324480-9486720	9486720-12648960	12648960-15811200	15811200-18973440	18973440-22135680	22135680-25297920	25297920-28460160	28460160-31622400	31622400-34784640	
Half Cvg Time Distribution----	3	17	0	21	15	3	10	0	0	3	0	
Transferred Photo Group-------	0-3162240	3162240-6324480	6324480-9486720	9486720-12648960	12648960-15811200	15811200-18973440	18973440-22135680	22135680-25297920	25297920-28460160	28460160-31622400	31622400-34784640	
Photo Time Distribution-------	18568	8402	6734	14367	17282	9196	6292	6440	4032	7327	0	

Cvg&Red Distribution----------	2.0	9486720.0	1.897344E7	2.846016E7	3162240.0	6324480.0	1.264896E7	2.529792E7	2.213568E7	1.58112E7	3.16224E7	
Average PhotoNum--------------	10.823788546255507	16.2863436123348	18.537444933920703	18.951541850220263	15.13215859030837	15.814977973568283	17.325991189427313	18.863436123348016	18.63876651982379	18.13215859030837	19.3920704845815	
Nodes Above Average-----------	123	145	202	210	122	140	175	208	204	194	216	
Nodes Below Average-----------	104	82	25	17	105	87	52	19	23	33	11	

Average Coverage--------------	644.3171806167401	963.8281938325991	1093.4581497797358	1117.8722466960353	895.8193832599119	934.9647577092511	1023.2070484581498	1114.0220264317181	1097.964757709251	1068.1057268722468	1140.5726872246696	
Nodes Above Average-----------	123	145	200	199	124	139	175	200	200	193	189	
Nodes Below Average-----------	104	82	27	28	103	88	52	27	27	34	38	
Photos Above Average----------	13	19	20	20	19	19	20	20	20	20	20	
Photos Below Average----------	7	9	7	11	9	9	8	10	8	7	16	
Network Coverage--------------	35394	35394	35394	35394	35394	35394	35394	35394	35394	35394	35394	

Average Redundancy------------	5.110132158590308	13.352422907488986	18.788546255506606	19.220264317180618	12.110132158590309	13.933920704845814	16.352422907488986	17.784140969162994	20.36123348017621	19.823788546255507	22.951541850220263	
Nodes Above Average-----------	36	66	82	79	65	65	78	77	82	85	81	
Nodes Below Average-----------	191	161	145	148	162	162	149	150	145	142	146	
Photos Above Average----------	12	18	19	19	18	18	19	19	19	19	19	
Photos Below Average----------	10	15	17	18	13	14	16	18	18	17	19	
Network Redundancy------------	112026	186426	217086	222726	170706	180006	200586	221526	218466	211566	228726	

