Message stats for scenario Photo_1250-Scenario_6-ActualPOI_50
sim_time: 31622400.0000

Photo List Size: 389
coverageValue-----------------	120	234	210	180	120	60	128	67	203	237	167	120	215	225	153	114	120	141	235	156	120	273	180	188	141	210	169	231	120	190	217	180	279	199	257	170	201	60	126	188	142	222	124	84	201	180	142	183	173	120	216	120	144	213	80	215	129	180	159	172	275	166	155	183	214	272	271	90	60	120	180	132	180	231	180	272	160	180	218	60	60	120	238	290	180	201	146	148	142	201	120	267	60	180	60	135	259	273	120	60	
redundantCoverageValue--------	0	66	90	0	0	0	52	53	277	183	73	0	25	75	147	66	0	39	65	24	0	147	0	52	39	30	71	9	0	170	23	0	261	161	163	10	39	0	114	52	38	138	56	96	99	0	38	57	307	0	144	0	36	87	40	25	111	0	141	8	205	74	85	57	86	88	89	30	0	0	0	48	0	69	0	28	140	0	22	0	0	0	62	190	0	99	94	32	38	219	0	153	0	0	0	45	161	147	0	0	
halfCoverageTime--------------	.0	19698224.0	14319410.0	29426814.0	.0	.0	.0	.0	12665968.0	12566638.0	.0	.0	12574274.0	1261020.0	.0	.0	.0	.0	11127530.0	.0	.0	3951062.0	13084924.0	29663320.0	.0	13227648.0	.0	12567356.0	.0	12665004.0	14319432.0	12566016.0	4293002.0	29435822.0	13212904.0	.0	29433796.0	.0	.0	4023068.0	.0	2026138.0	.0	.0	19664092.0	12566061.0	.0	20347952.0	.0	.0	13202194.0	.0	.0	17846436.0	.0	19719462.0	.0	13227660.0	.0	.0	12651425.0	.0	.0	19748294.0	17846454.0	13084919.0	13225154.0	.0	.0	.0	15535538.0	.0	28384880.0	13227666.0	12566036.0	5227438.0	.0	19748312.0	.0	.0	.0	.0	13203724.0	19708274.0	28384892.0	16050769.0	.0	.0	.0	12592212.0	.0	19664432.0	.0	12613096.0	.0	.0	12592196.0	12566078.0	.0	.0	
numberOfPoint-----------------	1	1	1	1	1	1	1	1	1	1	1	1	1	1	1	1	1	1	1	1	1	1	1	1	1	1	1	1	1	1	1	1	1	1	1	1	1	1	1	1	1	1	1	1	1	1	1	1	1	1	0	1	1	1	0	1	1	1	2	1	1	1	0	1	2	2	1	0	1	1	1	1	0	1	1	2	2	1	1	0	1	1	2	1	1	1	1	1	1	2	1	1	1	1	1	1	1	3	0	0	
standardDeviation-------------	.0	.0	.0	.0	.0	.0	.0	.0	.0	.0	.0	.0	.0	.0	.0	.0	.0	.0	.0	.0	.0	.0	.0	.0	.0	.0	.0	.0	.0	.0	.0	.0	.0	.0	.0	.0	.0	.0	.0	.0	.0	.0	.0	.0	.0	.0	.0	.0	.0	.0	.0	1.65	1.7	7.62	.0	6.82	5.12	5.83	7.8	4.64	2.37	10.03	.0	11.81	9.63	7.17	4.12	.0	7.12	1.6	6.79	10.04	.0	9.04	8.77	6.9	3.61	4.89	2.53	.0	3.74	5.0	8.06	4.22	5.73	8.23	9.46	6.81	4.88	9.52	3.81	4.43	8.59	6.87	9.45	3.95	7.79	8.9	.0	.0	
initialCoverageValue----------	347	323	348	348	322	281	360	306	355	266	328	286	310	317	259	274	203	330	312	359	229	349	342	337	326	299	327	360	265	350	279	325	333	339	340	343	307	289	205	326	309	317	334	318	343	313	351	341	308	283	336	332	278	360	329	296	335	288	298	350	343	321	349	319	317	355	301	290	220	304	331	278	353	342	325	310	357	219	339	270	330	355	316	355	296	280	343	354	339	322	331	356	302	336	209	259	317	341	211	360	
initialRedundantCoverageValue-	553	577	492	612	218	439	420	654	1025	394	632	434	230	103	401	446	97	390	228	361	131	851	318	503	454	301	573	480	155	430	261	215	987	501	560	377	413	371	395	214	411	343	266	642	737	227	309	379	532	197	384	208	382	600	451	304	565	312	542	430	557	339	731	521	523	485	479	370	200	536	449	262	487	498	215	230	423	81	201	90	390	425	644	425	304	380	737	366	441	578	449	664	358	444	151	221	583	499	329	420	
additionalPoiTime-------------	15600.1
algorithmTime-----------------	3073219.7
Total Transferred Metadata----	8249

Photo List Size: 389
Gained Coverage %-------------	0.5388525319270602
Gained Redundancy %-----------	0.14934847978616772
Total Cluster Created---------	0
Total Transferred Photo-------	2890
Total Photo at Destination----	389
Coverage Group----------------	1-30	31-60	61-90	91-120	121-150	151-180	181-210	211-240	241-270	271-300	301-330	331-360	
Coverage Distribution---------	0	8	4	13	14	22	13	15	3	8	0	0	
Ratio Group-------------------	.0	.1	.2	.3	.4	.5	.6	.7	.8	.9	1.0	
Coverage Ratio----------------	0	0	3	8	10	17	28	12	13	8	1	
Redundant Ratio---------------	31	18	25	14	7	3	1	0	1	0	0	
NumberOfPoint Group-----------	0	1	2	3	
NumOfPoint Distribution-------	8	34	7	1	
SD Group----------------------	0-1	1-2	2-3	3-4	4-5	5-6	6-7	7-8	8-9	9-10	10-11	11-12	
SD Distribution---------------	58	3	2	4	7	3	5	5	5	5	2	1	
Half Coverage Group-----------	0-3162240	3162240-6324480	6324480-9486720	9486720-12648960	12648960-15811200	15811200-18973440	18973440-22135680	22135680-25297920	25297920-28460160	28460160-31622400	31622400-34784640	
Half Cvg Time Distribution----	2	4	0	11	15	3	8	0	2	4	0	
Transferred Photo Group-------	0-3162240	3162240-6324480	6324480-9486720	9486720-12648960	12648960-15811200	15811200-18973440	18973440-22135680	22135680-25297920	25297920-28460160	28460160-31622400	31622400-34784640	
Photo Time Distribution-------	483	405	148	453	949	234	431	193	49	526	0	

Cvg&Red Distribution----------	2.0	9486720.0	1.897344E7	2.846016E7	3162240.0	6324480.0	1.264896E7	2.529792E7	2.213568E7	1.58112E7	3.16224E7	
Average PhotoNum--------------	5.378854625550661	5.71806167400881	6.158590308370044	6.3039647577092515	5.537444933920705	5.709251101321586	5.854625550660793	6.290748898678414	6.277533039647577	6.154185022026431	6.436123348017621	
Nodes Above Average-----------	111	117	103	109	115	117	119	109	109	103	115	
Nodes Below Average-----------	116	110	124	118	112	110	108	118	118	124	112	

Average Coverage--------------	321.3348017621145	340.91189427312776	366.7973568281938	375.352422907489	330.49339207048456	340.3832599118943	349.0396475770925	374.5594713656388	373.76651982378854	366.5330396475771	383.10132158590307	
Nodes Above Average-----------	109	115	103	108	113	115	117	108	108	103	114	
Nodes Below Average-----------	118	112	124	119	114	112	110	119	119	124	113	
Photos Above Average----------	6	7	8	8	7	7	7	8	8	8	8	
Photos Below Average----------	3	3	4	4	3	3	3	4	4	4	4	
Network Coverage--------------	31315	30584	29766	29666	30870	30585	30404	29666	29671	29822	29299	

Average Redundancy------------	1.39647577092511	2.171806167400881	2.7180616740088106	2.8854625550660793	1.7533039647577093	2.171806167400881	2.237885462555066	2.8854625550660793	2.8854625550660793	2.7180616740088106	3.066079295154185	
Nodes Above Average-----------	10	15	19	19	12	15	16	19	19	19	19	
Nodes Below Average-----------	217	212	208	208	215	212	211	208	208	208	208	
Photos Above Average----------	6	8	8	8	7	8	8	8	8	8	8	
Photos Below Average----------	5	5	5	6	5	5	5	6	6	5	6	
Network Redundancy------------	41945	47296	54114	56194	44550	47175	49336	56014	55829	53998	58361	

