Message stats for scenario Photo_1250-Scenario_8-ActualPOI_50
sim_time: 31622400.0000

Photo List Size: 408
coverageValue-----------------	120	213	153	240	60	216	186	247	271	177	321	120	193	244	240	124	148	169	209	120	184	229	148	216	242	169	219	205	303	162	236	315	236	195	231	95	239	180	197	60	255	192	136	149	198	169	217	345	242	242	0	180	266	120	89	160	167	190	120	134	120	75	210	189	102	60	260	60	308	235	0	120	88	172	0	219	256	196	169	156	169	220	271	111	185	120	263	125	151	231	246	131	0	232	65	180	223	85	147	213	
redundantCoverageValue--------	0	87	27	120	0	84	114	113	89	3	159	0	47	236	60	56	92	11	91	0	56	11	32	84	58	11	81	215	177	18	4	285	184	165	129	25	61	0	43	0	45	48	44	91	102	11	143	135	178	178	0	0	34	0	31	20	73	110	0	46	0	45	30	51	18	0	100	0	172	65	0	0	32	8	0	81	164	44	11	24	11	140	89	69	55	0	97	55	29	69	114	49	0	8	55	0	197	35	153	87	
halfCoverageTime--------------	.0	19748318.0	.0	13287578.0	.0	19664676.0	14319458.0	13287566.0	4805094.0	.0	14141274.0	.0	14319421.0	16050764.0	13203724.0	.0	.0	.0	14323166.0	.0	12566048.0	29435816.0	.0	14319494.0	15627698.0	.0	19748294.0	12565116.0	4013600.0	.0	29932604.0	4799226.0	13267066.0	28384880.0	29431426.0	.0	1431192.0	16050780.0	19664092.0	.0	15535550.0	3951120.0	.0	.0	14319452.0	.0	20344786.0	12566036.0	12566638.0	29186218.0	.0	13227660.0	13201568.0	.0	.0	.0	.0	13212910.0	.0	.0	.0	.0	13084919.0	20345784.0	.0	.0	13267044.0	.0	4299372.0	13227666.0	.0	.0	.0	.0	.0	29426825.0	11280726.0	20347958.0	.0	.0	.0	17846424.0	13225154.0	.0	.0	.0	4293002.0	.0	.0	20344792.0	12613085.0	.0	.0	28384898.0	.0	.0	29663308.0	.0	.0	3949514.0	
numberOfPoint-----------------	1	1	1	1	1	1	1	1	1	1	1	1	1	1	1	1	1	1	1	1	1	1	1	1	1	1	1	1	1	1	1	1	1	1	1	1	1	1	1	1	1	1	1	1	1	1	1	1	1	1	0	1	1	1	1	1	2	1	1	1	1	0	1	0	1	0	2	0	2	1	0	1	0	1	0	1	1	1	1	1	1	1	1	0	0	1	1	2	1	1	1	1	0	2	0	1	1	1	2	1	
standardDeviation-------------	.0	.0	.0	.0	.0	.0	.0	.0	.0	.0	.0	.0	.0	.0	.0	.0	.0	.0	.0	.0	.0	.0	.0	.0	.0	.0	.0	.0	.0	.0	.0	.0	.0	.0	.0	.0	.0	.0	.0	.0	.0	.0	.0	.0	.0	.0	.0	.0	.0	.0	.0	5.5	10.6	8.41	3.05	3.59	9.66	3.3	9.66	6.7	4.53	.0	7.4	.0	5.19	.0	7.46	.0	9.4	1.71	.0	12.82	.0	3.4	.0	1.58	4.03	9.9	6.07	3.86	10.96	6.08	3.81	.0	.0	8.68	5.63	8.74	2.56	3.55	10.12	.98	.0	11.64	.0	6.89	8.56	6.5	9.46	7.82	
initialCoverageValue----------	353	320	292	320	293	287	315	320	329	265	350	355	291	313	323	348	258	302	283	344	312	281	210	269	309	229	335	280	349	303	357	360	344	255	272	290	360	275	343	186	327	265	346	285	292	231	294	351	360	351	263	350	322	261	326	302	347	324	261	304	307	307	341	304	308	341	318	360	360	324	286	295	143	360	271	360	342	346	335	328	345	353	352	245	336	358	299	344	304	355	310	304	97	318	343	350	302	287	256	252	
initialRedundantCoverageValue-	487	400	668	460	187	193	465	520	391	95	610	485	489	527	217	432	222	418	377	376	648	259	390	331	531	71	565	620	671	297	483	1020	616	345	568	190	360	325	497	294	213	515	374	435	428	189	366	489	660	789	277	490	518	399	274	478	733	396	159	176	233	893	259	296	172	739	582	540	900	336	134	365	157	300	29	660	558	314	625	572	315	487	608	355	804	422	421	616	296	845	290	296	23	222	437	670	418	313	344	228	
additionalPoiTime-------------	124800.8
algorithmTime-----------------	1.0553282639088E10
Total Transferred Metadata----	7705

Photo List Size: 408
Gained Coverage %-------------	0.5770430037677017
Gained Redundancy %-----------	0.15221480297188
Total Cluster Created---------	0
Total Transferred Photo-------	41222
Total Photo at Destination----	411
Coverage Group----------------	1-30	31-60	61-90	91-120	121-150	151-180	181-210	211-240	241-270	271-300	301-330	331-360	
Coverage Distribution---------	4	4	5	11	9	16	14	19	11	2	4	1	
Ratio Group-------------------	.0	.1	.2	.3	.4	.5	.6	.7	.8	.9	1.0	
Coverage Ratio----------------	4	0	3	4	11	11	16	17	21	11	2	
Redundant Ratio---------------	19	25	21	25	4	6	0	0	0	0	0	
NumberOfPoint Group-----------	0	1	2	
NumOfPoint Distribution-------	12	32	6	
SD Group----------------------	0-1	1-2	2-3	3-4	4-5	5-6	6-7	7-8	8-9	9-10	10-11	11-12	12-13	
SD Distribution---------------	63	2	1	7	2	3	5	3	4	5	3	1	1	
Half Coverage Group-----------	0-3162240	3162240-6324480	6324480-9486720	9486720-12648960	12648960-15811200	15811200-18973440	18973440-22135680	22135680-25297920	25297920-28460160	28460160-31622400	31622400-34784640	
Half Cvg Time Distribution----	1	7	0	6	19	3	8	0	2	6	0	
Transferred Photo Group-------	0-3162240	3162240-6324480	6324480-9486720	9486720-12648960	12648960-15811200	15811200-18973440	18973440-22135680	22135680-25297920	25297920-28460160	28460160-31622400	31622400-34784640	
Photo Time Distribution-------	9198	4049	3620	7228	8840	4705	3281	3224	2192	3766	0	

Cvg&Red Distribution----------	2.0	9486720.0	1.897344E7	2.846016E7	3162240.0	6324480.0	1.264896E7	2.529792E7	2.213568E7	1.58112E7	3.16224E7	
Average PhotoNum--------------	5.378854625550661	8.145374449339206	9.286343612334802	9.502202643171806	7.577092511013216	7.894273127753304	8.665198237885463	9.462555066079295	9.33920704845815	9.079295154185022	9.744493392070485	
Nodes Above Average-----------	111	146	203	211	129	144	178	210	205	195	220	
Nodes Below Average-----------	116	81	24	16	98	83	49	17	22	32	7	

Average Coverage--------------	320.6211453744493	484.7621145374449	552.9735682819384	565.2334801762114	450.15859030837004	468.7533039647577	514.7533039647577	563.1189427312776	555.6784140969163	540.1409691629956	580.1057268722467	
Nodes Above Average-----------	111	146	193	195	128	143	177	196	196	193	200	
Nodes Below Average-----------	116	81	34	32	99	84	50	31	31	34	27	
Photos Above Average----------	6	9	10	10	9	9	9	10	10	10	10	
Photos Below Average----------	3	4	5	6	4	4	3	6	5	3	7	
Network Coverage--------------	30491	30491	30491	30491	30491	30491	30491	30491	30491	30491	30491	

Average Redundancy------------	2.1101321585903086	3.960352422907489	4.20704845814978	4.898678414096916	4.466960352422907	4.903083700440528	5.158590308370044	4.634361233480176	4.674008810572687	4.616740088105727	4.563876651982379	
Nodes Above Average-----------	14	27	27	33	29	31	35	29	31	28	32	
Nodes Below Average-----------	213	200	200	194	198	196	192	198	196	199	195	
Photos Above Average----------	6	9	10	10	9	9	10	10	10	10	10	
Photos Below Average----------	5	7	9	9	7	7	8	9	9	8	9	
Network Redundancy------------	42769	80449	95989	98929	72709	77029	87529	98389	96709	93169	102229	

