Message stats for scenario Photo_1250-Scenario_5-ActualPOI_50
sim_time: 31622400.0000

Photo List Size: 1212
coverageValue-----------------	155	255	210	261	168	279	214	0	180	158	60	174	239	180	153	168	135	266	120	196	237	272	129	60	155	180	275	247	60	274	195	120	60	185	294	190	170	71	0	81	270	60	63	219	134	121	60	158	195	236	232	185	175	120	0	285	120	60	111	91	165	178	233	169	249	285	196	171	212	176	295	216	177	161	154	120	162	180	210	169	260	246	167	120	0	180	249	151	142	180	60	60	137	0	93	267	146	232	226	168	
redundantCoverageValue--------	25	45	30	39	12	81	26	0	0	82	0	6	1	0	27	72	45	94	0	44	3	88	51	0	25	0	85	53	0	86	225	0	0	55	6	110	10	169	0	39	30	0	57	21	46	59	0	22	105	124	68	55	65	0	0	195	0	0	129	89	15	122	127	11	111	15	44	9	28	124	65	84	63	19	26	0	18	0	30	71	100	114	133	0	0	0	51	29	38	0	0	0	103	0	27	93	94	8	74	12	
halfCoverageTime--------------	.0	12565394.0	13607014.0	13267049.0	.0	3949514.0	20515150.0	.0	29433796.0	.0	.0	.0	14319410.0	14319432.0	.0	.0	.0	13084909.0	.0	13084914.0	19708274.0	12566650.0	.0	.0	.0	19748294.0	19698212.0	16050745.0	.0	13201574.0	14319421.0	.0	.0	28384886.0	29186212.0	13287578.0	.0	.0	.0	.0	19663968.0	.0	.0	19719462.0	.0	.0	.0	.0	19719473.0	29663320.0	3949520.0	13607026.0	.0	.0	.0	1241036.0	.0	.0	.0	.0	.0	.0	3949526.0	.0	490382.0	138457.0	29617264.0	.0	13278384.0	.0	3949531.0	17846356.0	.0	.0	.0	.0	.0	13202206.0	16050760.0	.0	1261030.0	14343362.0	.0	.0	.0	12565110.0	1431186.0	.0	.0	4013713.0	.0	.0	.0	.0	.0	12566050.0	.0	13225154.0	15535528.0	.0	
numberOfPoint-----------------	1	1	1	1	1	1	1	1	1	1	1	1	1	1	1	1	1	1	1	1	1	1	1	1	1	1	1	1	1	1	1	1	1	1	1	1	1	1	1	1	1	1	1	1	1	1	1	1	1	1	1	5	6	4	1	2	4	4	1	5	3	4	1	2	7	4	1	2	1	1	8	2	2	5	3	6	1	9	3	4	6	3	5	1	2	8	4	1	2	6	2	4	2	1	2	2	2	13	2	1	
standardDeviation-------------	.0	.0	.0	.0	.0	.0	.0	.0	.0	.0	.0	.0	.0	.0	.0	.0	.0	.0	.0	.0	.0	.0	.0	.0	.0	.0	.0	.0	.0	.0	.0	.0	.0	.0	.0	.0	.0	.0	.0	.0	.0	.0	.0	.0	.0	.0	.0	.0	.0	.0	3.11	6.22	7.59	9.23	4.03	6.34	7.4	2.6	7.03	2.26	6.33	6.42	.1	5.53	6.28	4.88	.6	6.1	.98	1.22	10.0	7.46	8.18	3.94	1.94	7.21	4.15	2.1	7.02	3.65	6.42	2.2	8.74	6.74	5.05	6.64	6.13	.51	4.69	7.29	9.08	12.32	7.64	4.38	5.65	9.23	7.64	8.63	7.47	8.54	
initialCoverageValue----------	312	326	343	350	360	360	272	353	260	352	313	360	296	294	360	304	357	279	345	327	319	355	280	207	309	252	312	303	325	307	354	332	312	335	337	334	340	295	130	303	354	278	168	336	237	226	319	292	334	318	330	290	360	288	332	360	360	242	281	321	322	275	360	276	317	360	348	360	324	337	351	325	321	257	239	324	308	324	331	340	360	254	349	237	350	318	340	360	299	284	298	286	272	249	347	360	292	321	316	342	
initialRedundantCoverageValue-	288	334	437	370	420	540	328	187	460	608	527	840	424	486	300	476	603	621	315	333	461	425	80	213	471	108	828	357	335	353	726	328	168	625	443	266	500	425	50	357	546	202	192	564	243	494	281	308	446	462	390	130	420	252	508	660	540	58	259	339	398	385	600	564	823	660	432	600	336	683	609	635	459	283	541	636	472	336	269	500	1080	526	491	123	310	282	560	720	361	256	302	134	448	171	553	540	428	279	344	498	
additionalPoiTime-------------	0.0
algorithmTime-----------------	5725236.7
Total Transferred Metadata----	15093

Photo List Size: 1212
Gained Coverage %-------------	0.5343176504499888
Gained Redundancy %-----------	0.10763634645818079
Total Cluster Created---------	50
Total Transferred Photo-------	799
Total Photo at Destination----	355
Coverage Group----------------	1-30	31-60	61-90	91-120	121-150	151-180	181-210	211-240	241-270	271-300	301-330	331-360	
Coverage Distribution---------	5	9	3	9	7	29	9	11	10	8	0	0	
Ratio Group-------------------	.0	.1	.2	.3	.4	.5	.6	.7	.8	.9	1.0	
Coverage Ratio----------------	5	0	4	9	7	16	19	14	18	6	2	
Redundant Ratio---------------	26	30	24	13	3	3	0	1	0	0	0	
NumberOfPoint Group-----------	0	1	2	3	4	5	6	7	8	9	10	11	12	13	
NumOfPoint Distribution-------	0	12	13	4	8	4	4	1	2	1	0	0	0	1	
SD Group----------------------	0-1	1-2	2-3	3-4	4-5	5-6	6-7	7-8	8-9	9-10	10-11	11-12	12-13	
SD Distribution---------------	54	2	4	3	5	3	10	10	4	3	1	0	1	
Half Coverage Group-----------	0-3162240	3162240-6324480	6324480-9486720	9486720-12648960	12648960-15811200	15811200-18973440	18973440-22135680	22135680-25297920	25297920-28460160	28460160-31622400	31622400-34784640	
Half Cvg Time Distribution----	5	5	0	4	15	3	7	0	1	4	0	
Transferred Photo Group-------	0-3162240	3162240-6324480	6324480-9486720	9486720-12648960	12648960-15811200	15811200-18973440	18973440-22135680	22135680-25297920	25297920-28460160	28460160-31622400	31622400-34784640	
Photo Time Distribution-------	401	165	25	291	185	43	75	24	21	89	0	

Cvg&Red Distribution----------	2.0	9486720.0	1.897344E7	2.846016E7	3162240.0	6324480.0	1.264896E7	2.529792E7	2.213568E7	1.58112E7	3.16224E7	
Average PhotoNum--------------	5.378854625550661	5.383259911894273	5.392070484581498	5.47136563876652	5.299559471365638	5.3392070484581495	5.511013215859031	5.462555066079295	5.4449339207048455	5.436123348017621	5.533039647577093	
Nodes Above Average-----------	111	108	109	111	107	107	110	111	110	111	112	
Nodes Below Average-----------	116	119	118	116	120	120	117	116	117	116	115	

Average Coverage--------------	322.36563876651985	322.55506607929516	323.0044052863436	327.8898678414097	317.5330396475771	319.91189427312776	330.1321585903084	327.23348017621146	326.1762114537445	325.647577092511	331.59030837004406	
Nodes Above Average-----------	111	108	109	111	107	107	110	111	110	111	112	
Nodes Below Average-----------	116	119	118	116	120	120	117	116	117	116	115	
Photos Above Average----------	6	7	7	7	6	7	7	7	7	7	7	
Photos Below Average----------	3	3	3	3	3	3	3	3	3	3	3	
Network Coverage--------------	30972	30697	30509	30509	30853	30697	30697	30509	30509	30588	30485	

Average Redundancy------------	0.3656387665198238	0.44052863436123346	0.5198237885462555	0.3920704845814978	0.44052863436123346	0.44052863436123346	0.5286343612334802	0.5198237885462555	0.5198237885462555	0.5198237885462555	0.3920704845814978	
Nodes Above Average-----------	5	6	6	5	6	6	7	6	6	6	5	
Nodes Below Average-----------	222	221	221	222	221	221	220	221	221	221	222	
Photos Above Average----------	6	6	6	6	6	6	6	6	6	7	6	
Photos Below Average----------	5	5	5	5	5	5	5	5	5	5	5	
Network Redundancy------------	42288	42623	42931	44011	41327	42023	44363	43891	43651	43452	44875	

