Message stats for scenario Photo_5000-Scenario_8-ActualPOI_50
sim_time: 31622400.0000

Photo List Size: 677
coverageValue-----------------	251	299	264	293	227	228	328	332	241	300	321	246	350	324	321	318	312	303	292	215	297	292	248	308	317	268	281	330	276	313	214	217	340	322	349	340	329	313	268	254	350	337	313	246	237	333	255	325	215	347	120	263	120	60	261	152	317	225	209	175	240	273	231	270	180	203	60	224	237	180	228	243	176	256	60	190	176	120	125	192	0	146	133	157	120	331	184	132	259	194	184	72	184	128	251	175	221	180	181	137	
redundantCoverageValue--------	49	301	96	427	193	372	332	148	239	300	159	114	430	276	159	402	228	177	248	145	123	368	352	352	163	212	139	510	204	227	146	143	380	158	251	560	631	347	212	166	490	323	407	174	183	567	465	275	85	373	0	37	0	0	99	88	103	15	31	65	0	87	9	90	0	97	0	196	63	0	72	177	64	104	0	110	4	0	55	108	0	34	47	23	0	209	116	48	101	166	56	48	56	52	49	5	79	0	59	43	
halfCoverageTime--------------	11280791.0	4014606.0	5227432.0	12566078.0	13202194.0	12613398.0	11791592.0	4013754.0	12651492.0	12613392.0	4013618.0	13202206.0	14319416.0	3951120.0	4804358.0	382432.0	11280726.0	3949542.0	11280806.0	19664393.0	13607014.0	14319450.0	4023234.0	4013623.0	12665010.0	4013854.0	19664080.0	12566021.0	3949508.0	490418.0	1431192.0	14323155.0	757932.0	3951050.0	757862.0	4014622.0	138514.0	3950220.0	4013813.0	12565182.0	757825.0	12566048.0	12566060.0	13212921.0	13607026.0	382414.0	3951105.0	4013876.0	12613096.0	3949514.0	.0	16050790.0	.0	.0	19664676.0	.0	14319610.0	14319534.0	19719473.0	.0	14319444.0	15535556.0	13084919.0	382444.0	13267049.0	20345814.0	.0	12574292.0	11528896.0	29932604.0	4014558.0	13227648.0	.0	4023270.0	.0	14319528.0	.0	.0	.0	16050750.0	.0	.0	.0	.0	.0	4014536.0	14343350.0	.0	15627710.0	.0	15535550.0	.0	29588102.0	.0	14319616.0	.0	.0	12651514.0	.0	.0	
numberOfPoint-----------------	1	1	1	1	1	1	1	1	1	1	1	1	1	1	1	1	1	1	1	1	1	1	1	1	1	1	1	1	1	1	1	1	1	1	1	1	1	1	1	1	1	1	1	1	1	1	1	1	1	1	0	2	0	0	1	1	2	1	1	1	1	1	2	1	0	1	0	1	1	1	1	1	1	2	0	2	1	0	1	2	0	1	1	0	1	1	1	0	1	0	0	1	2	1	1	2	1	1	1	2	
standardDeviation-------------	.0	.0	.0	.0	.0	.0	.0	.0	.0	.0	.0	.0	.0	.0	.0	.0	.0	.0	.0	.0	.0	.0	.0	.0	.0	.0	.0	.0	.0	.0	.0	.0	.0	.0	.0	.0	.0	.0	.0	.0	.0	.0	.0	.0	.0	.0	.0	.0	.0	.0	.0	10.17	.0	.0	3.83	9.5	10.95	8.2	7.38	2.66	6.02	3.58	6.68	4.5	.0	7.69	.0	3.96	2.97	7.43	6.52	2.33	8.67	6.06	.0	10.82	7.17	.0	7.08	7.68	.0	12.98	9.49	.0	7.57	5.11	13.08	.0	7.02	.0	.0	3.22	10.9	3.58	6.59	8.52	5.86	6.41	7.37	8.5	
initialCoverageValue----------	360	360	360	360	360	360	360	360	360	360	360	360	360	360	360	360	360	360	360	360	360	360	331	360	360	360	360	360	360	360	360	360	360	360	360	360	360	360	360	360	360	360	360	360	360	360	360	360	360	360	360	360	360	360	360	360	360	360	360	360	360	360	360	360	360	360	357	360	360	360	360	360	360	360	360	360	360	360	360	360	360	360	360	360	360	360	360	360	360	360	360	360	360	360	360	360	360	351	360	360	
initialRedundantCoverageValue-	1980	1860	2160	3240	2280	2460	2340	2640	2820	2580	2640	2640	2220	2160	1980	2700	2040	1680	2040	2100	2100	2520	2189	2400	2460	2280	3060	2940	1920	2880	2040	1860	2760	2580	2040	2400	2760	2520	2100	2280	3300	2460	2340	2520	2580	3120	1920	2700	2280	2700	2100	2340	2340	2100	2640	2580	2040	2640	2280	2280	2460	2400	2340	2820	2700	1860	1803	2640	1920	3060	2460	2160	3180	2700	2100	2580	2340	2280	2460	2400	2160	2040	1920	1980	2280	2700	2580	2520	2880	3000	2220	2220	2520	2880	2760	3120	2940	2049	2340	2640	
additionalPoiTime-------------	280801.8
algorithmTime-----------------	4.071910476658E10
Total Transferred Metadata----	7595

Photo List Size: 677
Gained Coverage %-------------	0.66002947801663
Gained Redundancy %-----------	0.06869400505940468
Total Cluster Created---------	0
Total Transferred Photo-------	113811
Total Photo at Destination----	677
Coverage Group----------------	1-30	31-60	61-90	91-120	121-150	151-180	181-210	211-240	241-270	271-300	301-330	331-360	
Coverage Distribution---------	1	3	1	4	6	9	9	14	17	9	17	10	
Ratio Group-------------------	.0	.1	.2	.3	.4	.5	.6	.7	.8	.9	1.0	
Coverage Ratio----------------	1	0	4	0	9	9	13	17	14	19	14	
Redundant Ratio---------------	12	59	26	3	0	0	0	0	0	0	0	
NumberOfPoint Group-----------	0	1	2	
NumOfPoint Distribution-------	12	29	9	
SD Group----------------------	0-1	1-2	2-3	3-4	4-5	5-6	6-7	7-8	8-9	9-10	10-11	11-12	12-13	13-14	
SD Distribution---------------	62	0	3	5	1	2	6	9	4	2	4	0	1	1	
Half Coverage Group-----------	0-3162240	3162240-6324480	6324480-9486720	9486720-12648960	12648960-15811200	15811200-18973440	18973440-22135680	22135680-25297920	25297920-28460160	28460160-31622400	31622400-34784640	
Half Cvg Time Distribution----	9	21	0	14	23	2	5	0	0	2	0	
Transferred Photo Group-------	0-3162240	3162240-6324480	6324480-9486720	9486720-12648960	12648960-15811200	15811200-18973440	18973440-22135680	22135680-25297920	25297920-28460160	28460160-31622400	31622400-34784640	
Photo Time Distribution-------	37208	16474	13518	27467	34687	18104	13015	13015	8196	14745	0	

Cvg&Red Distribution----------	2.0	9486720.0	1.897344E7	2.846016E7	3162240.0	6324480.0	1.264896E7	2.529792E7	2.213568E7	1.58112E7	3.16224E7	
Average PhotoNum--------------	20.555066079295155	31.784140969162994	36.66079295154185	37.48898678414097	29.308370044052865	30.845814977973568	34.08370044052864	37.30396475770925	36.87665198237885	35.79295154185022	38.47136563876652	
Nodes Above Average-----------	118	147	201	209	123	138	175	207	203	193	216	
Nodes Below Average-----------	109	80	26	18	104	89	52	20	24	34	11	

Average Coverage--------------	1212.2511013215858	1844.0176211453745	2116.281938325991	2164.9735682819382	1705.9162995594713	1792.955947136564	1977.035242290749	2150.1629955947137	2126.281938325991	2069.9383259911892	2222.022026431718	
Nodes Above Average-----------	115	146	200	202	124	138	175	204	202	193	203	
Nodes Below Average-----------	112	81	27	25	103	89	52	23	25	34	24	
Photos Above Average----------	26	39	40	39	39	39	39	40	40	40	40	
Photos Below Average----------	14	17	11	17	17	17	14	13	11	11	25	
Network Coverage--------------	35959	35959	35959	35959	35959	35959	35959	35959	35959	35959	35959	

Average Redundancy------------	21.05286343612335	63.030837004405285	83.36563876651982	84.36563876651982	52.585903083700444	57.79295154185022	67.98678414096916	88.0748898678414	86.31718061674009	77.63876651982379	86.25991189427313	
Nodes Above Average-----------	78	92	107	107	92	92	105	110	111	99	102	
Nodes Below Average-----------	149	135	120	120	135	135	122	117	116	128	125	
Photos Above Average----------	25	39	39	39	38	38	39	39	39	39	39	
Photos Below Average----------	18	26	33	35	23	25	29	34	33	32	37	
Network Redundancy------------	244001	396941	463361	474641	363221	384161	428261	472121	466301	451541	488021	

