Message stats for scenario Photo_5000-Scenario_5-ActualPOI_50
sim_time: 31622400.0000

Photo List Size: 4642
coverageValue-----------------	291	299	252	222	203	246	223	262	268	325	202	308	251	213	248	214	279	275	325	311	240	285	265	266	294	302	275	212	167	233	280	184	188	252	281	310	270	161	328	240	171	326	120	334	228	276	206	334	301	271	163	225	287	272	193	174	186	269	169	112	203	200	151	311	187	206	120	241	132	295	204	258	223	211	263	276	290	220	180	123	338	214	241	155	219	230	297	215	238	212	191	135	274	94	304	182	244	282	180	136	
redundantCoverageValue--------	189	301	108	198	97	174	137	38	152	215	38	232	109	87	52	86	141	85	95	289	120	135	95	274	186	58	145	88	133	67	140	116	52	168	199	170	90	199	152	0	9	214	0	206	132	84	94	266	359	89	137	75	313	88	47	6	54	271	71	8	37	160	89	169	173	94	0	179	48	245	36	102	77	29	157	204	190	200	60	57	322	86	59	25	141	130	183	205	182	148	49	45	206	86	236	58	176	78	0	44	
halfCoverageTime--------------	16050772.0	11280768.0	11791580.0	14319488.0	29663320.0	17846478.0	13511480.0	20345820.0	16050766.0	14319523.0	20347952.0	12651425.0	14141279.0	15535574.0	20344786.0	11797922.0	16050755.0	13607026.0	12565394.0	11451294.0	16050790.0	4013760.0	14319426.0	12574274.0	11797912.0	14319558.0	20345832.0	19664410.0	.0	13225148.0	19708274.0	29663308.0	14141302.0	12651519.0	3951044.0	12566638.0	12567362.0	.0	12567368.0	20345772.0	.0	13203724.0	.0	4013588.0	15627716.0	19664482.0	16050784.0	14323155.0	12665010.0	12566021.0	.0	3951068.0	13278394.0	12566066.0	4293008.0	.0	17846442.0	4013754.0	.0	.0	13084909.0	12613392.0	.0	4014758.0	15535544.0	12651476.0	.0	12651482.0	.0	757808.0	29433812.0	490418.0	13084924.0	13267066.0	757825.0	12581046.0	4805100.0	13202206.0	15535562.0	.0	3949542.0	15627704.0	13287572.0	.0	490412.0	3951105.0	12566102.0	17846430.0	3949526.0	13511458.0	3949531.0	.0	3951062.0	.0	4014616.0	4293030.0	4299389.0	11797917.0	19708269.0	.0	
numberOfPoint-----------------	1	1	1	1	1	1	1	1	1	1	1	1	1	1	1	1	1	1	1	1	1	1	1	1	1	1	1	1	1	1	1	1	1	1	1	1	1	1	1	1	1	1	1	1	1	1	1	1	1	1	3	2	3	2	4	3	4	3	2	3	3	1	1	2	4	5	0	2	3	6	6	4	2	3	2	1	4	3	2	3	2	1	4	1	2	3	4	2	2	3	7	3	4	2	2	3	3	2	2	4	
standardDeviation-------------	.0	.0	.0	.0	.0	.0	.0	.0	.0	.0	.0	.0	.0	.0	.0	.0	.0	.0	.0	.0	.0	.0	.0	.0	.0	.0	.0	.0	.0	.0	.0	.0	.0	.0	.0	.0	.0	.0	.0	.0	.0	.0	.0	.0	.0	.0	.0	.0	.0	.0	8.74	5.89	8.12	7.5	6.16	7.46	7.38	7.93	7.6	9.14	6.67	4.34	4.32	6.97	8.37	7.42	.0	6.52	8.21	5.94	9.07	6.79	4.21	6.83	5.27	1.53	8.85	5.58	9.58	8.73	6.02	4.47	5.86	6.85	5.57	6.66	6.53	5.28	4.26	9.33	8.16	6.57	9.53	5.52	4.88	7.38	8.63	5.92	4.15	6.79	
initialCoverageValue----------	360	360	360	360	360	360	360	360	360	360	360	360	360	360	360	360	360	360	360	360	360	360	360	338	360	360	360	360	360	360	360	360	360	360	360	360	360	360	360	360	360	360	360	358	360	360	360	360	360	360	360	360	360	360	360	360	360	360	360	360	360	360	360	360	360	360	360	360	360	360	360	360	360	360	360	360	360	360	360	360	360	360	360	360	360	360	360	360	360	360	360	360	360	360	360	360	360	360	360	360	
initialRedundantCoverageValue-	2340	2580	2220	2100	2460	2820	2280	2040	2160	2400	2520	2580	2700	2580	2340	2400	2100	2340	2220	2520	2400	2220	2580	1762	2520	1980	2520	2640	2400	2100	2100	2520	1740	3120	2700	2280	2460	2400	2460	2280	3120	2580	2100	2042	2160	2700	1920	2400	2460	1980	2400	2640	1920	2520	2640	2580	2940	3240	2640	3240	2040	2580	2640	2220	2460	1980	1920	2640	2520	3060	2040	2580	2460	2160	2700	2460	2640	2880	2160	2880	3360	2160	2340	3120	2700	2100	2460	2700	2640	2340	2580	2940	2460	2040	2100	3180	2580	2400	2580	1740	
additionalPoiTime-------------	0.0
algorithmTime-----------------	7.94201091E7
Total Transferred Metadata----	15088

Photo List Size: 4642
Gained Coverage %-------------	0.6543806982432733
Gained Redundancy %-----------	0.05190399110544301
Total Cluster Created---------	51
Total Transferred Photo-------	1789
Total Photo at Destination----	606
Coverage Group----------------	1-30	31-60	61-90	91-120	121-150	151-180	181-210	211-240	241-270	271-300	301-330	331-360	
Coverage Distribution---------	0	0	0	4	4	10	14	19	16	19	11	3	
Ratio Group-------------------	.0	.1	.2	.3	.4	.5	.6	.7	.8	.9	1.0	
Coverage Ratio----------------	0	0	0	1	7	10	21	20	21	13	7	
Redundant Ratio---------------	4	88	8	0	0	0	0	0	0	0	0	
NumberOfPoint Group-----------	0	1	2	3	4	5	6	7	
NumOfPoint Distribution-------	1	5	16	15	9	1	2	1	
SD Group----------------------	0-1	1-2	2-3	3-4	4-5	5-6	6-7	7-8	8-9	9-10	
SD Distribution---------------	51	1	0	0	7	9	12	7	8	5	
Half Coverage Group-----------	0-3162240	3162240-6324480	6324480-9486720	9486720-12648960	12648960-15811200	15811200-18973440	18973440-22135680	22135680-25297920	25297920-28460160	28460160-31622400	31622400-34784640	
Half Cvg Time Distribution----	4	16	0	16	28	8	9	0	0	3	0	
Transferred Photo Group-------	0-3162240	3162240-6324480	6324480-9486720	9486720-12648960	12648960-15811200	15811200-18973440	18973440-22135680	22135680-25297920	25297920-28460160	28460160-31622400	31622400-34784640	
Photo Time Distribution-------	1661	697	177	1006	927	225	388	109	101	422	0	

Cvg&Red Distribution----------	2.0	9486720.0	1.897344E7	2.846016E7	3162240.0	6324480.0	1.264896E7	2.529792E7	2.213568E7	1.58112E7	3.16224E7	
Average PhotoNum--------------	20.555066079295155	21.02202643171806	21.568281938325992	21.792951541850222	20.687224669603523	20.889867841409693	21.383259911894275	21.75330396475771	21.643171806167402	21.550660792951543	21.969162995594715	
Nodes Above Average-----------	118	109	116	118	118	119	112	118	117	115	119	
Nodes Below Average-----------	109	118	111	109	109	108	115	109	110	112	108	

Average Coverage--------------	1212.691629955947	1240.15859030837	1271.308370044053	1284.5154185022027	1220.5638766519824	1232.2643171806167	1260.603524229075	1282.2863436123348	1275.5859030837005	1270.2070484581498	1294.7136563876652	
Nodes Above Average-----------	116	113	115	116	113	113	112	116	115	114	117	
Nodes Below Average-----------	111	114	112	111	114	114	115	111	112	113	110	
Photos Above Average----------	26	27	28	28	27	27	28	28	28	28	29	
Photos Below Average----------	14	14	14	14	14	14	14	14	14	14	14	
Network Coverage--------------	35976	35976	35976	35976	35976	35976	35976	35976	35976	35976	35976	

Average Redundancy------------	20.612334801762113	21.162995594713657	22.788546255506606	23.061674008810574	20.669603524229075	21.12775330396476	22.3920704845815	22.911894273127754	23.004405286343612	22.83259911894273	23.43612334801762	
Nodes Above Average-----------	81	82	85	86	81	82	83	86	85	84	87	
Nodes Below Average-----------	146	145	142	141	146	145	144	141	142	143	140	
Photos Above Average----------	24	25	26	26	25	25	26	26	26	26	26	
Photos Below Average----------	18	18	18	18	18	18	18	18	18	18	18	
Network Redundancy------------	243984	250344	257784	260844	245784	248544	255264	260304	258804	257544	263244	

