Message stats for scenario Photo_5000-Scenario_4-ActualPOI_50
sim_time: 31622400.0000

Photo List Size: 4642
coverageValue-----------------	245	199	124	230	137	306	213	246	120	277	266	245	316	316	294	192	223	346	212	262	282	275	213	268	335	344	207	277	288	296	288	287	293	254	255	208	249	144	298	203	60	252	264	302	217	342	297	266	360	239	266	200	269	290	244	236	226	205	120	224	212	212	151	266	160	260	201	207	181	237	295	210	192	203	211	209	185	223	173	255	196	233	244	200	212	264	246	200	182	248	100	315	164	205	120	306	158	151	212	278	
redundantCoverageValue--------	115	221	116	70	43	234	87	114	0	263	214	175	164	104	6	228	77	134	28	158	138	25	87	152	85	256	93	83	132	244	72	313	307	106	165	152	51	96	182	37	0	108	36	118	83	198	183	154	120	1	154	40	31	130	116	244	254	155	0	76	148	88	29	154	20	220	39	33	119	123	245	390	48	37	29	151	295	17	187	285	224	247	56	100	88	96	354	220	58	172	20	345	16	95	0	174	82	29	28	202	
halfCoverageTime--------------	20345820.0	29674082.0	.0	13511486.0	.0	13267038.0	20347964.0	19748300.0	.0	4014582.0	11797917.0	12567368.0	4292996.0	14319540.0	12613090.0	20344798.0	13267072.0	12574298.0	12574286.0	19748330.0	19708280.0	14319458.0	19664437.0	14323172.0	11280791.0	12567362.0	20345790.0	13287572.0	12581016.0	16050814.0	12613085.0	12566638.0	13203735.0	12651425.0	12565110.0	12566048.0	14319552.0	.0	12592212.0	20345808.0	.0	14319564.0	19698218.0	4023080.0	19748324.0	12574262.0	11280731.0	12565182.0	13227654.0	19748294.0	17846436.0	15535533.0	490400.0	490388.0	4799231.0	11280741.0	11127660.0	19664460.0	.0	3949520.0	17846424.0	14319432.0	.0	12566102.0	.0	11127724.0	12574274.0	490406.0	14323160.0	13203724.0	11127690.0	12567356.0	11127702.0	29435811.0	29433806.0	11127672.0	14141290.0	1083508.0	.0	12581052.0	12581040.0	147406.0	12566026.0	29431426.0	13202212.0	12651442.0	4014588.0	29426842.0	16050755.0	757836.0	.0	3949496.0	.0	29426825.0	.0	13377554.0	.0	.0	15535568.0	12665004.0	
numberOfPoint-----------------	1	1	1	1	1	1	1	1	1	1	1	1	1	1	1	1	1	1	1	1	1	1	1	1	1	1	1	1	1	1	1	1	1	1	1	1	1	1	1	1	1	1	1	1	1	1	1	1	1	1	5	1	2	3	6	3	3	4	4	3	3	1	6	5	3	2	2	4	4	2	2	5	6	2	5	1	3	4	5	3	2	1	2	3	2	3	3	3	6	6	4	5	2	5	4	3	4	3	2	4	
standardDeviation-------------	.0	.0	.0	.0	.0	.0	.0	.0	.0	.0	.0	.0	.0	.0	.0	.0	.0	.0	.0	.0	.0	.0	.0	.0	.0	.0	.0	.0	.0	.0	.0	.0	.0	.0	.0	.0	.0	.0	.0	.0	.0	.0	.0	.0	.0	.0	.0	.0	.0	.0	6.14	.64	7.65	6.19	6.61	7.02	7.79	9.57	6.04	7.49	6.61	2.21	6.57	8.61	9.47	6.48	9.53	7.41	6.38	6.85	7.49	8.17	6.82	8.72	7.77	2.4	5.19	5.6	7.17	7.02	4.45	1.24	4.91	8.75	8.07	7.44	5.92	7.9	7.15	6.63	8.33	7.43	6.46	8.48	4.67	7.43	7.53	6.0	4.9	8.03	
initialCoverageValue----------	360	360	360	360	360	360	360	360	360	360	360	360	360	360	360	360	360	360	360	360	360	360	360	360	360	360	360	360	360	360	360	360	360	360	360	360	360	360	360	360	360	360	360	360	360	360	360	360	360	360	360	360	360	360	360	360	360	360	360	360	360	360	360	360	360	360	360	360	360	360	360	360	360	360	360	351	360	360	360	360	360	360	360	360	360	360	360	360	360	360	360	360	360	352	360	360	360	357	360	360	
initialRedundantCoverageValue-	1800	2220	1800	2340	1920	2280	2820	1980	2100	3180	2820	2640	2820	3360	1860	2280	2220	2820	1560	2100	1920	2400	2520	2220	2100	2580	1980	1920	2640	2280	2520	2760	2280	2940	2400	1740	2340	2460	2460	2400	1680	1860	2400	2280	2400	2400	2400	2580	2820	2220	1980	2820	2640	3120	2700	2160	2340	2880	1980	2100	3060	2940	2640	2460	2700	2520	2100	2340	2700	2220	2580	2400	2280	2460	2100	2289	2520	2340	3300	3240	2640	2820	2400	2640	1980	2460	3300	2820	2220	2640	2100	2820	2220	1808	2700	2820	2760	2043	3360	3060	
additionalPoiTime-------------	1.1452813415E9
algorithmTime-----------------	8.44277412E7
Total Transferred Metadata----	15087

Photo List Size: 4642
Gained Coverage %-------------	0.6500555864369094
Gained Redundancy %-----------	0.05234918556110338
Total Cluster Created---------	51
Total Transferred Photo-------	1909
Total Photo at Destination----	605
Coverage Group----------------	1-30	31-60	61-90	91-120	121-150	151-180	181-210	211-240	241-270	271-300	301-330	331-360	
Coverage Distribution---------	0	1	0	4	3	6	20	18	22	15	6	5	
Ratio Group-------------------	.0	.1	.2	.3	.4	.5	.6	.7	.8	.9	1.0	
Coverage Ratio----------------	0	0	1	1	6	6	28	19	21	13	5	
Redundant Ratio---------------	4	86	10	0	0	0	0	0	0	0	0	
NumberOfPoint Group-----------	0	1	2	3	4	5	6	
NumOfPoint Distribution-------	0	4	11	14	9	7	5	
SD Group----------------------	0-1	1-2	2-3	3-4	4-5	5-6	6-7	7-8	8-9	9-10	
SD Distribution---------------	51	1	2	0	4	3	13	15	8	3	
Half Coverage Group-----------	0-3162240	3162240-6324480	6324480-9486720	9486720-12648960	12648960-15811200	15811200-18973440	18973440-22135680	22135680-25297920	25297920-28460160	28460160-31622400	31622400-34784640	
Half Cvg Time Distribution----	6	7	0	28	22	4	13	0	0	6	0	
Transferred Photo Group-------	0-3162240	3162240-6324480	6324480-9486720	9486720-12648960	12648960-15811200	15811200-18973440	18973440-22135680	22135680-25297920	25297920-28460160	28460160-31622400	31622400-34784640	
Photo Time Distribution-------	3666	877	374	1659	1931	331	482	335	201	529	0	

Cvg&Red Distribution----------	2.0	9486720.0	1.897344E7	2.846016E7	3162240.0	6324480.0	1.264896E7	2.529792E7	2.213568E7	1.58112E7	3.16224E7	
Average PhotoNum--------------	20.555066079295155	20.94713656387665	21.440528634361232	21.674008810572687	20.718061674008812	20.819383259911895	21.233480176211454	21.634361233480178	21.524229074889867	21.41850220264317	21.859030837004404	
Nodes Above Average-----------	118	120	115	115	119	119	112	115	114	114	117	
Nodes Below Average-----------	109	107	112	112	108	108	115	112	113	113	110	

Average Coverage--------------	1210.5594713656387	1232.7444933920706	1261.2907488986784	1275.3303964757708	1219.5066079295154	1225.6563876651983	1249.180616740088	1273.0396475770924	1266.2114537444934	1260.2334801762115	1284.876651982379	
Nodes Above Average-----------	115	116	114	112	117	116	116	112	112	113	115	
Nodes Below Average-----------	112	111	113	115	110	111	111	115	115	114	112	
Photos Above Average----------	26	27	28	29	26	27	28	28	28	28	29	
Photos Below Average----------	14	14	14	14	14	14	14	14	14	14	14	
Network Coverage--------------	35972	35972	35970	35970	35972	35972	35972	35970	35970	35970	35970	

Average Redundancy------------	22.744493392070485	24.083700440528634	25.140969162995596	25.110132158590307	23.577092511013216	23.506607929515418	24.82819383259912	25.02202643171806	25.24229074889868	24.876651982378856	26.665198237885463	
Nodes Above Average-----------	81	82	84	85	82	81	84	85	85	84	85	
Nodes Below Average-----------	146	145	143	142	145	146	143	142	142	143	142	
Photos Above Average----------	24	24	26	26	24	24	25	26	26	25	26	
Photos Below Average----------	18	18	18	18	18	18	18	18	18	18	18	
Network Redundancy------------	243988	249328	256050	259230	246208	247588	253228	258690	257190	255750	261750	

