Message stats for scenario S-1_Photo_5000-Scenario_8-ActualPOI_50
sim_time: 31622400.0000

Photo List Size: 359
coverageValue-----------------	194	318	226	217	0	258	246	172	265	178	253	136	122	259	160	231	216	314	267	160	83	238	248	291	222	229	128	166	220	308	287	309	120	292	235	173	338	206	164	180	225	120	154	214	334	217	142	168	135	233	161	0	120	137	120	0	186	109	0	180	0	60	120	237	146	75	60	120	0	60	180	146	180	120	180	180	120	133	60	60	167	60	60	120	60	0	233	113	120	120	71	121	60	120	180	60	120	120	204	103	
redundantCoverageValue--------	46	102	14	143	0	222	174	128	95	122	107	44	58	101	20	69	204	346	93	20	37	62	52	129	138	71	52	74	140	52	133	171	0	128	245	67	22	94	136	0	135	0	26	86	146	83	38	132	45	127	19	0	0	43	0	0	54	71	0	0	0	0	0	3	34	45	0	0	0	0	0	34	0	0	0	0	0	47	0	0	133	0	0	0	0	0	67	7	0	0	49	59	0	0	0	0	0	0	96	17	
halfCoverageTime--------------	4804346.0	4014576.0	14323166.0	19663973.0	.0	11528852.0	11528858.0	.0	4013576.0	.0	4013760.0	.0	.0	19664080.0	.0	28384880.0	19664676.0	1083502.0	4293002.0	.0	.0	19708274.0	11528873.0	3951074.0	19664448.0	19664404.0	.0	.0	14319712.0	19698224.0	4799226.0	4013600.0	.0	19664426.0	14319474.0	.0	4014611.0	20344798.0	.0	19664432.0	19663962.0	.0	.0	4014758.0	11528884.0	19663968.0	.0	.0	.0	11528908.0	.0	.0	.0	.0	.0	.0	19748306.0	.0	.0	19748312.0	.0	.0	.0	14319516.0	.0	.0	.0	.0	.0	.0	20345784.0	.0	4013713.0	.0	19748294.0	20345832.0	.0	.0	.0	.0	.0	.0	.0	.0	.0	.0	19664693.0	.0	.0	.0	.0	.0	.0	.0	19748336.0	.0	.0	.0	14319742.0	.0	
numberOfPoint-----------------	1	1	1	1	1	1	1	1	1	1	1	1	1	1	1	1	1	1	1	1	1	1	1	1	1	1	1	1	1	1	1	1	1	1	1	1	1	1	1	1	1	1	1	1	1	1	1	1	1	1	1	0	1	1	0	0	1	1	0	1	0	0	1	1	1	1	0	1	0	1	1	2	1	0	2	0	1	1	0	0	1	0	1	1	0	0	1	0	0	0	0	2	1	0	2	1	1	2	1	0	
standardDeviation-------------	.0	.0	.0	.0	.0	.0	.0	.0	.0	.0	.0	.0	.0	.0	.0	.0	.0	.0	.0	.0	.0	.0	.0	.0	.0	.0	.0	.0	.0	.0	.0	.0	.0	.0	.0	.0	.0	.0	.0	.0	.0	.0	.0	.0	.0	.0	.0	.0	.0	.0	2.1	.0	4.61	3.61	.0	.0	7.07	11.48	.0	2.94	.0	.0	1.12	4.2	3.01	7.29	.0	10.07	.0	10.45	2.28	5.97	4.39	.0	7.21	.0	7.67	2.8	.0	.0	2.33	.0	6.4	12.73	.0	.0	3.13	.0	.0	.0	.0	9.71	4.57	.0	5.54	10.7	1.52	11.7	3.51	.0	
initialCoverageValue----------	360	360	360	360	360	360	360	360	360	360	360	360	360	360	345	360	360	360	360	360	360	360	360	360	360	360	360	360	360	360	360	360	360	360	360	360	360	360	360	360	360	360	360	360	360	360	360	360	360	360	360	360	360	360	360	360	360	360	360	360	360	360	360	360	360	360	360	343	360	360	360	360	360	360	360	360	360	360	360	360	360	360	360	360	360	360	360	360	360	360	360	360	360	360	360	360	360	360	360	360	
initialRedundantCoverageValue-	1920	2700	2100	2760	2220	2820	2700	1860	2940	3060	2220	2160	2340	2580	1815	2460	2760	3780	1920	1620	2340	2880	2220	2040	3000	2460	2580	2400	2100	2400	2580	3000	2280	2520	2640	2220	2580	3000	3000	2160	2040	1920	1980	3060	2760	2160	2640	2400	2820	2280	2340	2460	2040	1980	3060	2280	3000	3000	2700	2640	2100	2340	1980	2160	2700	2160	2580	1277	2700	2520	2040	2220	2520	2460	2220	2460	2400	2340	2220	1980	2700	2280	2280	2520	1860	1920	2580	3420	2460	3240	1560	2400	1920	2520	2940	1800	2040	2100	2880	2520	
additionalPoiTime-------------	312002.0
algorithmTime-----------------	4.1775025572096E10
Total Transferred Metadata----	7606

Photo List Size: 359
Gained Coverage %-------------	0.44575733985765126
Gained Redundancy %-----------	0.022755069996529098
Total Cluster Created---------	0
Total Transferred Photo-------	115899
Total Photo at Destination----	359
Coverage Group----------------	1-30	31-60	61-90	91-120	121-150	151-180	181-210	211-240	241-270	271-300	301-330	331-360	
Coverage Distribution---------	7	10	3	17	10	18	4	15	7	3	4	2	
Ratio Group-------------------	.0	.1	.2	.3	.4	.5	.6	.7	.8	.9	1.0	
Coverage Ratio----------------	7	0	11	3	24	20	6	15	6	6	2	
Redundant Ratio---------------	38	62	0	0	0	0	0	0	0	0	0	
NumberOfPoint Group-----------	0	1	2	
NumOfPoint Distribution-------	21	24	5	
SD Group----------------------	0-1	1-2	2-3	3-4	4-5	5-6	6-7	7-8	8-9	9-10	10-11	11-12	12-13	
SD Distribution---------------	71	2	5	4	4	2	1	4	0	1	3	2	1	
Half Coverage Group-----------	0-3162240	3162240-6324480	6324480-9486720	9486720-12648960	12648960-15811200	15811200-18973440	18973440-22135680	22135680-25297920	25297920-28460160	28460160-31622400	31622400-34784640	
Half Cvg Time Distribution----	1	11	0	5	5	0	19	0	1	0	0	
Transferred Photo Group-------	0-3162240	3162240-6324480	6324480-9486720	9486720-12648960	12648960-15811200	15811200-18973440	18973440-22135680	22135680-25297920	25297920-28460160	28460160-31622400	31622400-34784640	
Photo Time Distribution-------	37849	16414	13516	28676	35294	18490	13130	13125	8101	14988	0	

Cvg&Red Distribution----------	2.0	9486720.0	1.897344E7	2.846016E7	3162240.0	6324480.0	1.264896E7	2.529792E7	2.213568E7	1.58112E7	3.16224E7	
Average PhotoNum--------------	20.605263157894736	31.79385964912281	36.666666666666664	37.49561403508772	29.346491228070175	30.88157894736842	34.0921052631579	37.30701754385965	36.8859649122807	35.80701754385965	38.469298245614034	
Nodes Above Average-----------	119	148	202	210	124	139	176	208	204	194	217	
Nodes Below Average-----------	109	80	26	18	104	89	52	20	24	34	11	

Average Coverage--------------	1216.5701754385964	1844.8947368421052	2115.907894736842	2166.9210526315787	1705.7587719298247	1792.188596491228	1973.9868421052631	2156.0789473684213	2128.2631578947367	2070.1710526315787	2217.1315789473683	
Nodes Above Average-----------	117	149	202	209	123	141	176	204	204	194	197	
Nodes Below Average-----------	111	79	26	19	105	87	52	24	24	34	31	
Photos Above Average----------	26	39	39	39	39	39	39	39	40	40	39	
Photos Below Average----------	14	17	10	10	17	16	14	14	10	11	28	
Network Coverage--------------	35948	35948	35948	35948	35948	35948	35948	35948	35948	35948	35948	

Average Redundancy------------	19.74561403508772	62.73684210526316	84.09210526315789	82.8157894736842	55.030701754385966	60.70614035087719	71.53947368421052	82.34210526315789	84.89473684210526	78.25	91.02631578947368	
Nodes Above Average-----------	89	98	99	110	93	97	99	103	103	98	109	
Nodes Below Average-----------	139	130	129	118	135	131	129	125	125	130	119	
Photos Above Average----------	23	38	39	39	37	38	39	39	39	39	39	
Photos Below Average----------	18	26	34	35	23	25	29	35	34	32	37	
Network Redundancy------------	245932	398992	465652	476992	365512	386512	430432	474412	468652	453892	490312	

