Message stats for scenario S-1_Photo_5000-Scenario_6-ActualPOI_50
sim_time: 31622400.0000

Photo List Size: 303
coverageValue-----------------	180	60	137	173	149	149	243	209	120	204	120	139	130	251	147	60	180	282	204	136	60	97	221	231	60	240	137	127	60	154	60	114	226	180	163	60	205	135	285	120	180	0	132	180	60	244	0	351	0	120	124	206	120	180	120	181	203	120	272	204	120	0	120	129	237	208	180	175	120	120	60	112	226	246	0	149	213	120	0	97	60	120	237	60	191	0	194	120	156	137	60	120	60	99	274	60	120	191	154	60	
redundantCoverageValue--------	0	0	103	67	31	91	57	31	0	36	0	41	110	169	33	0	0	138	36	44	0	83	139	9	0	0	103	53	0	206	0	6	74	0	77	0	95	45	195	0	0	0	108	0	0	56	0	189	0	0	56	34	0	0	0	59	37	60	88	156	0	0	0	51	183	92	0	5	0	0	0	8	74	54	0	31	27	0	0	23	0	0	3	0	49	0	106	0	84	43	0	0	0	21	26	0	0	49	26	0	
halfCoverageTime--------------	19748318.0	.0	.0	.0	.0	.0	4013766.0	20344810.0	.0	17846492.0	.0	.0	.0	14319538.0	.0	.0	19698218.0	3949531.0	20344780.0	.0	.0	.0	19664460.0	14319592.0	.0	15535538.0	.0	.0	.0	.0	.0	.0	5227438.0	20344786.0	.0	.0	19667092.0	.0	4014558.0	.0	4013594.0	.0	.0	29186212.0	.0	4804358.0	.0	4014752.0	.0	.0	.0	19664454.0	.0	15535544.0	.0	19748312.0	20345802.0	.0	4013702.0	19664442.0	.0	.0	.0	.0	15535568.0	17846486.0	.0	.0	.0	.0	.0	.0	19664693.0	14319496.0	.0	.0	4014564.0	.0	.0	.0	.0	.0	19664676.0	.0	15535533.0	.0	28384886.0	.0	.0	.0	.0	.0	.0	.0	4014548.0	.0	.0	14319622.0	.0	.0	
numberOfPoint-----------------	1	1	1	1	1	1	1	1	1	1	1	1	1	1	1	1	1	1	1	1	1	1	1	1	1	1	1	1	1	1	1	1	1	1	1	1	1	1	1	1	1	1	1	1	1	1	1	1	1	1	1	1	1	1	0	2	1	0	2	2	1	0	0	1	1	1	1	0	2	1	0	1	2	2	0	1	2	0	0	1	0	1	2	0	0	0	1	0	1	1	1	0	0	1	2	0	1	1	1	1	
standardDeviation-------------	.0	.0	.0	.0	.0	.0	.0	.0	.0	.0	.0	.0	.0	.0	.0	.0	.0	.0	.0	.0	.0	.0	.0	.0	.0	.0	.0	.0	.0	.0	.0	.0	.0	.0	.0	.0	.0	.0	.0	.0	.0	.0	.0	.0	.0	.0	.0	.0	.0	.0	10.11	6.17	8.17	4.12	.0	5.44	3.55	.0	6.98	6.14	3.76	.0	.0	4.02	4.75	11.81	12.46	.0	10.46	8.1	.0	5.01	8.97	6.56	.0	2.91	9.29	.0	.0	.67	.0	2.38	10.07	.0	.0	.0	12.46	.0	4.69	1.57	1.91	.0	.0	9.82	5.99	.0	4.37	6.49	9.66	13.78	
initialCoverageValue----------	360	360	360	360	360	360	360	360	360	360	360	360	360	360	360	360	360	360	360	360	360	360	360	360	360	360	360	360	360	360	360	360	360	360	360	360	360	360	360	360	360	360	360	360	360	360	360	360	360	360	360	360	360	360	360	360	360	360	360	360	360	360	360	360	360	360	360	360	360	360	360	360	360	360	360	360	360	360	360	360	360	360	360	360	360	360	360	360	360	360	360	360	360	360	360	360	360	360	360	360	
initialRedundantCoverageValue-	2160	2460	2760	2400	2160	2280	2820	2640	1980	2940	2520	3480	2040	2400	2100	2040	2340	2700	2280	2640	1680	2040	2820	2400	2220	2700	2400	2040	1860	2760	1680	1920	2160	2100	2820	1800	3180	3000	1980	2760	2220	2460	2580	2520	2820	2460	2580	2640	2520	2400	2220	3060	2160	2820	2160	2640	2280	2160	2940	2340	2940	3300	2400	2700	2100	2400	2700	2160	2520	2400	1920	2820	2280	2940	2520	2340	2340	2340	2160	2760	2040	1920	2760	2040	2460	2580	2520	2160	2160	2460	2160	2640	1680	2940	2580	2520	1920	2700	2340	2460	
additionalPoiTime-------------	0.0
algorithmTime-----------------	2.82049808E7
Total Transferred Metadata----	8022

Photo List Size: 303
Gained Coverage %-------------	0.3975
Gained Redundancy %-----------	0.015957446808510637
Total Cluster Created---------	0
Total Transferred Photo-------	3531
Total Photo at Destination----	303
Coverage Group----------------	1-30	31-60	61-90	91-120	121-150	151-180	181-210	211-240	241-270	271-300	301-330	331-360	
Coverage Distribution---------	7	15	0	21	15	13	12	8	4	4	0	1	
Ratio Group-------------------	.0	.1	.2	.3	.4	.5	.6	.7	.8	.9	1.0	
Coverage Ratio----------------	7	0	15	3	29	17	13	11	4	0	1	
Redundant Ratio---------------	45	55	0	0	0	0	0	0	0	0	0	
NumberOfPoint Group-----------	0	1	2	
NumOfPoint Distribution-------	17	24	9	
SD Group----------------------	0-1	1-2	2-3	3-4	4-5	5-6	6-7	7-8	8-9	9-10	10-11	11-12	12-13	13-14	
SD Distribution---------------	68	2	2	2	5	3	5	0	3	3	3	1	2	1	
Half Coverage Group-----------	0-3162240	3162240-6324480	6324480-9486720	9486720-12648960	12648960-15811200	15811200-18973440	18973440-22135680	22135680-25297920	25297920-28460160	28460160-31622400	31622400-34784640	
Half Cvg Time Distribution----	0	10	0	0	8	2	13	0	1	1	0	
Transferred Photo Group-------	0-3162240	3162240-6324480	6324480-9486720	9486720-12648960	12648960-15811200	15811200-18973440	18973440-22135680	22135680-25297920	25297920-28460160	28460160-31622400	31622400-34784640	
Photo Time Distribution-------	1074	1582	464	694	733	813	1356	520	192	766	0	

Cvg&Red Distribution----------	2.0	9486720.0	1.897344E7	2.846016E7	3162240.0	6324480.0	1.264896E7	2.529792E7	2.213568E7	1.58112E7	3.16224E7	
Average PhotoNum--------------	20.605263157894736	21.68859649122807	22.20175438596491	22.86842105263158	21.05701754385965	21.649122807017545	21.94736842105263	22.82894736842105	22.714912280701753	22.06578947368421	22.912280701754387	
Nodes Above Average-----------	119	115	110	117	113	115	116	117	116	109	117	
Nodes Below Average-----------	109	113	118	111	115	113	112	111	112	119	111	

Average Coverage--------------	1214.6447368421052	1276.171052631579	1306.0219298245613	1344.6184210526317	1239.1666666666667	1273.8026315789473	1290.6929824561403	1342.438596491228	1336.342105263158	1297.798245614035	1347.25	
Nodes Above Average-----------	119	114	116	116	119	114	114	116	116	115	116	
Nodes Below Average-----------	109	114	112	112	109	114	114	112	112	113	112	
Photos Above Average----------	26	28	29	30	27	28	29	30	30	29	30	
Photos Below Average----------	14	14	14	14	14	14	14	14	14	14	14	
Network Coverage--------------	36000	36000	36000	36000	36000	36000	36000	36000	36000	36000	36000	

Average Redundancy------------	21.67105263157895	25.144736842105264	26.083333333333332	27.486842105263158	24.25438596491228	25.144736842105264	26.149122807017545	27.29824561403509	26.55263157894737	26.149122807017545	27.486842105263158	
Nodes Above Average-----------	85	88	88	90	88	88	89	89	89	89	90	
Nodes Below Average-----------	143	140	140	138	140	140	139	139	139	139	138	
Photos Above Average----------	24	26	27	28	25	26	26	28	27	26	28	
Photos Below Average----------	18	18	19	19	18	18	18	19	19	18	19	
Network Redundancy------------	245880	260700	267720	276840	252060	260160	264240	276300	274740	265860	277440	

