Message stats for scenario S-1_Photo_5000-Scenario_4-ActualPOI_50
sim_time: 31622400.0000

Photo List Size: 4599
coverageValue-----------------	120	95	120	71	120	120	169	0	227	180	120	120	106	160	0	60	187	121	122	60	60	68	156	210	215	161	102	247	120	116	177	100	124	162	242	129	64	60	240	254	120	60	159	176	180	193	136	180	60	157	183	120	181	60	265	170	273	170	131	325	117	233	60	120	240	180	135	280	120	60	248	218	169	60	282	120	180	250	126	210	125	228	120	192	164	240	199	165	99	120	172	170	179	283	172	234	177	266	229	120	
redundantCoverageValue--------	0	25	0	49	0	0	11	0	13	0	0	0	14	20	0	0	53	59	58	0	0	52	24	90	25	19	18	53	0	4	3	20	56	78	58	51	56	0	0	106	0	0	21	4	0	47	44	0	0	23	177	0	59	0	35	70	27	10	109	215	3	67	0	0	0	0	45	80	0	0	52	22	71	0	138	0	0	230	54	90	55	132	0	108	76	120	41	15	81	0	68	10	1	17	8	6	3	34	11	0	
halfCoverageTime--------------	.0	.0	.0	.0	.0	.0	.0	.0	19748294.0	20344786.0	.0	.0	.0	.0	.0	.0	19748318.0	.0	.0	.0	.0	.0	.0	19667098.0	20344774.0	.0	.0	14319410.0	.0	.0	.0	.0	.0	.0	19708280.0	.0	.0	.0	4804358.0	17846466.0	.0	.0	.0	.0	19667092.0	19748324.0	.0	19663962.0	.0	.0	20347964.0	.0	29186218.0	.0	19664086.0	.0	17846430.0	.0	.0	14319508.0	.0	14319586.0	.0	.0	14319444.0	15535568.0	.0	14323160.0	.0	.0	11797928.0	17846484.0	.0	.0	4293019.0	.0	14319580.0	4014576.0	.0	757914.0	.0	19664092.0	.0	14319416.0	.0	19664682.0	4799226.0	.0	.0	.0	.0	.0	.0	19667110.0	.0	19664404.0	.0	3949542.0	14319421.0	.0	
numberOfPoint-----------------	1	1	1	1	1	1	1	1	1	1	1	1	1	1	1	1	1	1	1	1	1	1	1	1	1	1	1	1	1	1	1	1	1	1	1	1	1	1	1	1	1	1	1	1	1	1	1	1	1	1	4	3	5	3	2	2	1	4	3	1	2	5	3	3	2	4	3	3	3	3	2	2	3	3	5	2	2	3	1	3	3	4	3	3	4	5	3	3	1	3	5	2	2	2	4	4	2	5	2	3	
standardDeviation-------------	.0	.0	.0	.0	.0	.0	.0	.0	.0	.0	.0	.0	.0	.0	.0	.0	.0	.0	.0	.0	.0	.0	.0	.0	.0	.0	.0	.0	.0	.0	.0	.0	.0	.0	.0	.0	.0	.0	.0	.0	.0	.0	.0	.0	.0	.0	.0	.0	.0	.0	5.7	7.15	11.21	5.32	5.94	4.4	1.1	9.43	9.25	7.58	8.93	7.8	6.85	4.21	6.21	5.94	8.08	7.06	6.26	9.06	5.6	7.67	6.22	9.21	9.02	2.56	5.28	8.66	1.97	5.19	11.28	6.74	7.06	6.09	7.75	9.87	6.29	8.86	2.19	9.23	4.92	12.69	7.25	6.91	8.89	8.78	5.68	7.24	6.03	9.44	
initialCoverageValue----------	360	360	360	360	360	360	360	360	360	360	360	360	360	360	360	360	360	360	360	360	360	360	360	360	360	360	360	360	360	360	360	360	360	360	360	360	360	360	360	360	360	360	360	360	360	360	360	360	360	360	360	360	360	360	360	360	360	360	360	360	360	360	360	360	360	360	360	360	360	360	360	360	360	360	360	360	360	360	360	360	360	360	360	360	360	360	360	360	360	360	360	360	360	360	360	360	360	360	360	360	
initialRedundantCoverageValue-	1680	2340	2700	2340	2040	2940	2160	2880	2520	3180	2940	1980	2400	2400	1800	2160	1980	2520	2700	2100	2580	3180	1980	2640	2520	2340	2340	2220	3300	2280	2520	2820	2340	2820	2100	2640	2700	2580	2760	2340	2700	2040	2580	2340	2220	2820	2280	2340	2100	2880	2940	1560	2340	1980	3420	2640	2760	2760	2100	2700	2160	2280	2400	2220	2220	2820	2160	2160	2400	2220	2700	2520	2400	2280	3060	2700	2220	2640	2460	2580	2160	2880	3060	2460	2100	2880	2640	2100	1980	2640	2640	2460	2220	1980	2400	2160	2460	2940	2580	2100	
additionalPoiTime-------------	1.0288421951E9
algorithmTime-----------------	8.67053558E7
Total Transferred Metadata----	15226

Photo List Size: 4599
Gained Coverage %-------------	0.4346111111111111
Gained Redundancy %-----------	0.014220594220594221
Total Cluster Created---------	50
Total Transferred Photo-------	1137
Total Photo at Destination----	320
Coverage Group----------------	1-30	31-60	61-90	91-120	121-150	151-180	181-210	211-240	241-270	271-300	301-330	331-360	
Coverage Distribution---------	2	10	3	22	9	24	8	10	7	4	1	0	
Ratio Group-------------------	.0	.1	.2	.3	.4	.5	.6	.7	.8	.9	1.0	
Coverage Ratio----------------	2	0	13	5	26	24	9	13	7	0	1	
Redundant Ratio---------------	34	66	0	0	0	0	0	0	0	0	0	
NumberOfPoint Group-----------	0	1	2	3	4	5	
NumOfPoint Distribution-------	0	4	13	20	7	6	
SD Group----------------------	0-1	1-2	2-3	3-4	4-5	5-6	6-7	7-8	8-9	9-10	10-11	11-12	12-13	
SD Distribution---------------	50	2	2	0	3	8	9	9	6	8	0	2	1	
Half Coverage Group-----------	0-3162240	3162240-6324480	6324480-9486720	9486720-12648960	12648960-15811200	15811200-18973440	18973440-22135680	22135680-25297920	25297920-28460160	28460160-31622400	31622400-34784640	
Half Cvg Time Distribution----	1	5	0	1	9	3	15	0	0	1	0	
Transferred Photo Group-------	0-3162240	3162240-6324480	6324480-9486720	9486720-12648960	12648960-15811200	15811200-18973440	18973440-22135680	22135680-25297920	25297920-28460160	28460160-31622400	31622400-34784640	
Photo Time Distribution-------	2031	902	93	626	358	291	369	244	220	188	0	

Cvg&Red Distribution----------	2.0	9486720.0	1.897344E7	2.846016E7	3162240.0	6324480.0	1.264896E7	2.529792E7	2.213568E7	1.58112E7	3.16224E7	
Average PhotoNum--------------	20.605263157894736	20.837719298245613	21.039473684210527	21.210526315789473	20.57894736842105	20.75877192982456	20.99561403508772	21.17982456140351	21.100877192982455	20.916666666666668	21.25438596491228	
Nodes Above Average-----------	119	121	111	111	119	120	121	111	110	121	111	
Nodes Below Average-----------	109	107	117	117	109	108	107	117	118	107	117	

Average Coverage--------------	1210.157894736842	1223.4736842105262	1235.390350877193	1244.407894736842	1208.578947368421	1218.530701754386	1232.671052631579	1242.7938596491229	1238.5043859649122	1227.9473684210527	1246.8070175438597	
Nodes Above Average-----------	116	115	115	116	116	116	114	116	115	115	116	
Nodes Below Average-----------	112	113	113	112	112	112	114	112	113	113	112	
Photos Above Average----------	26	27	27	27	26	26	27	27	27	27	28	
Photos Below Average----------	14	14	14	14	14	14	14	14	14	14	14	
Network Coverage--------------	35998	35998	35998	35998	35998	35998	35998	35998	35998	35998	35998	

Average Redundancy------------	26.157894736842106	26.789473684210527	26.978070175438596	28.223684210526315	26.157894736842106	26.99561403508772	27.06578947368421	27.99561403508772	27.54824561403509	27.05263157894737	28.45614035087719	
Nodes Above Average-----------	95	94	96	94	95	95	92	94	93	92	95	
Nodes Below Average-----------	133	134	132	134	133	133	136	134	135	136	133	
Photos Above Average----------	23	23	24	25	23	23	24	25	25	24	25	
Photos Below Average----------	18	18	18	18	18	18	18	18	18	18	18	
Network Redundancy------------	245882	249062	251822	254162	245522	247982	251222	253742	252662	250142	254762	

