Message stats for scenario S-1_Photo_5000-Scenario_7-ActualPOI_50
sim_time: 31622400.0000

Photo List Size: 4599
coverageValue-----------------	163	141	0	60	60	0	118	261	180	205	153	209	120	109	120	120	180	180	138	131	120	120	60	170	80	250	92	60	240	0	180	86	60	60	186	60	214	180	71	60	60	120	145	0	120	154	180	60	76	130	170	60	180	210	60	68	272	144	120	188	60	138	191	287	195	0	196	324	152	93	98	172	121	89	197	211	111	79	303	92	126	60	152	202	201	218	273	221	150	120	133	235	202	240	129	221	146	91	120	137	
redundantCoverageValue--------	17	39	0	0	0	0	122	99	0	155	27	151	0	71	0	0	0	0	102	49	0	0	0	70	40	110	28	0	0	0	0	34	0	0	54	0	26	0	49	0	0	0	35	0	0	26	0	0	44	50	70	0	0	150	0	52	28	156	0	112	0	42	109	73	105	0	44	156	28	27	22	128	59	31	163	29	69	41	297	88	54	0	28	38	159	22	87	79	90	0	167	245	98	0	51	79	154	29	0	103	
halfCoverageTime--------------	.0	.0	.0	.0	.0	.0	.0	19698224.0	19748300.0	19664476.0	.0	28384880.0	.0	.0	.0	.0	19698229.0	11797928.0	.0	.0	.0	.0	.0	.0	.0	14319474.0	.0	.0	19748318.0	.0	14319480.0	.0	.0	.0	20345808.0	.0	28384886.0	19664086.0	.0	.0	.0	.0	.0	.0	.0	.0	20345854.0	.0	.0	.0	.0	.0	20345860.0	4293030.0	.0	.0	14319450.0	.0	.0	19664442.0	.0	.0	14343350.0	4014628.0	20344774.0	.0	4013702.0	4013618.0	.0	.0	.0	.0	.0	.0	20345820.0	20345832.0	.0	.0	757808.0	.0	.0	.0	.0	19664465.0	14319586.0	5227438.0	4014536.0	19664454.0	.0	.0	.0	4013754.0	14343060.0	14343362.0	.0	3951068.0	.0	.0	.0	.0	
numberOfPoint-----------------	1	1	1	1	1	1	1	1	1	1	1	1	1	1	1	1	1	1	1	1	1	1	1	1	1	1	1	1	1	1	1	1	1	1	1	1	1	1	1	1	1	1	1	1	1	1	1	1	1	1	4	4	1	4	2	1	5	0	4	2	5	2	5	2	1	3	2	1	1	3	2	4	2	1	3	4	2	4	3	4	4	2	8	3	2	4	5	4	4	3	3	2	1	1	3	2	3	2	4	4	
standardDeviation-------------	.0	.0	.0	.0	.0	.0	.0	.0	.0	.0	.0	.0	.0	.0	.0	.0	.0	.0	.0	.0	.0	.0	.0	.0	.0	.0	.0	.0	.0	.0	.0	.0	.0	.0	.0	.0	.0	.0	.0	.0	.0	.0	.0	.0	.0	.0	.0	.0	.0	.0	5.9	7.59	4.53	5.03	7.94	2.94	7.14	.0	6.44	8.81	7.97	4.6	8.17	11.93	6.58	10.72	7.57	3.61	.63	7.32	5.52	6.9	5.23	4.07	7.54	7.31	9.4	7.84	7.22	6.88	9.86	6.36	5.61	7.34	8.04	7.78	8.58	4.77	8.27	5.76	5.89	7.08	4.75	1.2	5.96	7.08	4.85	4.73	5.96	8.35	
initialCoverageValue----------	360	360	360	360	360	360	360	360	360	360	360	360	360	360	360	360	360	360	360	360	355	360	360	360	360	360	360	360	360	360	360	360	360	360	360	360	360	360	360	360	360	360	360	360	360	360	360	360	360	360	360	360	360	360	360	360	360	360	360	360	360	360	360	360	360	360	360	360	360	360	360	360	360	360	360	360	360	360	360	360	360	360	360	360	360	360	360	360	360	360	360	360	360	360	360	360	360	360	360	360	
initialRedundantCoverageValue-	2100	3000	2040	1920	3300	2100	3000	2340	2700	3180	2400	2340	3180	2220	2220	2040	2160	2040	2760	2580	1985	2460	2100	2820	3360	2760	1680	2940	2820	1980	2460	3180	2460	1920	2220	2520	2100	2460	2820	2340	2160	2340	2580	2460	2160	3120	2760	2400	2700	2340	2760	1740	1860	2400	2940	2880	2160	2460	2040	2640	2160	2040	2700	1980	3000	2340	2640	2880	2700	2580	1860	2280	2160	2820	2400	2340	1980	2280	2400	2280	2460	1560	2640	2640	2880	3000	2700	2340	2220	2340	2520	2580	2280	2160	2880	2880	2220	2100	2640	1860	
additionalPoiTime-------------	1.004802441E9
algorithmTime-----------------	8.78129629E7
Total Transferred Metadata----	15226

Photo List Size: 4599
Gained Coverage %-------------	0.3889429087373246
Gained Redundancy %-----------	0.020275932549821154
Total Cluster Created---------	50
Total Transferred Photo-------	1142
Total Photo at Destination----	317
Coverage Group----------------	1-30	31-60	61-90	91-120	121-150	151-180	181-210	211-240	241-270	271-300	301-330	331-360	
Coverage Distribution---------	5	14	7	18	14	15	12	8	2	3	2	0	
Ratio Group-------------------	.0	.1	.2	.3	.4	.5	.6	.7	.8	.9	1.0	
Coverage Ratio----------------	5	0	16	10	24	18	14	7	4	2	0	
Redundant Ratio---------------	38	61	1	0	0	0	0	0	0	0	0	
NumberOfPoint Group-----------	0	1	2	3	4	5	6	7	8	
NumOfPoint Distribution-------	1	8	13	9	14	4	0	0	1	
SD Group----------------------	0-1	1-2	2-3	3-4	4-5	5-6	6-7	7-8	8-9	9-10	10-11	11-12	
SD Distribution---------------	52	1	1	1	7	9	5	14	6	2	1	1	
Half Coverage Group-----------	0-3162240	3162240-6324480	6324480-9486720	9486720-12648960	12648960-15811200	15811200-18973440	18973440-22135680	22135680-25297920	25297920-28460160	28460160-31622400	31622400-34784640	
Half Cvg Time Distribution----	1	8	0	1	7	0	15	0	2	0	0	
Transferred Photo Group-------	0-3162240	3162240-6324480	6324480-9486720	9486720-12648960	12648960-15811200	15811200-18973440	18973440-22135680	22135680-25297920	25297920-28460160	28460160-31622400	31622400-34784640	
Photo Time Distribution-------	1503	936	85	662	415	335	447	267	213	209	0	

Cvg&Red Distribution----------	2.0	9486720.0	1.897344E7	2.846016E7	3162240.0	6324480.0	1.264896E7	2.529792E7	2.213568E7	1.58112E7	3.16224E7	
Average PhotoNum--------------	20.605263157894736	20.79824561403509	21.05263157894737	21.219298245614034	20.57017543859649	20.732456140350877	20.95175438596491	21.18859649122807	21.114035087719298	20.916666666666668	21.25438596491228	
Nodes Above Average-----------	119	122	112	114	120	121	122	114	113	122	114	
Nodes Below Average-----------	109	106	116	114	108	107	106	114	115	106	114	

Average Coverage--------------	1216.9736842105262	1226.8991228070176	1241.0350877192982	1250.8552631578948	1214.421052631579	1222.951754385965	1235.298245614035	1249.25	1244.907894736842	1233.342105263158	1253.0394736842106	
Nodes Above Average-----------	119	122	121	122	120	121	120	122	121	122	122	
Nodes Below Average-----------	109	106	107	106	108	107	108	106	107	106	106	
Photos Above Average----------	26	26	27	27	26	26	27	27	27	27	27	
Photos Below Average----------	14	13	13	13	13	13	13	13	13	13	13	
Network Coverage--------------	35992	35991	35991	35991	35992	35992	35991	35991	35991	35991	35991	

Average Redundancy------------	19.342105263157894	20.99561403508772	22.12280701754386	22.30263157894737	19.789473684210527	20.99561403508772	21.80701754385965	22.06578947368421	21.93421052631579	21.657894736842106	22.223684210526315	
Nodes Above Average-----------	76	77	78	80	77	77	78	79	79	78	80	
Nodes Below Average-----------	152	151	150	148	151	151	150	149	149	150	148	
Photos Above Average----------	24	24	25	26	24	24	25	25	25	25	26	
Photos Below Average----------	18	18	18	18	18	18	18	18	18	18	18	
Network Redundancy------------	245888	248529	252009	254289	245408	247628	250629	253869	252849	250149	254769	

