Message stats for scenario S-3_Photo_5000-Scenario_8-ActualPOI_50
sim_time: 31622400.0000

Photo List Size: 1064
coverageValue-----------------	354	268	337	290	317	345	360	344	225	359	269	311	342	343	303	316	282	360	360	236	341	360	308	358	284	340	315	325	348	357	339	344	360	358	305	318	360	265	350	320	340	351	354	321	287	330	324	355	357	360	211	151	163	167	181	120	335	295	180	309	333	117	176	235	223	329	259	209	336	305	224	235	147	201	342	279	200	258	261	162	320	264	276	60	60	189	249	120	205	174	331	120	291	323	321	323	215	135	299	278	
redundantCoverageValue--------	666	272	503	550	403	555	840	556	135	661	451	289	978	557	417	764	438	1080	780	244	559	960	652	422	436	440	465	755	432	843	441	676	720	602	355	522	780	275	670	400	560	489	726	399	433	330	636	545	603	540	89	89	197	13	59	0	205	245	60	291	267	3	64	65	137	271	221	91	204	235	136	65	33	219	138	141	280	222	99	138	280	216	204	0	0	51	51	0	95	186	389	0	129	157	279	97	85	105	421	142	
halfCoverageTime--------------	757938.0	757885.0	147354.0	12592196.0	13061678.0	4205545.0	757830.0	1440186.0	16050778.0	757950.0	4013865.0	4205567.0	2646728.0	1953110.0	11280751.0	1953081.0	12566016.0	142018.0	757862.0	12613392.0	4205637.0	757962.0	3951044.0	12854532.0	9971182.0	3719490.0	1083514.0	1968384.0	382420.0	3949520.0	1968318.0	1953036.0	490388.0	1261478.0	3719561.0	2026144.0	4013848.0	11974256.0	2646734.0	4013730.0	11974284.0	1494312.0	4205692.0	1953066.0	3950226.0	757880.0	4205556.0	3951056.0	1500282.0	757808.0	12854621.0	.0	.0	.0	15627704.0	.0	12566066.0	12651540.0	4014558.0	12566036.0	4014606.0	.0	.0	19664465.0	.0	14343350.0	12651524.0	18547312.0	14319522.0	12651470.0	29431426.0	12651482.0	.0	14319552.0	12565394.0	1261472.0	15430128.0	13267038.0	13201562.0	.0	1500270.0	4014752.0	11280780.0	.0	.0	15635024.0	15634988.0	.0	.0	.0	11974268.0	.0	12651425.0	12651514.0	1968369.0	4014564.0	29186206.0	.0	4205605.0	6258818.0	
numberOfPoint-----------------	1	1	1	1	1	1	1	1	1	1	1	1	1	1	1	1	1	1	1	1	1	1	1	1	1	1	1	1	1	1	1	1	1	1	1	1	1	1	1	1	1	1	1	1	1	1	1	1	1	1	1	2	2	0	1	0	2	1	1	2	3	1	1	2	0	1	1	2	3	1	2	2	1	2	1	1	3	2	1	1	1	1	1	1	0	0	1	0	0	1	3	1	1	1	2	1	1	1	2	1	
standardDeviation-------------	.0	.0	.0	.0	.0	.0	.0	.0	.0	.0	.0	.0	.0	.0	.0	.0	.0	.0	.0	.0	.0	.0	.0	.0	.0	.0	.0	.0	.0	.0	.0	.0	.0	.0	.0	.0	.0	.0	.0	.0	.0	.0	.0	.0	.0	.0	.0	.0	.0	.0	4.85	8.04	12.29	.0	3.21	.0	5.18	3.04	7.43	5.72	8.9	7.57	8.54	10.55	.0	6.93	8.01	7.39	6.17	2.85	8.0	6.74	11.26	5.75	2.34	2.84	10.5	7.31	2.88	3.86	2.58	5.36	.32	9.08	.0	.0	2.82	.0	.0	7.02	9.85	3.51	2.83	6.9	6.0	3.44	4.74	13.89	6.07	3.31	
initialCoverageValue----------	360	360	360	360	360	360	360	360	360	360	360	360	360	360	360	360	360	360	360	360	360	360	360	360	360	360	360	360	360	360	360	360	360	360	360	360	360	360	360	360	360	360	360	360	360	352	360	360	360	360	360	360	360	360	360	360	360	360	360	360	360	360	360	360	360	360	360	360	360	360	360	360	360	360	360	360	353	360	360	360	360	360	360	360	360	360	360	360	360	360	360	360	360	360	360	360	360	360	360	360	
initialRedundantCoverageValue-	2880	2160	2460	3120	2160	1980	2340	2160	2100	2940	1800	2040	2220	2460	2520	2700	2160	2880	2580	1920	2760	3180	2640	1860	2400	1920	2580	2460	2340	2580	2400	2760	2520	1920	2160	2160	3060	2220	2100	2220	2640	2400	2520	2220	2640	1808	2880	2700	2400	3000	2280	1920	1860	2040	1860	2220	2580	2460	2100	2940	3060	2280	2460	2400	1980	2880	2460	2100	2220	2640	2040	2100	2100	2460	2460	2520	2347	2340	2280	2880	2520	3060	2280	2460	2160	2520	2460	2580	2280	2580	2520	2640	2940	2280	3060	2520	3060	2640	2580	2700	
additionalPoiTime-------------	374402.4
algorithmTime-----------------	4.0307065636784E10
Total Transferred Metadata----	7603

Photo List Size: 1064
Gained Coverage %-------------	0.7739613727942198
Gained Redundancy %-----------	0.14382544676825632
Total Cluster Created---------	0
Total Transferred Photo-------	113118
Total Photo at Destination----	1064
Coverage Group----------------	1-30	31-60	61-90	91-120	121-150	151-180	181-210	211-240	241-270	271-300	301-330	331-360	
Coverage Distribution---------	0	2	0	4	2	7	6	8	8	10	20	33	
Ratio Group-------------------	.0	.1	.2	.3	.4	.5	.6	.7	.8	.9	1.0	
Coverage Ratio----------------	0	0	2	0	5	8	8	7	13	21	36	
Redundant Ratio---------------	5	41	22	23	8	1	0	0	0	0	0	
NumberOfPoint Group-----------	0	1	2	3	
NumOfPoint Distribution-------	7	27	12	4	
SD Group----------------------	0-1	1-2	2-3	3-4	4-5	5-6	6-7	7-8	8-9	9-10	10-11	11-12	12-13	13-14	
SD Distribution---------------	58	0	7	6	2	4	6	5	5	2	2	1	1	1	
Half Coverage Group-----------	0-3162240	3162240-6324480	6324480-9486720	9486720-12648960	12648960-15811200	15811200-18973440	18973440-22135680	22135680-25297920	25297920-28460160	28460160-31622400	31622400-34784640	
Half Cvg Time Distribution----	29	20	0	12	18	2	1	0	0	2	0	
Transferred Photo Group-------	0-3162240	3162240-6324480	6324480-9486720	9486720-12648960	12648960-15811200	15811200-18973440	18973440-22135680	22135680-25297920	25297920-28460160	28460160-31622400	31622400-34784640	
Photo Time Distribution-------	37235	16368	13528	27459	34339	18194	12673	12809	8075	14803	0	

Cvg&Red Distribution----------	2.0	9486720.0	1.897344E7	2.846016E7	3162240.0	6324480.0	1.264896E7	2.529792E7	2.213568E7	1.58112E7	3.16224E7	
Average PhotoNum--------------	20.504424778761063	31.721238938053098	36.63716814159292	37.47345132743363	29.190265486725664	30.787610619469028	34.0353982300885	37.283185840707965	36.85398230088496	35.76548672566372	38.45575221238938	
Nodes Above Average-----------	117	146	200	208	121	137	174	206	202	192	215	
Nodes Below Average-----------	109	80	26	18	105	89	52	20	24	34	11	

Average Coverage--------------	1210.3008849557523	1841.9424778761063	2122.9469026548672	2164.3053097345132	1698.2079646017698	1786.5398230088495	1970.5619469026549	2154.5442477876104	2134.9159292035397	2074.1769911504425	2219.3274336283184	
Nodes Above Average-----------	113	146	198	203	122	137	174	202	198	192	196	
Nodes Below Average-----------	113	80	28	23	104	89	52	24	28	34	30	
Photos Above Average----------	26	39	40	40	39	39	39	40	40	40	40	
Photos Below Average----------	14	17	12	15	17	17	14	14	14	11	28	
Network Coverage--------------	35980	35980	35980	35980	35980	35980	35980	35980	35980	35980	35980	

Average Redundancy------------	19.964601769911503	61.33185840707964	75.28318584070796	84.10176991150442	53.20796460176991	60.716814159292035	71.56194690265487	82.44690265486726	76.32300884955752	71.75221238938053	88.01769911504425	
Nodes Above Average-----------	77	97	106	103	91	91	107	105	97	98	103	
Nodes Below Average-----------	149	129	120	123	135	135	119	121	129	128	123	
Photos Above Average----------	24	39	39	39	37	39	39	39	39	39	39	
Photos Below Average----------	18	26	33	35	23	25	28	35	34	32	37	
Network Redundancy------------	242060	394160	460820	472160	359840	381500	425540	469580	463760	449000	485480	

