Message stats for scenario S-3_Photo_5000-Scenario_4-ActualPOI_50
sim_time: 31622400.0000

Photo List Size: 4610
coverageValue-----------------	299	310	341	302	288	340	179	349	300	360	326	342	299	353	281	321	342	342	266	293	321	296	333	323	304	352	360	328	325	338	333	352	288	300	360	318	276	291	234	347	360	348	289	343	308	360	332	360	360	360	354	282	255	261	270	200	331	272	253	276	221	170	214	277	271	161	190	288	306	237	200	240	145	306	192	273	264	170	203	212	309	331	270	60	255	203	269	184	124	235	159	188	208	317	279	215	226	298	165	282	
redundantCoverageValue--------	181	230	259	238	192	320	241	131	180	180	154	198	241	187	199	159	258	258	214	307	219	304	147	337	176	248	300	272	155	262	87	128	312	240	600	162	144	249	186	133	240	312	371	197	172	300	448	240	300	300	306	258	345	519	90	220	329	88	167	264	19	130	146	443	149	199	170	192	234	183	220	0	35	474	108	87	216	70	157	28	111	209	90	0	345	97	451	56	56	65	81	52	212	343	201	265	14	362	255	258	
halfCoverageTime--------------	11797912.0	3719526.0	2646716.0	12574274.0	3719484.0	12565182.0	.0	11209582.0	5227444.0	1495312.0	13059893.0	4205627.0	11797928.0	1968347.0	15075408.0	11127678.0	4205648.0	12566650.0	13201568.0	13377542.0	12566060.0	11199602.0	3950210.0	13193962.0	19667104.0	12854526.0	4293002.0	13267072.0	11974279.0	3950226.0	13193974.0	13193979.0	1494356.0	12574280.0	1512746.0	3949520.0	12665010.0	14848594.0	19664410.0	12581034.0	3719502.0	1495317.0	11797917.0	1968364.0	4013696.0	4299389.0	4014558.0	1968306.0	4205610.0	11280710.0	3949514.0	12592196.0	2646734.0	11127734.0	490394.0	1968374.0	138468.0	1968369.0	138514.0	1017650.0	9971224.0	.0	17846448.0	757846.0	3951105.0	.0	15627716.0	11207514.0	382450.0	4805110.0	12854532.0	3951115.0	.0	4023080.0	2646722.0	490424.0	1953081.0	.0	11974232.0	17846442.0	14141279.0	11209588.0	13061678.0	.0	4205642.0	29663314.0	3951074.0	17846478.0	.0	11199590.0	.0	14319432.0	13267060.0	1431180.0	8344505.0	11791586.0	1953076.0	138422.0	.0	138532.0	
numberOfPoint-----------------	1	1	1	1	1	1	1	1	1	1	1	1	1	1	1	1	1	1	1	1	1	1	1	1	1	1	1	1	1	1	1	1	1	1	1	1	1	1	1	1	1	1	1	1	1	1	1	1	1	1	3	4	2	4	2	1	3	2	1	2	1	2	3	5	1	1	5	4	5	4	2	1	1	2	3	5	3	3	2	3	2	8	3	0	3	3	2	1	10	3	3	1	2	2	2	4	3	12	7	3	
standardDeviation-------------	.0	.0	.0	.0	.0	.0	.0	.0	.0	.0	.0	.0	.0	.0	.0	.0	.0	.0	.0	.0	.0	.0	.0	.0	.0	.0	.0	.0	.0	.0	.0	.0	.0	.0	.0	.0	.0	.0	.0	.0	.0	.0	.0	.0	.0	.0	.0	.0	.0	.0	8.34	6.78	11.5	7.01	8.72	5.59	7.56	1.3	3.81	5.56	6.59	6.1	7.69	7.05	1.43	1.26	7.73	10.6	7.36	7.98	6.57	5.77	5.7	6.91	5.96	7.25	6.37	5.68	6.16	7.96	5.36	7.25	7.91	.0	6.85	6.79	5.17	6.87	5.91	7.09	5.96	2.24	8.34	6.34	5.16	6.39	8.93	7.28	5.63	8.12	
initialCoverageValue----------	360	360	360	360	360	360	360	360	360	360	360	360	360	360	360	360	360	360	360	360	360	360	360	360	360	360	360	360	360	360	360	360	360	360	360	360	360	360	360	360	360	360	360	360	360	360	360	360	360	360	360	360	360	360	356	360	360	360	360	360	360	360	360	360	360	360	360	360	360	360	360	360	360	360	360	360	360	360	360	348	357	360	360	360	360	360	360	360	360	360	360	360	359	360	360	360	360	360	360	360	
initialRedundantCoverageValue-	2160	2640	2520	3000	2220	2340	1920	2460	2280	2760	2700	2700	2100	2520	1740	3060	2280	2040	2700	2340	2940	2040	2460	3000	2100	2220	2100	2280	2040	2820	1500	1860	2400	2580	3300	2220	2160	1920	1740	2100	2460	2580	2400	2640	2580	2880	3300	2460	3120	3600	2220	2700	2520	2340	1864	2700	2280	2580	1920	2340	2220	2820	2520	2820	2640	2640	2280	2820	1980	2340	2580	2280	1800	2940	2820	2520	2160	2520	2100	1872	1923	2760	2040	3000	1980	2460	2340	2280	2640	2520	3060	2220	2341	2460	1920	2280	2580	2580	2880	2220	
additionalPoiTime-------------	9.485640805E8
algorithmTime-----------------	8.20097257E7
Total Transferred Metadata----	14989

Photo List Size: 4610
Gained Coverage %-------------	0.7755141745414119
Gained Redundancy %-----------	0.08743104158089748
Total Cluster Created---------	50
Total Transferred Photo-------	2417
Total Photo at Destination----	823
Coverage Group----------------	1-30	31-60	61-90	91-120	121-150	151-180	181-210	211-240	241-270	271-300	301-330	331-360	
Coverage Distribution---------	0	1	0	0	2	6	9	9	9	22	15	27	
Ratio Group-------------------	.0	.1	.2	.3	.4	.5	.6	.7	.8	.9	1.0	
Coverage Ratio----------------	0	0	1	0	1	7	11	7	22	21	30	
Redundant Ratio---------------	2	62	35	1	0	0	0	0	0	0	0	
NumberOfPoint Group-----------	0	1	2	3	4	5	6	7	8	9	10	11	12	
NumOfPoint Distribution-------	1	9	13	14	5	4	0	1	1	0	1	0	1	
SD Group----------------------	0-1	1-2	2-3	3-4	4-5	5-6	6-7	7-8	8-9	9-10	10-11	11-12	
SD Distribution---------------	51	3	1	1	0	12	12	13	5	0	1	1	
Half Coverage Group-----------	0-3162240	3162240-6324480	6324480-9486720	9486720-12648960	12648960-15811200	15811200-18973440	18973440-22135680	22135680-25297920	25297920-28460160	28460160-31622400	31622400-34784640	
Half Cvg Time Distribution----	24	21	1	22	17	3	2	0	0	1	0	
Transferred Photo Group-------	0-3162240	3162240-6324480	6324480-9486720	9486720-12648960	12648960-15811200	15811200-18973440	18973440-22135680	22135680-25297920	25297920-28460160	28460160-31622400	31622400-34784640	
Photo Time Distribution-------	3392	760	451	1905	1781	309	334	2788	239	466	0	

Cvg&Red Distribution----------	2.0	9486720.0	1.897344E7	2.846016E7	3162240.0	6324480.0	1.264896E7	2.529792E7	2.213568E7	1.58112E7	3.16224E7	
Average PhotoNum--------------	20.504424778761063	20.74778761061947	21.17699115044248	21.628318584070797	20.588495575221238	20.67699115044248	21.11061946902655	21.606194690265486	21.287610619469028	21.207964601769913	21.79646017699115	
Nodes Above Average-----------	117	115	109	109	115	114	108	109	108	109	111	
Nodes Below Average-----------	109	111	117	117	111	112	118	117	118	117	115	

Average Coverage--------------	1208.0	1221.3982300884957	1245.9336283185842	1272.7212389380531	1212.3185840707965	1217.2345132743362	1242.6681415929204	1271.4911504424779	1252.6592920353983	1248.0265486725664	1282.345132743363	
Nodes Above Average-----------	116	112	110	106	113	111	108	106	110	110	108	
Nodes Below Average-----------	110	114	116	120	113	115	118	120	116	116	118	
Photos Above Average----------	26	27	28	29	26	27	28	29	28	28	29	
Photos Below Average----------	14	14	14	14	14	14	14	14	14	14	14	
Network Coverage--------------	35980	35959	35938	35938	35967	35967	35959	35938	35938	35959	35938	

Average Redundancy------------	22.265486725663717	23.469026548672566	24.6858407079646	24.97787610619469	22.991150442477878	23.384955752212388	23.969026548672566	24.88053097345133	24.597345132743364	24.451327433628318	25.442477876106196	
Nodes Above Average-----------	94	92	93	94	94	91	94	93	92	92	93	
Nodes Below Average-----------	132	134	133	132	132	135	132	133	134	134	133	
Photos Above Average----------	23	24	26	27	24	24	25	27	26	26	27	
Photos Below Average----------	18	17	17	17	18	18	17	17	17	17	17	
Network Redundancy------------	242060	245381	251222	257342	243213	244413	250301	257042	252722	251621	259622	

