Message stats for scenario S-3_Photo_5000-Scenario_6-ActualPOI_50
sim_time: 31622400.0000

Photo List Size: 1012
coverageValue-----------------	264	280	207	325	340	349	189	359	247	313	281	271	184	344	344	329	343	195	253	234	346	238	200	311	233	266	316	269	360	344	238	134	284	300	346	360	248	279	334	311	343	259	360	212	360	344	202	314	330	279	331	290	318	351	192	301	347	360	279	213	262	343	296	323	259	331	256	322	344	325	360	297	311	282	314	257	282	327	238	298	265	356	290	342	285	290	334	316	350	246	354	312	152	223	217	315	240	303	352	273	
redundantCoverageValue--------	396	260	213	215	380	131	171	421	173	347	319	269	296	256	496	331	437	105	107	66	254	182	280	469	247	394	284	211	360	256	302	166	196	240	614	240	232	201	386	469	377	221	300	268	420	556	98	586	330	321	209	550	402	309	108	419	553	720	261	27	218	557	244	277	281	269	464	398	256	575	600	303	289	138	466	223	78	333	182	242	215	484	310	258	375	250	386	224	490	414	186	228	88	137	143	225	180	297	608	447	
halfCoverageTime--------------	4023270.0	18547929.0	12613096.0	4799226.0	11199596.0	147389.0	29433801.0	1440180.0	12567356.0	4013766.0	3950220.0	4023364.0	18819852.0	1500264.0	1953030.0	13212910.0	1500270.0	14319444.0	11791586.0	9971182.0	3951100.0	1968364.0	4013796.0	3950226.0	14320604.0	757830.0	12565176.0	4013588.0	13201574.0	4205600.0	3951090.0	.0	11974314.0	12574286.0	147406.0	3719508.0	12651514.0	13287566.0	4014763.0	12651454.0	13061660.0	18548506.0	1083508.0	12574268.0	1500276.0	4023334.0	14343345.0	757978.0	3719502.0	757920.0	1494373.0	12566078.0	4014564.0	4205550.0	4205654.0	12651436.0	4013708.0	1017650.0	3719514.0	20344816.0	12574262.0	4013618.0	11209593.0	4013623.0	15430086.0	12592196.0	11974290.0	12581052.0	12665962.0	757932.0	13059893.0	13287572.0	4013582.0	6791319.0	13202212.0	13511463.0	13212916.0	4013748.0	3951120.0	4205582.0	12651442.0	1968312.0	2026144.0	147814.0	1017656.0	9971176.0	1953042.0	14323166.0	4205637.0	13267066.0	4805100.0	12651504.0	.0	12565382.0	13377559.0	4023252.0	15430092.0	4205660.0	4023246.0	28384892.0	
numberOfPoint-----------------	1	1	1	1	1	1	1	1	1	1	1	1	1	1	1	1	1	1	1	1	1	1	1	1	1	1	1	1	1	1	1	1	1	1	1	1	1	1	1	1	1	1	1	1	1	1	1	1	1	1	0	2	2	1	1	2	2	1	0	1	1	2	0	2	1	2	1	1	1	2	1	4	2	2	1	0	1	2	1	2	1	3	2	1	1	2	2	2	1	2	1	1	0	1	1	2	2	1	1	1	
standardDeviation-------------	.0	.0	.0	.0	.0	.0	.0	.0	.0	.0	.0	.0	.0	.0	.0	.0	.0	.0	.0	.0	.0	.0	.0	.0	.0	.0	.0	.0	.0	.0	.0	.0	.0	.0	.0	.0	.0	.0	.0	.0	.0	.0	.0	.0	.0	.0	.0	.0	.0	.0	.0	5.44	5.43	2.84	8.16	6.33	6.28	2.88	.0	6.72	1.63	8.04	.0	6.77	1.44	6.56	4.89	.81	3.56	5.88	1.71	10.66	8.74	4.75	4.88	.0	3.56	8.58	10.42	7.65	11.99	9.23	13.06	4.37	1.56	6.98	10.17	7.84	3.55	7.2	2.47	1.36	.0	4.17	8.37	11.12	7.03	6.08	2.83	4.24	
initialCoverageValue----------	360	360	360	360	360	360	360	360	360	360	360	360	360	360	360	360	360	360	360	360	360	360	360	360	360	360	360	360	360	360	360	360	360	360	360	360	360	360	360	360	360	360	360	360	360	360	360	360	360	360	360	360	360	360	360	360	360	360	360	360	360	360	360	360	360	360	360	360	360	360	360	360	360	360	360	360	360	360	360	360	360	360	360	360	360	360	360	360	360	360	359	360	360	360	360	360	360	360	360	360	
initialRedundantCoverageValue-	2520	2520	2700	3000	2520	2340	2160	3120	1920	2580	2520	2280	2520	1860	2880	3060	3000	1980	2220	2400	2340	2100	2040	2700	2520	2160	2640	1980	2400	2220	2820	1860	2220	2040	2880	3240	2640	2340	2640	2400	2940	2640	3120	2460	2640	2760	2160	2640	2640	2520	2220	2460	2580	1860	1980	2700	2700	3180	2100	2220	3180	2880	2400	2280	3480	1800	2160	2820	2400	3000	2820	3060	2280	2280	1560	1980	1620	2580	2460	2460	2340	2700	2100	2760	2400	1800	2940	2280	2580	2160	2401	2400	2040	2160	2160	2220	2100	2580	2280	1920	
additionalPoiTime-------------	31200.2
algorithmTime-----------------	2.253278444E8
Total Transferred Metadata----	8480

Photo List Size: 1012
Gained Coverage %-------------	0.8109947498541626
Gained Redundancy %-----------	0.12568422171440718
Total Cluster Created---------	0
Total Transferred Photo-------	9627
Total Photo at Destination----	1012
Coverage Group----------------	1-30	31-60	61-90	91-120	121-150	151-180	181-210	211-240	241-270	271-300	301-330	331-360	
Coverage Distribution---------	0	0	0	0	1	1	7	10	13	18	20	30	
Ratio Group-------------------	.0	.1	.2	.3	.4	.5	.6	.7	.8	.9	1.0	
Coverage Ratio----------------	0	0	0	0	1	1	9	11	21	22	35	
Redundant Ratio---------------	0	37	52	11	0	0	0	0	0	0	0	
NumberOfPoint Group-----------	0	1	2	3	4	
NumOfPoint Distribution-------	5	24	19	1	1	
SD Group----------------------	0-1	1-2	2-3	3-4	4-5	5-6	6-7	7-8	8-9	9-10	10-11	11-12	12-13	13-14	
SD Distribution---------------	56	5	4	3	6	3	7	4	5	1	3	2	0	1	
Half Coverage Group-----------	0-3162240	3162240-6324480	6324480-9486720	9486720-12648960	12648960-15811200	15811200-18973440	18973440-22135680	22135680-25297920	25297920-28460160	28460160-31622400	31622400-34784640	
Half Cvg Time Distribution----	20	31	1	17	23	3	1	0	1	1	0	
Transferred Photo Group-------	0-3162240	3162240-6324480	6324480-9486720	9486720-12648960	12648960-15811200	15811200-18973440	18973440-22135680	22135680-25297920	25297920-28460160	28460160-31622400	31622400-34784640	
Photo Time Distribution-------	3628	2394	1058	3098	4856	1787	2031	1564	337	2178	0	

Cvg&Red Distribution----------	2.0	9486720.0	1.897344E7	2.846016E7	3162240.0	6324480.0	1.264896E7	2.529792E7	2.213568E7	1.58112E7	3.16224E7	
Average PhotoNum--------------	20.504424778761063	22.63274336283186	24.858407079646017	25.358407079646017	21.95575221238938	22.464601769911503	23.216814159292035	25.31858407079646	25.207964601769913	24.606194690265486	26.013274336283185	
Nodes Above Average-----------	117	109	114	110	114	108	105	110	110	111	111	
Nodes Below Average-----------	109	117	112	116	112	118	121	116	116	115	115	

Average Coverage--------------	1212.3318584070796	1333.6902654867256	1461.8318584070796	1490.6592920353983	1294.3716814159293	1324.2079646017698	1367.0	1488.3407079646017	1481.867256637168	1447.6637168141592	1529.5221238938052	
Nodes Above Average-----------	116	108	109	113	114	108	110	113	113	107	113	
Nodes Below Average-----------	110	118	117	113	112	118	116	113	113	119	113	
Photos Above Average----------	26	30	34	35	29	30	31	35	34	34	36	
Photos Below Average----------	14	14	15	15	14	14	14	15	15	15	15	
Network Coverage--------------	35985	35982	35982	35982	35982	35982	35982	35982	35982	35982	35981	

Average Redundancy------------	17.93362831858407	24.27433628318584	29.672566371681416	30.845132743362832	22.97345132743363	23.668141592920353	26.008849557522122	30.77433628318584	30.61061946902655	28.707964601769913	31.27433628318584	
Nodes Above Average-----------	71	78	81	84	76	77	78	84	83	83	88	
Nodes Below Average-----------	155	148	145	142	150	149	148	142	143	143	138	
Photos Above Average----------	24	30	34	34	28	30	32	34	34	33	35	
Photos Below Average----------	18	18	19	19	18	18	18	19	19	19	20	
Network Redundancy------------	242055	270918	301098	307878	261738	268638	278838	307338	305838	297678	316759	

