Message stats for scenario S-5_Photo_5000-Scenario_8-ActualPOI_50
sim_time: 31622400.0000

Photo List Size: 1554
coverageValue-----------------	335	319	360	339	360	348	343	330	360	360	318	352	335	358	296	343	345	360	360	329	360	348	360	308	360	329	350	360	348	360	360	343	315	360	360	360	319	360	340	353	347	304	359	357	351	345	324	360	296	360	160	209	360	360	318	324	360	358	360	300	331	268	346	217	350	348	317	253	325	343	289	337	195	280	360	360	246	257	319	354	333	359	308	236	340	178	360	312	291	270	287	327	350	304	285	360	340	280	337	234	
redundantCoverageValue--------	745	701	960	801	900	852	917	690	780	1320	462	848	565	1082	424	497	855	600	720	451	960	912	900	592	1140	631	610	1140	912	780	900	677	645	1020	960	600	461	960	1100	967	1033	416	601	1203	669	975	996	540	604	1020	320	91	240	420	462	156	300	722	420	300	689	452	494	263	730	552	223	287	455	557	191	203	225	200	480	720	294	103	101	246	447	481	292	184	860	2	360	228	189	150	253	213	430	296	555	780	740	560	443	246	
halfCoverageTime--------------	3951085.0	8344488.0	3951044.0	3951056.0	4014628.0	4014570.0	757841.0	4013824.0	1440186.0	10682502.0	12651448.0	490400.0	3949536.0	4013718.0	12323462.0	4014582.0	10682134.0	10683221.0	3719514.0	1953121.0	1261478.0	3949502.0	1495312.0	3719496.0	147488.0	10683078.0	9971194.0	757825.0	3719526.0	10682208.0	4804352.0	4023270.0	1083508.0	9971242.0	2646716.0	1953071.0	11209588.0	1968342.0	4013848.0	11280726.0	3949520.0	4013813.0	4014606.0	10682250.0	1968312.0	757896.0	11974262.0	12060172.0	4205550.0	1500292.0	.0	12323416.0	10682390.0	4023282.0	1494368.0	1017662.0	10683054.0	757868.0	3951068.0	952116.0	1261484.0	10682617.0	10683242.0	4804346.0	1953110.0	4013742.0	10682196.0	4013736.0	10682181.0	4023246.0	12574292.0	10682898.0	29588102.0	11791592.0	4014758.0	4804341.0	10683048.0	17981977.0	10683231.0	12059975.0	11127494.0	1500252.0	1495301.0	11127546.0	4205697.0	.0	10682434.0	12651524.0	10682786.0	12323538.0	4013606.0	10683302.0	1512740.0	4023288.0	11974332.0	4023234.0	1968336.0	330526.0	10682128.0	12566644.0	
numberOfPoint-----------------	1	1	1	1	1	1	1	1	1	1	1	1	1	1	1	1	1	1	1	1	1	1	1	1	1	1	1	1	1	1	1	1	1	1	1	1	1	1	1	1	1	1	1	1	1	1	1	1	1	1	1	2	2	2	2	1	2	3	1	1	2	1	2	0	3	1	0	1	2	3	1	1	0	1	2	1	2	1	1	2	2	1	2	1	3	0	1	1	1	1	2	1	2	1	1	3	2	2	2	2	
standardDeviation-------------	.0	.0	.0	.0	.0	.0	.0	.0	.0	.0	.0	.0	.0	.0	.0	.0	.0	.0	.0	.0	.0	.0	.0	.0	.0	.0	.0	.0	.0	.0	.0	.0	.0	.0	.0	.0	.0	.0	.0	.0	.0	.0	.0	.0	.0	.0	.0	.0	.0	.0	5.41	7.88	6.44	8.61	10.54	5.5	7.22	7.19	13.5	4.29	4.91	4.14	9.17	.0	8.5	7.77	.0	12.08	5.84	11.58	1.46	1.35	.0	7.86	5.63	4.05	6.46	12.98	11.09	5.9	6.57	4.73	6.52	13.44	8.4	.0	.72	5.25	7.13	2.13	5.67	.58	7.75	8.02	6.32	9.94	6.27	7.46	5.06	10.83	
initialCoverageValue----------	360	360	360	360	360	360	360	360	360	360	360	360	360	360	360	360	360	360	360	360	360	360	360	360	360	360	360	360	360	360	360	360	360	360	360	360	360	360	360	360	360	360	360	360	360	360	360	360	360	360	360	360	360	360	360	360	360	360	360	360	360	360	360	360	360	360	360	360	360	360	360	360	360	360	360	360	360	360	360	360	360	360	360	360	360	360	360	360	360	360	360	360	360	360	360	360	360	349	360	360	
initialRedundantCoverageValue-	2400	2820	2340	2100	2760	2760	2220	2340	2520	2880	2520	2760	2100	2760	1980	1980	2340	2760	1920	2040	2280	2160	3240	2280	2880	2340	2520	2700	2640	2700	2760	2160	2340	2460	2580	1980	2280	2580	2520	3300	2520	2160	2040	2340	2520	2460	2700	1920	1860	3000	2040	1620	2460	2280	2640	3000	1680	2520	2400	2280	3060	2880	2880	2640	2520	2880	2460	1980	2520	3000	1620	2640	1800	2340	2160	3300	2100	2400	1680	2100	3000	2580	2880	1980	2160	1980	2880	1980	2580	1800	2820	2460	2940	2580	2940	2520	2640	2231	2640	2100	
additionalPoiTime-------------	405602.6
algorithmTime-----------------	3.948707114866E10
Total Transferred Metadata----	7597

Photo List Size: 1554
Gained Coverage %-------------	0.9030814971241212
Gained Redundancy %-----------	0.24047998492365552
Total Cluster Created---------	0
Total Transferred Photo-------	111298
Total Photo at Destination----	1597
Coverage Group----------------	1-30	31-60	61-90	91-120	121-150	151-180	181-210	211-240	241-270	271-300	301-330	331-360	
Coverage Distribution---------	0	0	0	0	0	2	2	3	5	9	19	60	
Ratio Group-------------------	.0	.1	.2	.3	.4	.5	.6	.7	.8	.9	1.0	
Coverage Ratio----------------	0	0	0	0	0	2	2	4	7	20	65	
Redundant Ratio---------------	0	15	28	25	22	9	1	0	0	0	0	
NumberOfPoint Group-----------	0	1	2	3	
NumOfPoint Distribution-------	4	22	19	5	
SD Group----------------------	0-1	1-2	2-3	3-4	4-5	5-6	6-7	7-8	8-9	9-10	10-11	11-12	12-13	13-14	
SD Distribution---------------	56	2	1	0	5	8	6	8	4	2	2	2	2	2	
Half Coverage Group-----------	0-3162240	3162240-6324480	6324480-9486720	9486720-12648960	12648960-15811200	15811200-18973440	18973440-22135680	22135680-25297920	25297920-28460160	28460160-31622400	31622400-34784640	
Half Cvg Time Distribution----	26	32	1	35	2	1	0	0	0	1	0	
Transferred Photo Group-------	0-3162240	3162240-6324480	6324480-9486720	9486720-12648960	12648960-15811200	15811200-18973440	18973440-22135680	22135680-25297920	25297920-28460160	28460160-31622400	31622400-34784640	
Photo Time Distribution-------	36897	16438	13507	26447	33926	17878	12398	12384	7961	14384	0	

Cvg&Red Distribution----------	2.0	9486720.0	1.897344E7	2.846016E7	3162240.0	6324480.0	1.264896E7	2.529792E7	2.213568E7	1.58112E7	3.16224E7	
Average PhotoNum--------------	20.401785714285715	31.75	36.620535714285715	37.45982142857143	29.1875	30.799107142857142	33.99107142857143	37.27232142857143	36.83482142857143	35.74107142857143	38.455357142857146	
Nodes Above Average-----------	115	144	198	206	119	135	172	204	200	190	214	
Nodes Below Average-----------	109	80	26	18	105	89	52	20	24	34	10	

Average Coverage--------------	1201.861607142857	1840.1607142857142	2112.5535714285716	2162.2946428571427	1695.6160714285713	1785.0714285714287	1963.5625	2149.3214285714284	2126.6383928571427	2064.4553571428573	2218.0089285714284	
Nodes Above Average-----------	114	144	196	205	120	134	172	202	197	190	201	
Nodes Below Average-----------	110	80	28	19	104	90	52	22	27	34	23	
Photos Above Average----------	26	39	40	39	39	39	39	40	39	40	39	
Photos Below Average----------	14	17	12	10	17	17	14	12	13	11	25	
Network Coverage--------------	35985	35985	35985	35985	35985	35985	35985	35985	35985	35985	35985	

Average Redundancy------------	22.245535714285715	64.83928571428571	84.67857142857143	85.29464285714286	55.63392857142857	62.875	75.90178571428571	87.01785714285714	83.45089285714286	80.00892857142857	89.3125	
Nodes Above Average-----------	86	101	95	105	95	104	97	103	98	102	109	
Nodes Below Average-----------	138	123	129	119	129	120	127	121	126	122	115	
Photos Above Average----------	24	38	40	40	37	38	39	40	39	40	40	
Photos Below Average----------	18	26	34	35	23	24	29	34	34	32	36	
Network Redundancy------------	238215	390735	456195	467475	356295	377955	420855	464955	459075	444375	480855	

