Message stats for scenario S-5_Photo_5000-Scenario_6-ActualPOI_50
sim_time: 31622400.0000

Photo List Size: 1519
coverageValue-----------------	360	290	327	302	350	274	328	329	298	334	360	360	360	360	349	338	303	216	357	358	360	311	339	360	360	298	358	334	360	356	325	360	270	334	360	312	348	354	309	360	317	360	360	283	228	346	283	311	351	354	311	312	294	325	268	355	260	360	304	360	316	307	353	360	360	337	360	315	360	360	360	337	360	360	324	346	316	335	328	316	302	358	247	349	350	320	344	346	327	335	342	344	283	340	360	309	360	345	296	326	
redundantCoverageValue--------	660	550	453	418	490	326	452	451	602	866	960	720	840	480	431	622	777	204	483	842	960	469	561	480	720	302	842	806	900	664	515	480	510	506	540	648	672	726	591	780	703	900	720	557	192	674	317	469	729	606	409	468	486	1055	452	545	220	840	236	600	644	233	667	840	780	383	420	405	660	540	840	683	480	540	636	494	464	445	392	644	418	482	233	491	490	580	496	794	153	505	378	976	197	500	840	351	420	495	364	514	
halfCoverageTime--------------	10682782.0	1495312.0	1968330.0	11127394.0	10682704.0	10682594.0	757973.0	10682748.0	10682894.0	382438.0	10682170.0	5227438.0	1500292.0	1968384.0	4299372.0	4023252.0	10682082.0	13203730.0	11127400.0	4023246.0	3719550.0	11127438.0	10682824.0	4013736.0	4804346.0	10868254.0	1261030.0	4013708.0	490394.0	4013696.0	4205632.0	1494300.0	11127388.0	12334398.0	3951095.0	11127489.0	10682462.0	10682420.0	4023264.0	10682276.0	1495317.0	1953042.0	4804352.0	12071992.0	17258544.0	3949502.0	12060046.0	382408.0	10682282.0	4014752.0	10682572.0	12574268.0	13227666.0	490418.0	6258806.0	1483904.0	13202206.0	10682640.0	11974238.0	1953066.0	3951085.0	10682456.0	1968342.0	10868266.0	12060130.0	1440204.0	1968364.0	13212904.0	4205670.0	10682146.0	757880.0	4014588.0	10682732.0	8344505.0	12336776.0	382402.0	1953098.0	10682766.0	13203735.0	4205567.0	12059877.0	1968347.0	17258604.0	4205562.0	12566054.0	4013730.0	3719502.0	10682699.0	11127427.0	11280726.0	4013742.0	1241030.0	19664460.0	4013790.0	1500282.0	4013600.0	3950220.0	4805105.0	14319421.0	10682358.0	
numberOfPoint-----------------	1	1	1	1	1	1	1	1	1	1	1	1	1	1	1	1	1	1	1	1	1	1	1	1	1	1	1	1	1	1	1	1	1	1	1	1	1	1	1	1	1	1	1	1	1	1	1	1	1	1	2	1	2	1	1	2	1	1	2	2	2	2	2	2	1	1	2	1	3	2	2	3	2	2	3	1	1	2	2	2	0	1	1	2	1	3	2	2	2	2	3	2	1	1	1	2	1	1	1	1	
standardDeviation-------------	.0	.0	.0	.0	.0	.0	.0	.0	.0	.0	.0	.0	.0	.0	.0	.0	.0	.0	.0	.0	.0	.0	.0	.0	.0	.0	.0	.0	.0	.0	.0	.0	.0	.0	.0	.0	.0	.0	.0	.0	.0	.0	.0	.0	.0	.0	.0	.0	.0	.0	8.35	.71	4.57	2.19	1.92	7.59	1.68	1.53	6.73	6.67	5.82	7.31	10.73	7.2	1.51	6.91	5.93	13.19	8.66	7.39	9.34	7.09	6.84	5.47	8.04	.98	2.06	10.32	6.88	6.86	.0	1.66	2.04	6.58	3.62	7.38	6.65	6.94	9.5	5.9	9.49	7.0	5.21	3.65	5.59	8.56	3.55	5.7	1.12	2.84	
initialCoverageValue----------	360	360	360	360	360	360	360	360	360	360	360	360	360	360	360	360	360	360	360	360	360	360	360	360	360	360	360	360	360	360	360	360	360	360	360	360	360	360	360	360	360	360	360	360	360	360	360	360	360	360	360	360	360	360	360	360	360	360	360	360	360	360	360	360	360	360	360	360	360	360	360	360	360	360	360	360	360	360	360	360	360	360	360	360	360	360	360	360	360	360	360	360	360	360	360	360	360	360	360	360	
initialRedundantCoverageValue-	3120	2700	2280	2340	1860	2160	2160	2820	2640	2460	2880	2280	2700	2160	1800	2760	2520	1560	1980	2400	2340	2220	1920	2400	2820	1980	2700	3060	2460	2400	2700	2580	2580	1980	2340	2460	3120	2700	2400	3360	2220	2880	2220	3120	3240	2340	2400	1620	3180	2100	1980	2100	2160	3240	2160	1980	1920	2520	1980	2760	2820	1560	2160	2400	3000	2220	2220	3000	2760	1800	3060	2100	2400	2340	2460	2400	2460	3000	2220	1920	2460	1980	2520	2100	2700	2400	2220	2700	1680	2220	2460	2820	1980	2880	3600	3120	2940	1980	1860	1860	
additionalPoiTime-------------	93600.6
algorithmTime-----------------	3.621407214E8
Total Transferred Metadata----	8643

Photo List Size: 1519
Gained Coverage %-------------	0.9182222222222223
Gained Redundancy %-----------	0.23186831275720166
Total Cluster Created---------	0
Total Transferred Photo-------	12177
Total Photo at Destination----	1521
Coverage Group----------------	1-30	31-60	61-90	91-120	121-150	151-180	181-210	211-240	241-270	271-300	301-330	331-360	
Coverage Distribution---------	0	0	0	0	0	0	0	2	4	9	27	58	
Ratio Group-------------------	.0	.1	.2	.3	.4	.5	.6	.7	.8	.9	1.0	
Coverage Ratio----------------	0	0	0	0	0	0	1	2	7	24	66	
Redundant Ratio---------------	0	4	29	48	18	1	0	0	0	0	0	
NumberOfPoint Group-----------	0	1	2	3	
NumOfPoint Distribution-------	1	20	24	5	
SD Group----------------------	0-1	1-2	2-3	3-4	4-5	5-6	6-7	7-8	8-9	9-10	10-11	11-12	12-13	13-14	
SD Distribution---------------	53	6	4	3	1	7	9	7	4	3	2	0	0	1	
Half Coverage Group-----------	0-3162240	3162240-6324480	6324480-9486720	9486720-12648960	12648960-15811200	15811200-18973440	18973440-22135680	22135680-25297920	25297920-28460160	28460160-31622400	31622400-34784640	
Half Cvg Time Distribution----	24	28	1	38	6	2	1	0	0	0	0	
Transferred Photo Group-------	0-3162240	3162240-6324480	6324480-9486720	9486720-12648960	12648960-15811200	15811200-18973440	18973440-22135680	22135680-25297920	25297920-28460160	28460160-31622400	31622400-34784640	
Photo Time Distribution-------	3628	2394	1058	4572	6235	2870	2239	2351	528	2066	0	

Cvg&Red Distribution----------	2.0	9486720.0	1.897344E7	2.846016E7	3162240.0	6324480.0	1.264896E7	2.529792E7	2.213568E7	1.58112E7	3.16224E7	
Average PhotoNum--------------	20.401785714285715	22.549107142857142	25.575892857142858	26.1875	21.866071428571427	22.379464285714285	23.723214285714285	26.147321428571427	26.026785714285715	25.370535714285715	26.741071428571427	
Nodes Above Average-----------	115	107	109	108	112	106	107	107	106	107	114	
Nodes Below Average-----------	109	117	115	116	112	118	117	117	118	117	110	

Average Coverage--------------	1204.8125	1328.486607142857	1497.8705357142858	1533.5267857142858	1290.169642857143	1319.2857142857142	1394.4910714285713	1531.1160714285713	1524.513392857143	1487.2410714285713	1564.174107142857	
Nodes Above Average-----------	113	105	113	110	109	108	106	110	110	111	113	
Nodes Below Average-----------	111	119	111	114	115	116	118	114	114	113	111	
Photos Above Average----------	26	31	35	36	29	30	33	36	36	35	37	
Photos Below Average----------	14	15	15	15	14	14	15	15	15	15	16	
Network Coverage--------------	35992	35992	35948	35948	35992	35992	35954	35948	35948	35948	35931	

Average Redundancy------------	19.294642857142858	24.459821428571427	36.683035714285715	37.723214285714285	21.794642857142858	23.482142857142858	28.901785714285715	37.723214285714285	37.09375	34.99107142857143	40.29017857142857	
Nodes Above Average-----------	82	76	87	90	79	75	79	90	88	87	91	
Nodes Below Average-----------	142	148	137	134	145	149	145	134	136	137	133	
Photos Above Average----------	23	28	33	33	26	27	30	33	33	33	34	
Photos Below Average----------	18	19	20	20	19	19	19	20	20	20	21	
Network Redundancy------------	238208	267068	307792	316012	257888	264788	282886	315472	313852	305032	323469	

