Message stats for scenario S-5_Photo_5000-Scenario_7-ActualPOI_50
sim_time: 31622400.0000

Photo List Size: 4546
coverageValue-----------------	350	197	311	313	249	337	322	247	338	308	360	360	347	324	144	359	355	354	360	346	301	260	298	316	331	286	320	310	339	360	341	309	360	315	360	288	283	300	314	325	316	335	334	294	359	257	330	299	347	279	360	336	337	360	356	360	351	332	360	360	350	265	360	349	316	360	344	360	349	360	352	310	360	358	347	349	342	360	293	344	343	305	302	357	299	339	263	360	360	330	325	325	260	355	212	357	358	210	342	343	
redundantCoverageValue--------	430	43	469	407	411	443	638	113	682	232	660	660	253	216	156	481	365	726	540	314	659	280	542	584	389	134	340	590	681	420	439	531	600	345	780	312	497	240	226	275	344	325	446	186	721	223	510	481	553	441	660	504	983	780	904	780	729	628	720	960	550	275	780	371	344	600	556	900	791	480	908	410	1200	662	433	491	498	600	547	856	557	955	298	603	481	441	577	600	780	630	215	335	580	605	268	663	482	390	678	617	
halfCoverageTime--------------	4805100.0	19921116.0	12613085.0	4805105.0	14319426.0	10682606.0	10682699.0	18819858.0	10682526.0	12060022.0	8344494.0	4805110.0	12404322.0	10682208.0	.0	4013600.0	10682450.0	10682560.0	10682916.0	10682354.0	10682146.0	14320686.0	11199596.0	1953054.0	10682214.0	12651504.0	12060114.0	12574280.0	4799231.0	1500276.0	4014758.0	12566054.0	4205632.0	3951095.0	382450.0	12059077.0	10682838.0	13267049.0	14319570.0	10682544.0	11127536.0	10683078.0	1431186.0	10683026.0	1494300.0	11127568.0	4205670.0	4013760.0	10682538.0	11127531.0	3949531.0	490388.0	1953060.0	10682122.0	4014564.0	10682082.0	1968318.0	138468.0	10682094.0	4013588.0	9971230.0	6791308.0	1483892.0	952110.0	4014582.0	4014542.0	10682974.0	4292996.0	147389.0	10682670.0	4804341.0	20344786.0	138550.0	1500246.0	4013748.0	6791314.0	3949496.0	4013612.0	1440216.0	757857.0	9971224.0	11974268.0	6791302.0	3949508.0	3719544.0	3719532.0	10682284.0	3949536.0	4205562.0	10682191.0	2646728.0	4013790.0	10682290.0	382402.0	14406598.0	757846.0	4205577.0	16050802.0	3950220.0	1440204.0	
numberOfPoint-----------------	1	1	1	1	1	1	1	1	1	1	1	1	1	1	1	1	1	1	1	1	1	1	1	1	1	1	1	1	1	1	1	1	1	1	1	1	1	1	1	1	1	1	1	1	1	1	1	1	1	1	5	4	5	3	3	4	4	2	2	2	2	1	3	4	1	2	6	5	8	3	3	3	8	2	3	3	1	2	3	8	4	4	5	2	2	2	4	4	3	3	7	3	6	3	3	3	2	3	2	2	
standardDeviation-------------	.0	.0	.0	.0	.0	.0	.0	.0	.0	.0	.0	.0	.0	.0	.0	.0	.0	.0	.0	.0	.0	.0	.0	.0	.0	.0	.0	.0	.0	.0	.0	.0	.0	.0	.0	.0	.0	.0	.0	.0	.0	.0	.0	.0	.0	.0	.0	.0	.0	.0	6.84	10.88	7.65	8.11	6.14	11.29	10.35	6.76	9.21	10.81	4.85	4.18	8.78	6.48	1.41	9.24	7.28	5.65	5.89	8.2	7.22	4.42	6.63	7.47	7.46	7.29	1.91	7.17	5.0	7.1	9.18	10.06	8.06	5.64	6.08	6.51	10.87	8.67	7.17	9.04	7.37	7.08	7.6	7.76	7.31	8.28	6.39	8.83	6.56	6.94	
initialCoverageValue----------	360	360	360	360	360	360	360	360	360	360	360	360	360	360	360	360	360	360	360	360	360	360	360	360	360	360	360	360	360	360	360	360	360	360	360	360	360	360	360	360	360	360	360	360	360	360	360	360	360	360	360	360	360	360	360	360	360	360	360	360	360	360	360	360	360	360	360	360	360	360	360	360	360	360	360	360	360	360	360	360	360	360	360	360	360	360	360	360	360	360	360	360	360	360	360	360	360	360	360	360	
initialRedundantCoverageValue-	2280	1920	2280	2340	2100	2280	2220	2100	2580	1740	3240	2460	2640	1680	2460	2460	1860	3000	2580	1980	2400	2100	2700	3000	1860	2460	1980	2280	3180	2700	3120	2580	2940	2160	2880	2280	2640	2100	2340	2220	2700	2100	2340	2100	3240	3120	2400	2640	3240	3060	2280	2820	2520	2580	2220	2940	2640	2220	2700	3120	2340	2160	2820	2040	2640	2160	2100	2700	1980	2460	3120	1920	3120	2340	1740	2640	2160	2580	2400	3000	2280	3060	1920	2640	2400	2220	1860	2520	2580	2640	2460	2220	2040	2100	2340	2580	2040	2160	2520	2400	
additionalPoiTime-------------	8.58629504E8
algorithmTime-----------------	7.96385105E7
Total Transferred Metadata----	14874

Photo List Size: 4546
Gained Coverage %-------------	0.9008888888888889
Gained Redundancy %-----------	0.21262985685071575
Total Cluster Created---------	50
Total Transferred Photo-------	3251
Total Photo at Destination----	1444
Coverage Group----------------	1-30	31-60	61-90	91-120	121-150	151-180	181-210	211-240	241-270	271-300	301-330	331-360	
Coverage Distribution---------	0	0	0	0	1	0	2	1	7	10	22	57	
Ratio Group-------------------	.0	.1	.2	.3	.4	.5	.6	.7	.8	.9	1.0	
Coverage Ratio----------------	0	0	0	0	1	0	3	2	9	23	62	
Redundant Ratio---------------	0	9	36	45	9	1	0	0	0	0	0	
NumberOfPoint Group-----------	0	1	2	3	4	5	6	7	8	
NumOfPoint Distribution-------	0	3	13	16	8	4	2	1	3	
SD Group----------------------	0-1	1-2	2-3	3-4	4-5	5-6	6-7	7-8	8-9	9-10	10-11	11-12	
SD Distribution---------------	50	2	0	0	3	4	10	14	7	4	5	1	
Half Coverage Group-----------	0-3162240	3162240-6324480	6324480-9486720	9486720-12648960	12648960-15811200	15811200-18973440	18973440-22135680	22135680-25297920	25297920-28460160	28460160-31622400	31622400-34784640	
Half Cvg Time Distribution----	20	28	4	37	6	2	2	0	0	0	0	
Transferred Photo Group-------	0-3162240	3162240-6324480	6324480-9486720	9486720-12648960	12648960-15811200	15811200-18973440	18973440-22135680	22135680-25297920	25297920-28460160	28460160-31622400	31622400-34784640	
Photo Time Distribution-------	3582	958	503	3142	2514	878	580	2771	312	618	0	

Cvg&Red Distribution----------	2.0	9486720.0	1.897344E7	2.846016E7	3162240.0	6324480.0	1.264896E7	2.529792E7	2.213568E7	1.58112E7	3.16224E7	
Average PhotoNum--------------	20.401785714285715	20.566964285714285	21.0625	21.174107142857142	20.459821428571427	20.526785714285715	21.004464285714285	21.107142857142858	20.9375	21.049107142857142	21.241071428571427	
Nodes Above Average-----------	115	113	107	105	113	112	105	105	113	107	105	
Nodes Below Average-----------	109	111	117	119	111	112	119	119	111	117	119	

Average Coverage--------------	1199.9598214285713	1208.674107142857	1235.8080357142858	1242.3794642857142	1203.013392857143	1206.21875	1233.1026785714287	1238.4598214285713	1228.9598214285713	1234.799107142857	1246.0223214285713	
Nodes Above Average-----------	120	110	112	111	111	109	110	111	112	113	110	
Nodes Below Average-----------	104	114	112	113	113	115	114	113	112	111	114	
Photos Above Average----------	25	27	28	28	26	26	28	28	28	28	29	
Photos Below Average----------	13	14	13	13	14	14	14	13	13	13	13	
Network Coverage--------------	36000	35995	35992	35992	35995	35995	35992	35992	35992	35992	35986	

Average Redundancy------------	24.147321428571427	25.34375	27.941964285714285	28.066964285714285	24.575892857142858	25.388392857142858	27.165178571428573	27.96875	27.290178571428573	28.147321428571427	28.441964285714285	
Nodes Above Average-----------	84	86	84	82	85	86	86	84	83	83	81	
Nodes Below Average-----------	140	138	140	142	139	138	138	140	141	141	143	
Photos Above Average----------	24	25	27	28	24	25	26	27	27	27	28	
Photos Below Average----------	17	17	17	17	17	17	17	17	17	17	17	
Network Redundancy------------	238200	240425	247088	248588	238985	239885	246308	247688	245408	246908	249494	

