Message stats for scenario S-7_Photo_5000-Scenario_8-ActualPOI_50
sim_time: 31622400.0000

Photo List Size: 1869
coverageValue-----------------	344	360	360	360	360	360	321	360	339	360	360	356	360	360	360	355	358	291	360	344	360	360	360	360	360	360	358	360	349	360	360	360	360	360	360	360	360	360	360	360	360	286	342	354	349	360	360	266	360	359	345	335	321	338	262	246	309	316	360	335	308	330	356	338	293	360	332	322	292	337	208	291	356	284	348	352	347	300	348	282	346	292	353	353	319	310	316	314	302	329	343	291	360	325	283	360	286	348	347	342	
redundantCoverageValue--------	1216	840	1080	1140	1200	960	939	1260	741	1020	1380	964	660	540	1740	545	482	1029	960	496	660	1140	960	1080	900	840	1442	1080	791	1620	1560	900	1200	1200	720	960	1080	1200	600	1200	840	314	978	846	731	1200	960	754	1140	961	495	565	219	322	158	234	651	284	1140	745	652	390	844	502	307	660	568	638	248	563	332	549	664	556	732	728	433	420	252	498	794	308	547	247	341	890	584	346	478	391	377	249	840	695	377	840	794	312	493	438	
halfCoverageTime--------------	1440204.0	1261472.0	4293024.0	1953042.0	3951074.0	9971224.0	1083520.0	10682082.0	4013887.0	4013606.0	4013754.0	10511035.0	4205600.0	11280791.0	147430.0	10682186.0	9971236.0	4013784.0	3949536.0	3719508.0	10682088.0	952116.0	4023249.0	1968330.0	10511086.0	757950.0	10509416.0	1968369.0	3719526.0	382414.0	1440174.0	4014548.0	4205730.0	147349.0	4014634.0	1953121.0	4014606.0	1500292.0	11127494.0	1953076.0	10510601.0	12613392.0	10509278.0	4013778.0	10510648.0	1500258.0	10510706.0	10510734.0	757808.0	4013808.0	1083508.0	10682164.0	10682214.0	10762590.0	12625059.0	12318698.0	11128019.0	12566031.0	3719496.0	3951120.0	12071998.0	10682412.0	10510688.0	4205567.0	11127455.0	382432.0	10783774.0	11962176.0	12323368.0	10682100.0	17430144.0	11974232.0	147808.0	10682146.0	4014553.0	4013623.0	12651514.0	11979370.0	12854576.0	12404310.0	10682148.0	12651459.0	11127954.0	10682244.0	12323498.0	10510852.0	10510636.0	10511218.0	11978266.0	12060052.0	4013713.0	12581028.0	10682514.0	3951050.0	10510818.0	4799231.0	11127510.0	12651524.0	4013830.0	10762567.0	
numberOfPoint-----------------	1	1	1	1	1	1	1	1	1	1	1	1	1	1	1	1	1	1	1	1	1	1	1	1	1	1	1	1	1	1	1	1	1	1	1	1	1	1	1	1	1	1	1	1	1	1	1	1	1	1	1	2	1	2	2	2	1	1	1	1	1	2	3	1	2	2	2	4	1	1	0	1	2	1	1	1	1	1	2	1	2	1	2	1	1	1	1	3	2	2	1	1	0	1	1	1	2	1	1	1	
standardDeviation-------------	.0	.0	.0	.0	.0	.0	.0	.0	.0	.0	.0	.0	.0	.0	.0	.0	.0	.0	.0	.0	.0	.0	.0	.0	.0	.0	.0	.0	.0	.0	.0	.0	.0	.0	.0	.0	.0	.0	.0	.0	.0	.0	.0	.0	.0	.0	.0	.0	.0	.0	1.7	8.5	.36	7.4	6.89	7.23	3.24	4.75	2.64	.78	4.75	7.51	7.29	3.91	10.02	5.7	8.19	8.34	6.77	1.2	.0	1.48	6.24	4.82	.72	6.14	7.22	.1	6.58	5.21	11.72	.85	5.65	5.95	2.68	7.5	2.06	6.91	9.8	5.29	7.48	11.68	.0	4.81	4.2	4.3	6.22	.71	5.58	1.2	
initialCoverageValue----------	360	360	360	360	360	360	360	360	352	360	360	356	360	360	360	360	360	346	360	360	360	360	360	360	360	360	360	360	360	360	360	360	360	360	360	360	360	360	360	360	360	360	360	360	360	360	360	360	360	360	360	360	360	360	360	360	360	360	360	360	360	360	360	360	360	360	360	360	360	360	360	360	360	360	360	360	360	360	360	360	360	360	360	360	360	360	360	360	360	360	360	360	360	360	360	360	360	360	360	360	
initialRedundantCoverageValue-	2640	2040	2760	2940	1740	2280	2340	3120	2408	2340	2280	2284	1680	2400	3300	1620	1260	1814	3000	1920	2040	2700	2460	2520	2100	2220	3240	2580	2340	2760	3060	2580	2760	2880	2160	2100	2160	2820	1800	2520	2700	1740	2340	2760	2100	2400	2700	2040	2580	2400	2880	2220	2460	2280	1860	1620	3000	2280	3060	2640	2580	2640	3600	1920	2340	2220	2400	2700	1920	2160	1800	2160	3000	2880	2220	2580	2460	2400	2520	1800	3300	1920	1800	2220	1980	2580	2580	2520	2640	2460	2340	2340	2400	2700	2700	2700	2820	2460	2280	2220	
additionalPoiTime-------------	374402.4
algorithmTime-----------------	3.9318536291044E10
Total Transferred Metadata----	7577

Photo List Size: 1869
Gained Coverage %-------------	0.936259520764997
Gained Redundancy %-----------	0.3097527415598087
Total Cluster Created---------	0
Total Transferred Photo-------	110077
Total Photo at Destination----	1914
Coverage Group----------------	1-30	31-60	61-90	91-120	121-150	151-180	181-210	211-240	241-270	271-300	301-330	331-360	
Coverage Distribution---------	0	0	0	0	0	0	1	0	3	12	14	70	
Ratio Group-------------------	.0	.1	.2	.3	.4	.5	.6	.7	.8	.9	1.0	
Coverage Ratio----------------	0	0	0	0	0	0	1	1	7	18	73	
Redundant Ratio---------------	0	3	23	21	25	22	4	2	0	0	0	
NumberOfPoint Group-----------	0	1	2	3	4	
NumOfPoint Distribution-------	2	30	15	2	1	
SD Group----------------------	0-1	1-2	2-3	3-4	4-5	5-6	6-7	7-8	8-9	9-10	10-11	11-12	
SD Distribution---------------	58	4	3	2	6	6	7	7	3	1	1	2	
Half Coverage Group-----------	0-3162240	3162240-6324480	6324480-9486720	9486720-12648960	12648960-15811200	15811200-18973440	18973440-22135680	22135680-25297920	25297920-28460160	28460160-31622400	31622400-34784640	
Half Cvg Time Distribution----	20	26	0	49	4	1	0	0	0	0	0	
Transferred Photo Group-------	0-3162240	3162240-6324480	6324480-9486720	9486720-12648960	12648960-15811200	15811200-18973440	18973440-22135680	22135680-25297920	25297920-28460160	28460160-31622400	31622400-34784640	
Photo Time Distribution-------	37552	16485	13974	25231	32868	17555	12422	12581	8234	14332	0	

Cvg&Red Distribution----------	2.0	9486720.0	1.897344E7	2.846016E7	3162240.0	6324480.0	1.264896E7	2.529792E7	2.213568E7	1.58112E7	3.16224E7	
Average PhotoNum--------------	20.2972972972973	31.743243243243242	36.585585585585584	37.43693693693694	29.16216216216216	30.783783783783782	33.945945945945944	37.24324324324324	36.806306306306304	35.6981981981982	38.43693693693694	
Nodes Above Average-----------	113	142	196	204	118	133	170	202	198	188	211	
Nodes Below Average-----------	109	80	26	18	104	89	52	20	24	34	11	

Average Coverage--------------	1197.7612612612613	1845.6126126126126	2109.7567567567567	2155.027027027027	1696.9684684684685	1784.4054054054054	1964.990990990991	2150.1666666666665	2128.063063063063	2066.4189189189187	2209.9189189189187	
Nodes Above Average-----------	119	141	194	200	118	134	170	199	197	187	192	
Nodes Below Average-----------	103	81	28	22	104	88	52	23	25	35	30	
Photos Above Average----------	25	39	40	40	39	39	39	40	40	40	40	
Photos Below Average----------	13	17	12	14	17	17	14	13	11	12	28	
Network Coverage--------------	35966	35966	35966	35966	35966	35966	35966	35966	35966	35966	35966	

Average Redundancy------------	20.076576576576578	58.98198198198198	85.37837837837837	91.1891891891892	52.76126126126126	62.62162162162162	71.76576576576576	84.42792792792793	80.31531531531532	75.47297297297297	96.29729729729729	
Nodes Above Average-----------	75	93	96	104	90	94	101	106	100	102	100	
Nodes Below Average-----------	147	129	126	118	132	128	121	116	122	120	122	
Photos Above Average----------	23	39	40	40	37	38	39	40	40	40	40	
Photos Below Average----------	18	26	33	35	23	24	29	34	34	32	37	
Network Redundancy------------	234394	386854	451354	462694	352474	374074	416194	460114	454294	439534	476014	

