Message stats for scenario S-7_Photo_5000-Scenario_5-ActualPOI_50
sim_time: 31622400.0000

Photo List Size: 4494
coverageValue-----------------	351	360	346	347	360	360	360	360	360	360	332	359	327	360	310	360	305	341	360	360	321	355	357	360	360	355	343	358	351	360	357	360	308	360	356	326	360	323	360	352	360	348	360	323	360	360	355	342	355	360	221	219	215	337	235	227	227	359	177	301	270	271	240	184	299	323	195	260	334	134	192	305	235	229	217	234	182	232	355	263	254	196	192	333	192	203	287	280	281	307	252	174	336	280	311	292	318	295	282	180	
redundantCoverageValue--------	309	480	494	193	180	420	480	300	480	180	268	301	153	300	290	360	235	259	300	420	279	305	363	420	120	305	437	302	189	420	423	120	472	420	424	334	180	157	420	368	300	252	300	397	300	420	245	198	305	240	199	201	145	263	125	133	133	481	63	539	210	149	240	116	421	397	105	340	206	166	168	175	245	311	83	126	118	248	365	157	106	164	168	567	108	97	493	560	199	173	348	246	264	260	169	368	222	545	318	0	
halfCoverageTime--------------	10510728.0	3719550.0	10510794.0	10510956.0	10762154.0	6791314.0	10681688.0	10510746.0	10510812.0	11127366.0	10681694.0	10762607.0	3951095.0	10509478.0	10762590.0	10510666.0	10510972.0	6258818.0	4013742.0	4205545.0	4013713.0	4013748.0	10509248.0	3719520.0	3949496.0	11127954.0	1953054.0	4299372.0	10519138.0	10510945.0	4014553.0	10509496.0	10509292.0	10509298.0	10509304.0	3951085.0	3950226.0	10510962.0	11127969.0	10762578.0	5227444.0	4014752.0	3949520.0	10868242.0	10510601.0	4023013.0	3951105.0	10510920.0	1509679.0	10681636.0	1440180.0	22594132.0	10520114.0	2646740.0	11128002.0	11280741.0	13203724.0	2026132.0	.0	6791302.0	3719496.0	10509398.0	10681676.0	10510806.0	490406.0	1494356.0	10519729.0	3951120.0	1017674.0	.0	757836.0	138462.0	12613386.0	10519316.0	4299384.0	4293014.0	10510723.0	2646734.0	126200.0	757814.0	10510978.0	12059866.0	18548506.0	1261030.0	13859204.0	8344500.0	1512746.0	5227432.0	10509326.0	1483892.0	4023018.0	.0	10510654.0	9971188.0	9971182.0	8344505.0	12060010.0	10519328.0	10519340.0	13227648.0	
numberOfPoint-----------------	1	1	1	1	1	1	1	1	1	1	1	1	1	1	1	1	1	1	1	1	1	1	1	1	1	1	1	1	1	1	1	1	1	1	1	1	1	1	1	1	1	1	1	1	1	1	1	1	1	1	2	3	4	6	2	4	9	5	4	7	6	4	6	1	3	2	2	3	4	3	3	5	4	2	5	5	11	2	5	3	2	3	3	3	14	1	3	2	2	2	4	7	2	2	3	3	2	4	4	3	
standardDeviation-------------	.0	.0	.0	.0	.0	.0	.0	.0	.0	.0	.0	.0	.0	.0	.0	.0	.0	.0	.0	.0	.0	.0	.0	.0	.0	.0	.0	.0	.0	.0	.0	.0	.0	.0	.0	.0	.0	.0	.0	.0	.0	.0	.0	.0	.0	.0	.0	.0	.0	.0	6.68	2.48	8.94	7.48	2.55	7.32	6.37	9.39	4.46	4.06	7.72	9.39	6.49	3.16	5.9	4.95	5.0	7.19	6.58	9.25	5.75	6.12	7.48	6.93	7.29	5.82	6.48	5.4	5.44	6.37	11.1	6.9	4.59	4.84	8.01	13.45	6.95	5.58	5.61	7.96	6.52	6.32	6.45	5.77	6.64	8.73	12.92	5.75	7.65	7.52	
initialCoverageValue----------	360	360	360	360	360	360	360	360	360	360	360	360	360	360	360	360	360	360	360	360	360	360	360	360	360	360	360	360	360	360	360	360	360	360	360	360	360	360	360	360	360	360	360	360	360	360	360	360	360	360	360	360	360	360	360	360	360	360	360	360	360	360	360	360	360	360	360	360	360	360	360	360	360	360	360	360	360	360	360	360	360	360	360	360	360	360	360	360	360	360	360	360	360	360	360	360	360	360	360	360	
initialRedundantCoverageValue-	1980	3180	1500	2820	2400	2160	2820	2040	2160	2880	2460	2520	3240	2280	2400	2700	1920	2220	2040	2040	2880	2520	2700	2880	2280	2760	1740	2040	2400	2640	2700	2520	2100	2820	2820	2700	2400	2280	2640	2160	3120	2520	2340	2400	2760	2040	1740	2280	2520	2280	2160	2220	2520	3120	2280	2340	2460	2700	1980	2520	2760	2220	2640	1440	2760	2520	2340	2400	2520	2460	1980	3360	2040	3120	1860	2460	2460	2760	2700	2340	2700	2280	1980	2760	2220	2700	2580	2460	2280	2160	2640	2580	2640	2460	1800	2460	2460	2460	2460	2100	
additionalPoiTime-------------	0.0
algorithmTime-----------------	7.10428554E7
Total Transferred Metadata----	14704

Photo List Size: 4494
Gained Coverage %-------------	0.8388888888888889
Gained Redundancy %-----------	0.11431623931623931
Total Cluster Created---------	50
Total Transferred Photo-------	3376
Total Photo at Destination----	969
Coverage Group----------------	1-30	31-60	61-90	91-120	121-150	151-180	181-210	211-240	241-270	271-300	301-330	331-360	
Coverage Distribution---------	0	0	0	0	1	3	8	12	5	9	14	48	
Ratio Group-------------------	.0	.1	.2	.3	.4	.5	.6	.7	.8	.9	1.0	
Coverage Ratio----------------	0	0	0	0	1	3	9	12	10	15	50	
Redundant Ratio---------------	1	47	42	9	1	0	0	0	0	0	0	
NumberOfPoint Group-----------	0	1	2	3	4	5	6	7	8	9	10	11	12	13	14	
NumOfPoint Distribution-------	0	2	13	13	9	5	3	2	0	1	0	1	0	0	1	
SD Group----------------------	0-1	1-2	2-3	3-4	4-5	5-6	6-7	7-8	8-9	9-10	10-11	11-12	12-13	13-14	
SD Distribution---------------	50	0	2	1	6	9	14	9	3	3	0	1	1	1	
Half Coverage Group-----------	0-3162240	3162240-6324480	6324480-9486720	9486720-12648960	12648960-15811200	15811200-18973440	18973440-22135680	22135680-25297920	25297920-28460160	28460160-31622400	31622400-34784640	
Half Cvg Time Distribution----	16	24	4	48	3	1	0	1	0	0	0	
Transferred Photo Group-------	0-3162240	3162240-6324480	6324480-9486720	9486720-12648960	12648960-15811200	15811200-18973440	18973440-22135680	22135680-25297920	25297920-28460160	28460160-31622400	31622400-34784640	
Photo Time Distribution-------	1632	551	234	1985	1183	595	263	647	239	439	0	

Cvg&Red Distribution----------	2.0	9486720.0	1.897344E7	2.846016E7	3162240.0	6324480.0	1.264896E7	2.529792E7	2.213568E7	1.58112E7	3.16224E7	
Average PhotoNum--------------	20.2972972972973	20.644144144144143	22.135135135135137	22.33783783783784	20.396396396396398	20.54954954954955	21.50900900900901	22.23873873873874	22.11261261261261	21.93243243243243	22.472972972972972	
Nodes Above Average-----------	113	110	103	103	110	109	105	103	103	110	104	
Nodes Below Average-----------	109	112	119	119	112	113	117	119	119	112	118	

Average Coverage--------------	1193.3063063063064	1213.644144144144	1296.5585585585586	1307.5900900900901	1199.4324324324325	1207.918918918919	1261.7837837837837	1301.7567567567567	1295.2702702702702	1285.9594594594594	1314.5135135135135	
Nodes Above Average-----------	119	108	107	105	115	107	103	105	106	107	106	
Nodes Below Average-----------	103	114	115	117	107	115	119	117	116	115	116	
Photos Above Average----------	25	27	30	31	26	27	29	31	30	30	31	
Photos Below Average----------	13	14	14	14	13	14	14	14	14	14	14	
Network Coverage--------------	35942	35942	35942	35942	35942	35942	35942	35942	35942	35942	35942	

Average Redundancy------------	24.53153153153153	25.004504504504503	31.54954954954955	32.68018018018018	24.35135135135135	25.054054054054053	28.756756756756758	32.567567567567565	31.486486486486488	29.986486486486488	33.86486486486486	
Nodes Above Average-----------	90	86	90	89	89	87	88	89	91	90	90	
Nodes Below Average-----------	132	136	132	133	133	135	134	133	131	132	132	
Photos Above Average----------	23	24	28	29	24	24	27	28	28	28	29	
Photos Below Average----------	18	18	17	17	17	18	17	17	17	17	17	
Network Redundancy------------	234418	239038	258898	261598	235738	237778	250558	260278	258598	256198	263398	

