Message stats for scenario S_5-Photo_5000-Scenario_4-ActualPOI_50
sim_time: 31622400.0000

Photo List Size: 4546
coverageValue-----------------	353	360	358	291	319	360	360	359	314	348	360	332	360	347	360	360	337	360	360	331	301	360	311	329	332	360	269	360	295	344	360	357	333	360	341	360	337	325	337	331	325	360	360	360	301	351	328	350	318	360	264	242	263	286	317	183	334	193	332	213	167	265	213	264	217	321	263	209	307	214	294	354	221	308	250	245	328	213	328	162	274	273	251	297	342	275	269	346	184	245	360	306	258	167	233	298	266	300	295	223	
redundantCoverageValue--------	247	300	302	369	281	180	300	241	106	312	360	208	480	313	180	240	323	420	300	209	239	240	229	211	208	180	271	240	365	256	300	123	267	360	139	420	323	275	263	329	275	360	240	420	179	429	332	310	222	300	696	358	337	254	403	117	446	227	328	87	13	335	147	96	83	159	277	151	413	266	246	306	439	232	230	55	332	27	212	198	506	387	109	183	318	265	151	194	296	535	420	174	342	73	67	122	94	480	245	197	
halfCoverageTime--------------	4013766.0	10682336.0	3950210.0	11127959.0	11127388.0	11127948.0	4013696.0	4013760.0	11199590.0	10682158.0	4804352.0	12566102.0	4293019.0	10682324.0	10682478.0	4013718.0	11401178.0	10682604.0	9971206.0	10682341.0	4205594.0	10682423.0	4292996.0	10682412.0	10682540.0	9971230.0	10682396.0	10868260.0	10682616.0	4205572.0	10682551.0	10682248.0	12059882.0	3949520.0	10682384.0	1500246.0	11401173.0	4023080.0	3951080.0	11127520.0	11974284.0	11127460.0	11791580.0	1500276.0	4205567.0	4013600.0	4205616.0	10682140.0	11199608.0	10682379.0	4205550.0	10682546.0	10682586.0	3719520.0	330538.0	9971182.0	382450.0	4205627.0	1483904.0	1494368.0	.0	13225148.0	29433796.0	9971200.0	8344488.0	501330.0	11451300.0	10682288.0	11974238.0	4299378.0	3719496.0	1483892.0	14320580.0	134906.0	3949508.0	1083508.0	4805105.0	13202478.0	1261014.0	.0	126266.0	1968312.0	11127546.0	1494362.0	1953030.0	490400.0	12334490.0	147400.0	13227648.0	11280746.0	382432.0	4013588.0	10682191.0	.0	15075431.0	490394.0	1261020.0	12574292.0	13201568.0	9971248.0	
numberOfPoint-----------------	1	1	1	1	1	1	1	1	1	1	1	1	1	1	1	1	1	1	1	1	1	1	1	1	1	1	1	1	1	1	1	1	1	1	1	1	1	1	1	1	1	1	1	1	1	1	1	1	1	1	5	2	8	3	3	2	2	2	21	2	2	2	2	2	2	2	2	5	1	2	5	7	2	3	2	2	8	14	6	1	3	5	4	4	3	3	5	3	3	4	1	9	2	1	11	2	9	2	3	3	
standardDeviation-------------	.0	.0	.0	.0	.0	.0	.0	.0	.0	.0	.0	.0	.0	.0	.0	.0	.0	.0	.0	.0	.0	.0	.0	.0	.0	.0	.0	.0	.0	.0	.0	.0	.0	.0	.0	.0	.0	.0	.0	.0	.0	.0	.0	.0	.0	.0	.0	.0	.0	.0	9.47	5.57	7.31	8.85	7.23	7.06	8.66	4.59	8.15	10.09	11.72	5.86	7.43	4.9	8.73	6.92	4.8	6.24	1.99	10.61	7.89	6.55	6.34	7.51	5.96	8.87	5.55	8.65	7.24	4.51	7.52	8.18	9.89	5.69	6.49	6.46	6.8	5.02	6.29	8.18	4.89	5.83	5.99	6.8	9.29	5.82	7.72	6.87	7.37	7.27	
initialCoverageValue----------	360	360	360	360	360	360	360	360	360	360	360	360	360	360	360	360	360	360	360	360	360	360	360	360	360	360	360	360	360	360	360	357	360	360	360	360	360	360	360	360	360	360	360	360	360	360	358	360	360	360	360	360	360	360	360	360	360	360	360	360	360	360	360	360	360	360	360	360	360	360	360	360	360	360	360	360	360	360	360	360	360	360	360	360	360	360	360	360	360	360	360	360	360	360	360	360	360	360	358	360	
initialRedundantCoverageValue-	2880	2460	2040	2460	2280	2520	3600	2640	1680	1860	3000	2460	2400	2580	2520	3720	2580	2220	2400	2460	2160	2640	2220	2340	1560	2520	2040	1860	2220	2280	2880	2343	2280	2520	1860	2760	1980	2220	2640	2340	2040	2940	3060	3300	2940	2100	2402	2280	2160	2760	2040	1740	2700	2280	2100	2700	2820	2640	1500	2520	2940	1920	2400	2580	3000	2760	2520	2640	1860	2040	2820	2160	2520	2160	2640	2280	2460	2220	2220	2940	2400	2880	2820	2280	1980	2880	2160	2700	2460	1980	2520	2040	3060	2460	1800	2280	2400	2640	1802	2460	
additionalPoiTime-------------	8.757428137E8
algorithmTime-----------------	8.17289239E7
serverTime--------------------	1.6380105E7
Total Transferred Metadata----	14872

Photo List Size: 4546
Gained Coverage %-------------	0.8411635595810296
Gained Redundancy %-----------	0.1096950030305904
Total Cluster Created---------	50
Total Transferred Photo-------	2869
Total Photo at Destination----	954
Coverage Group----------------	1-30	31-60	61-90	91-120	121-150	151-180	181-210	211-240	241-270	271-300	301-330	331-360	
Coverage Distribution---------	0	0	0	0	0	3	4	8	14	11	17	43	
Ratio Group-------------------	.0	.1	.2	.3	.4	.5	.6	.7	.8	.9	1.0	
Coverage Ratio----------------	0	0	0	0	0	3	8	9	13	18	49	
Redundant Ratio---------------	0	43	50	6	1	0	0	0	0	0	0	
NumberOfPoint Group-----------	0	1	2	3	4	5	6	7	8	9	10	11	12	13	14	15	16	17	18	19	20	21	
NumOfPoint Distribution-------	0	4	19	10	3	5	1	1	2	2	0	1	0	0	1	0	0	0	0	0	0	1	
SD Group----------------------	0-1	1-2	2-3	3-4	4-5	5-6	6-7	7-8	8-9	9-10	10-11	11-12	
SD Distribution---------------	50	1	0	0	5	9	10	11	8	3	2	1	
Half Coverage Group-----------	0-3162240	3162240-6324480	6324480-9486720	9486720-12648960	12648960-15811200	15811200-18973440	18973440-22135680	22135680-25297920	25297920-28460160	28460160-31622400	31622400-34784640	
Half Cvg Time Distribution----	20	24	1	45	6	0	0	0	0	1	0	
Transferred Photo Group-------	0-3162240	3162240-6324480	6324480-9486720	9486720-12648960	12648960-15811200	15811200-18973440	18973440-22135680	22135680-25297920	25297920-28460160	28460160-31622400	31622400-34784640	
Photo Time Distribution-------	3516	763	467	2618	1977	701	320	1353	340	445	0	

Cvg&Red Distribution----------	2.0	9486720.0	1.897344E7	2.846016E7	3162240.0	6324480.0	1.264896E7	2.529792E7	2.213568E7	1.58112E7	3.16224E7	
Average PhotoNum--------------	20.401785714285715	20.602678571428573	21.486607142857142	21.857142857142858	20.455357142857142	20.5	21.004464285714285	21.758928571428573	21.459821428571427	21.352678571428573	21.96875	
Nodes Above Average-----------	115	111	108	106	111	110	103	106	106	108	107	
Nodes Below Average-----------	109	113	116	118	113	114	121	118	118	116	117	

Average Coverage--------------	1202.6785714285713	1214.142857142857	1264.1919642857142	1285.0	1205.2232142857142	1207.78125	1237.3705357142858	1279.59375	1262.450892857143	1256.7901785714287	1290.6294642857142	
Nodes Above Average-----------	115	109	106	104	110	109	106	104	104	111	104	
Nodes Below Average-----------	109	115	118	120	114	115	118	120	120	113	120	
Photos Above Average----------	26	27	29	30	26	27	28	30	29	28	30	
Photos Below Average----------	14	14	14	14	14	14	14	14	14	13	14	
Network Coverage--------------	35980	35980	35980	35980	35980	35980	35980	35980	35980	35980	35980	

Average Redundancy------------	21.428571428571427	22.017857142857142	25.004464285714285	26.428571428571427	22.098214285714285	22.21875	22.897321428571427	25.941964285714285	25.138392857142858	24.370535714285715	27.495535714285715	
Nodes Above Average-----------	79	80	84	83	80	80	83	85	84	87	82	
Nodes Below Average-----------	145	144	140	141	144	144	141	139	140	137	142	
Photos Above Average----------	23	24	27	28	24	24	25	27	27	26	28	
Photos Below Average----------	18	18	17	18	18	18	18	17	17	17	18	
Network Redundancy------------	238220	240920	252800	257780	238940	239540	246320	256460	252440	251000	259280	

