Message stats for scenario S_9-Photo_5000-Scenario_4-ActualPOI_50
sim_time: 31622400.0000

Photo List Size: 4432
coverageValue-----------------	360	360	341	336	360	360	332	360	322	360	360	360	342	348	333	360	336	349	336	351	360	356	360	356	347	336	360	333	360	354	360	360	337	330	352	358	360	360	320	360	341	360	360	359	360	360	360	359	360	360	254	219	228	264	284	331	360	225	301	299	249	321	307	299	284	237	346	274	286	315	264	229	225	229	220	282	239	333	292	339	227	299	314	323	252	220	295	341	191	313	291	202	108	338	314	169	219	320	315	280	
redundantCoverageValue--------	240	180	379	144	180	300	208	300	338	360	120	240	258	192	207	240	204	491	204	249	240	424	240	304	253	384	360	207	240	246	180	180	263	210	128	362	360	240	160	480	259	300	420	361	360	420	300	361	300	420	466	141	132	456	76	449	540	375	239	481	411	519	233	241	196	363	314	506	374	465	156	131	255	491	320	378	541	267	308	381	433	301	226	577	48	200	545	259	409	407	189	218	72	322	166	71	261	520	465	320	
halfCoverageTime--------------	5576285.0	10775568.0	3719550.0	12059060.0	9971212.0	8344488.0	10510648.0	10509514.0	10526094.0	12059882.0	4205550.0	4293024.0	5227432.0	11127991.0	6959715.0	757820.0	10510591.0	6959698.0	10682105.0	10681630.0	1968330.0	1431192.0	1500258.0	8344494.0	10510636.0	1953025.0	12059048.0	10762562.0	10680686.0	10509298.0	2033385.0	4299389.0	11127948.0	1500287.0	4292990.0	1593896.0	4799231.0	5576274.0	10509732.0	3951068.0	12317564.0	12059054.0	10519794.0	4293014.0	10509928.0	8344500.0	10510933.0	3951095.0	4013748.0	3950215.0	9971170.0	12665004.0	1500270.0	3949536.0	10519049.0	2646734.0	138486.0	12566102.0	138502.0	3950226.0	10509310.0	10509726.0	1261025.0	490412.0	10520169.0	10510654.0	1083508.0	1953030.0	1953116.0	1017662.0	1593901.0	757836.0	9971194.0	4013702.0	126176.0	147389.0	4205582.0	9971236.0	3951100.0	4014763.0	1017674.0	10510630.0	9971242.0	1500292.0	11527156.0	13287572.0	1440204.0	138526.0	9971206.0	11127382.0	1494356.0	16894206.0	.0	1968306.0	2033390.0	.0	17427238.0	147332.0	1593884.0	490382.0	
numberOfPoint-----------------	1	1	1	1	1	1	1	1	1	1	1	1	1	1	1	1	1	1	1	1	1	1	1	1	1	1	1	1	1	1	1	1	1	1	1	1	1	1	1	1	1	1	1	1	1	1	1	1	1	1	1	3	3	3	2	4	3	2	13	3	3	2	3	8	1	1	3	3	5	3	3	0	6	8	3	4	3	3	8	7	2	3	2	3	3	3	3	3	3	4	1	2	5	3	2	2	1	2	3	1	
standardDeviation-------------	.0	.0	.0	.0	.0	.0	.0	.0	.0	.0	.0	.0	.0	.0	.0	.0	.0	.0	.0	.0	.0	.0	.0	.0	.0	.0	.0	.0	.0	.0	.0	.0	.0	.0	.0	.0	.0	.0	.0	.0	.0	.0	.0	.0	.0	.0	.0	.0	.0	.0	4.96	6.08	7.9	7.82	6.78	6.7	9.34	7.15	9.44	7.54	9.3	1.33	5.13	7.91	3.47	4.21	6.98	6.12	8.78	7.86	9.95	.0	8.81	3.85	6.75	6.59	7.78	6.03	7.73	6.8	7.55	4.57	8.52	8.91	9.1	5.27	5.8	4.9	6.37	8.55	3.41	5.65	5.61	6.88	6.48	5.88	7.4	5.13	6.78	1.88	
initialCoverageValue----------	360	360	360	360	360	360	360	360	360	360	360	360	360	360	360	360	360	360	360	360	360	360	360	360	360	360	360	360	360	360	360	360	360	360	360	360	360	360	360	360	360	360	360	360	360	360	360	360	360	360	360	360	360	360	360	360	360	360	360	360	360	360	360	360	360	360	360	360	360	360	360	360	360	360	360	360	360	360	360	360	360	360	360	360	360	358	360	360	360	360	358	360	360	360	360	360	360	360	360	360	
initialRedundantCoverageValue-	2640	2280	2280	1920	2640	2400	1680	2880	2040	2280	2760	3120	2280	1800	2580	2520	2580	2340	1800	1680	2700	2460	2520	2880	2580	2580	2820	1740	2580	2340	3180	1920	1800	2760	2400	2880	2940	2460	1800	2280	2160	1740	2280	3120	2700	2040	2100	2280	2820	2400	1980	2640	2880	2520	2400	2580	3420	2880	2340	2700	2340	2400	2400	2640	1980	2220	3000	2640	2580	2580	2460	2520	2160	2640	3360	2220	3060	2580	2400	2760	2220	2520	2400	2220	2280	1742	2940	2220	2400	2400	2162	1860	1740	2820	2340	2520	2400	2820	2760	2700	
additionalPoiTime-------------	9.267395406E8
algorithmTime-----------------	7.08556542E7
Total Transferred Metadata----	14587

Photo List Size: 4432
Gained Coverage %-------------	0.8675963995999556
Gained Redundancy %-----------	0.1235562608382685
Total Cluster Created---------	50
Total Transferred Photo-------	3719
Total Photo at Destination----	1028
Coverage Group----------------	1-30	31-60	61-90	91-120	121-150	151-180	181-210	211-240	241-270	271-300	301-330	331-360	
Coverage Distribution---------	0	0	0	1	0	1	2	12	5	12	13	54	
Ratio Group-------------------	.0	.1	.2	.3	.4	.5	.6	.7	.8	.9	1.0	
Coverage Ratio----------------	0	0	0	1	0	1	2	14	9	18	55	
Redundant Ratio---------------	0	34	60	6	0	0	0	0	0	0	0	
NumberOfPoint Group-----------	0	1	2	3	4	5	6	7	8	9	10	11	12	13	
NumOfPoint Distribution-------	1	6	9	23	3	2	1	1	3	0	0	0	0	1	
SD Group----------------------	0-1	1-2	2-3	3-4	4-5	5-6	6-7	7-8	8-9	9-10	
SD Distribution---------------	51	2	0	3	4	7	13	10	5	5	
Half Coverage Group-----------	0-3162240	3162240-6324480	6324480-9486720	9486720-12648960	12648960-15811200	15811200-18973440	18973440-22135680	22135680-25297920	25297920-28460160	28460160-31622400	31622400-34784640	
Half Cvg Time Distribution----	32	20	5	37	2	2	0	0	0	0	0	
Transferred Photo Group-------	0-3162240	3162240-6324480	6324480-9486720	9486720-12648960	12648960-15811200	15811200-18973440	18973440-22135680	22135680-25297920	25297920-28460160	28460160-31622400	31622400-34784640	
Photo Time Distribution-------	3533	757	199	7978	2412	828	298	1286	370	583	0	

Cvg&Red Distribution----------	2.0	9486720.0	1.897344E7	2.846016E7	3162240.0	6324480.0	1.264896E7	2.529792E7	2.213568E7	1.58112E7	3.16224E7	
Average PhotoNum--------------	20.2	20.345454545454544	21.686363636363637	21.977272727272727	20.227272727272727	20.28181818181818	21.21818181818182	21.831818181818182	21.65909090909091	21.51818181818182	22.136363636363637	
Nodes Above Average-----------	111	109	104	103	109	108	100	103	103	103	98	
Nodes Below Average-----------	109	111	116	117	111	112	120	117	117	117	122	

Average Coverage--------------	1188.3454545454545	1196.490909090909	1271.1818181818182	1286.7636363636364	1189.7863636363636	1192.8954545454546	1245.8545454545454	1279.1	1269.6954545454546	1262.4318181818182	1296.2681818181818	
Nodes Above Average-----------	114	113	100	100	113	112	103	100	100	100	101	
Nodes Below Average-----------	106	107	120	120	107	108	117	120	120	120	119	
Photos Above Average----------	25	26	30	31	26	26	28	30	30	30	31	
Photos Below Average----------	14	13	14	14	13	13	14	14	14	14	14	
Network Coverage--------------	35964	35944	35944	35944	35964	35964	35944	35944	35944	35944	35944	

Average Redundancy------------	23.654545454545456	24.236363636363638	30.0	31.87272727272727	23.85	24.013636363636362	27.236363636363638	30.80909090909091	29.85	28.65909090909091	31.913636363636364	
Nodes Above Average-----------	85	87	86	82	87	86	86	87	86	85	82	
Nodes Below Average-----------	135	133	134	138	133	134	134	133	134	135	138	
Photos Above Average----------	23	24	27	29	24	24	26	28	27	27	29	
Photos Below Average----------	17	17	17	17	17	17	17	17	17	18	17	
Network Redundancy------------	230676	232616	250316	254156	231036	231756	244136	252236	249956	248096	256256	

