Message stats for scenario S_9-Photo_5000-Scenario_5-ActualPOI_50
sim_time: 31622400.0000

Photo List Size: 4432
coverageValue-----------------	360	354	360	360	360	360	352	330	360	360	360	335	360	360	360	339	344	360	360	349	360	360	344	345	356	360	360	360	339	360	360	360	360	360	352	360	360	340	337	360	357	360	303	353	289	327	355	354	360	360	304	295	60	256	229	244	176	301	327	271	287	236	309	290	262	167	261	195	347	202	281	220	323	343	284	314	211	260	236	207	248	327	239	164	353	268	228	283	182	349	310	284	288	214	243	275	360	286	292	240	
redundantCoverageValue--------	240	306	480	240	240	420	308	390	360	420	180	265	540	240	300	501	376	300	480	491	300	360	196	315	184	360	240	420	381	300	480	420	360	420	188	360	240	380	143	420	183	240	177	247	371	213	365	426	540	300	236	245	0	284	131	536	124	59	273	449	193	364	351	670	218	13	159	225	313	98	379	260	637	137	196	406	209	400	184	93	352	393	361	76	487	152	252	557	118	431	290	136	372	206	237	385	600	134	308	0	
halfCoverageTime--------------	3951062.0	4013702.0	11127948.0	1953076.0	11127394.0	1500292.0	4013742.0	10509386.0	10509410.0	3719550.0	5576314.0	10519020.0	4013618.0	500820.0	2026132.0	1431192.0	10510960.0	1500276.0	4013696.0	10519812.0	10682088.0	3719520.0	10681626.0	10519806.0	4013612.0	9971194.0	5576285.0	10510630.0	10682116.0	10509466.0	500808.0	1512740.0	10868290.0	10509762.0	4205594.0	5576296.0	10509338.0	3951100.0	10525966.0	10681631.0	11979376.0	4293008.0	6791314.0	4293024.0	10509721.0	12566042.0	10509461.0	10681686.0	1495317.0	1968318.0	3719538.0	490412.0	.0	6791302.0	4299384.0	3719526.0	.0	1483909.0	1261025.0	4014570.0	11127510.0	4299372.0	9971200.0	3951050.0	15627704.0	.0	9971158.0	147400.0	10762607.0	9971206.0	4205550.0	4013576.0	4013582.0	8344494.0	382450.0	10519007.0	13100230.0	1499760.0	134906.0	28384754.0	3949502.0	10525892.0	4014558.0	.0	500796.0	1440216.0	1953030.0	9971248.0	14750561.0	138462.0	10680494.0	2646722.0	1431186.0	11207526.0	4023034.0	11127520.0	3949531.0	6632246.0	13859186.0	10510596.0	
numberOfPoint-----------------	1	1	1	1	1	1	1	1	1	1	1	1	1	1	1	1	1	1	1	1	1	1	1	1	1	1	1	1	1	1	1	1	1	1	1	1	1	1	1	1	1	1	1	1	1	1	1	1	1	1	2	2	1	16	3	2	2	2	3	2	3	4	7	2	2	2	5	1	7	4	4	2	6	14	3	1	8	6	6	3	7	3	2	2	7	6	2	2	1	2	4	5	2	3	1	2	4	3	3	1	
standardDeviation-------------	.0	.0	.0	.0	.0	.0	.0	.0	.0	.0	.0	.0	.0	.0	.0	.0	.0	.0	.0	.0	.0	.0	.0	.0	.0	.0	.0	.0	.0	.0	.0	.0	.0	.0	.0	.0	.0	.0	.0	.0	.0	.0	.0	.0	.0	.0	.0	.0	.0	.0	4.96	8.69	1.2	6.51	6.84	6.11	6.18	10.05	9.03	5.55	9.7	7.73	6.46	5.26	6.68	5.49	7.26	.54	5.64	9.02	9.59	6.9	8.31	7.74	7.03	.28	7.9	6.47	6.1	12.31	7.13	10.03	5.68	5.95	8.08	6.53	6.57	6.8	5.0	4.93	5.07	6.06	6.99	4.92	3.58	5.04	8.46	9.67	6.55	8.04	
initialCoverageValue----------	360	360	360	360	360	360	360	360	360	360	360	360	360	360	360	360	360	360	360	360	360	360	360	360	360	360	360	360	360	360	360	360	360	360	360	360	360	360	360	360	360	360	360	360	360	360	360	360	360	360	360	360	360	360	360	360	360	360	360	360	360	360	360	360	360	360	360	360	360	360	360	360	360	360	360	360	360	360	360	360	360	353	360	360	360	360	360	360	360	349	360	360	360	360	360	360	360	360	360	360	
initialRedundantCoverageValue-	2940	2220	2160	2100	2220	3000	1620	2280	2700	2880	3000	2400	2820	2700	2700	2340	1980	3000	3240	2820	2940	2760	2700	1860	1920	2220	2640	2400	2640	2520	2700	2340	2640	2700	2700	2340	2760	2280	2220	3060	2400	2100	2580	1980	2220	1620	2520	2460	2640	1980	2400	2100	2220	2340	2760	2460	2220	2760	1800	2100	2160	2040	3000	2700	2880	2460	2520	3060	2280	2220	3000	2160	3480	2340	2040	1740	1620	2760	2220	2340	2160	2107	2460	2220	2340	2460	2820	2580	2760	1751	2280	2040	2760	2340	2340	2580	2760	2460	2460	1800	
additionalPoiTime-------------	0.0
algorithmTime-----------------	6.81568369E7
serverTime--------------------	1.95625254E7
Total Transferred Metadata----	14593

Photo List Size: 4432
Gained Coverage %-------------	0.8538991718081262
Gained Redundancy %-----------	0.12435452224384076
Total Cluster Created---------	50
Total Transferred Photo-------	3335
Total Photo at Destination----	1026
Coverage Group----------------	1-30	31-60	61-90	91-120	121-150	151-180	181-210	211-240	241-270	271-300	301-330	331-360	
Coverage Distribution---------	0	1	0	0	0	3	4	9	8	13	11	51	
Ratio Group-------------------	.0	.1	.2	.3	.4	.5	.6	.7	.8	.9	1.0	
Coverage Ratio----------------	0	0	1	0	0	3	6	10	14	11	55	
Redundant Ratio---------------	2	33	54	11	0	0	0	0	0	0	0	
NumberOfPoint Group-----------	0	1	2	3	4	5	6	7	8	9	10	11	12	13	14	15	16	
NumOfPoint Distribution-------	0	6	17	9	5	2	4	4	1	0	0	0	0	0	1	0	1	
SD Group----------------------	0-1	1-2	2-3	3-4	4-5	5-6	6-7	7-8	8-9	9-10	10-11	11-12	12-13	
SD Distribution---------------	52	1	0	1	3	9	15	6	5	5	2	0	1	
Half Coverage Group-----------	0-3162240	3162240-6324480	6324480-9486720	9486720-12648960	12648960-15811200	15811200-18973440	18973440-22135680	22135680-25297920	25297920-28460160	28460160-31622400	31622400-34784640	
Half Cvg Time Distribution----	23	28	4	36	4	0	0	0	1	0	0	
Transferred Photo Group-------	0-3162240	3162240-6324480	6324480-9486720	9486720-12648960	12648960-15811200	15811200-18973440	18973440-22135680	22135680-25297920	25297920-28460160	28460160-31622400	31622400-34784640	
Photo Time Distribution-------	1754	587	135	2004	1078	482	195	693	242	464	0	

Cvg&Red Distribution----------	2.0	9486720.0	1.897344E7	2.846016E7	3162240.0	6324480.0	1.264896E7	2.529792E7	2.213568E7	1.58112E7	3.16224E7	
Average PhotoNum--------------	20.2	20.45909090909091	21.80909090909091	22.077272727272728	20.195454545454545	20.386363636363637	21.30909090909091	21.963636363636365	21.795454545454547	21.62727272727273	22.254545454545454	
Nodes Above Average-----------	111	109	106	96	107	108	102	105	105	106	98	
Nodes Below Average-----------	109	111	114	124	113	112	118	115	115	114	122	

Average Coverage--------------	1192.0181818181818	1206.0954545454545	1281.409090909091	1296.3590909090908	1191.1136363636363	1202.0590909090909	1254.168181818182	1290.0045454545455	1280.2363636363636	1272.668181818182	1306.2818181818182	
Nodes Above Average-----------	118	109	105	100	115	108	110	102	104	104	101	
Nodes Below Average-----------	102	111	115	120	105	112	110	118	116	116	119	
Photos Above Average----------	25	26	30	31	26	26	28	30	30	29	31	
Photos Below Average----------	13	14	14	14	13	14	14	14	14	14	14	
Network Coverage--------------	35977	35959	35938	35938	35977	35959	35959	35938	35938	35938	35938	

Average Redundancy------------	19.98181818181818	21.45	27.136363636363637	28.277272727272727	20.613636363636363	21.12272727272727	24.37727272727273	27.813636363636363	27.490909090909092	24.96818181818182	28.990909090909092	
Nodes Above Average-----------	76	80	81	83	77	78	84	82	81	81	84	
Nodes Below Average-----------	144	140	139	137	143	142	136	138	139	139	136	
Photos Above Average----------	25	26	29	30	25	26	28	29	29	28	30	
Photos Below Average----------	17	17	17	17	17	17	16	17	17	17	17	
Network Redundancy------------	230663	234101	251942	255482	230603	233141	245321	253982	251762	249542	257822	

