Message stats for scenario S_9-Photo_5000-Scenario_7-ActualPOI_50
sim_time: 31622400.0000

Photo List Size: 4432
coverageValue-----------------	338	360	360	337	360	289	338	344	325	360	341	360	340	359	330	341	350	360	315	360	352	341	352	360	335	360	360	310	340	329	326	360	360	360	335	360	338	360	360	360	360	349	351	345	351	353	333	360	326	360	350	315	348	327	360	355	351	360	352	360	360	360	341	360	360	360	313	342	314	343	345	358	360	310	352	358	360	360	360	360	360	360	360	360	304	344	347	358	360	336	264	339	345	340	360	300	349	348	341	311	
redundantCoverageValue--------	502	780	900	803	540	371	742	556	515	1200	859	1140	560	961	510	619	310	780	705	1320	548	919	788	900	445	720	1260	530	620	271	454	660	480	1020	505	660	502	780	960	720	960	611	609	855	249	487	747	900	394	600	1090	345	792	753	1020	605	909	1140	668	1080	1020	840	739	960	780	1080	527	618	226	977	975	722	840	590	1028	962	1260	660	1200	840	720	840	780	960	476	616	613	902	900	744	576	621	615	560	840	840	551	912	919	529	
halfCoverageTime--------------	10509780.0	10519938.0	6959710.0	4804341.0	3950226.0	14343048.0	10510250.0	10868260.0	10680686.0	1500292.0	3951085.0	2026138.0	10775616.0	3950220.0	10509292.0	11527186.0	4205562.0	1246044.0	10509332.0	757885.0	11128036.0	10773339.0	4013618.0	4014542.0	10519800.0	6959744.0	10509354.0	11127510.0	10681692.0	15410034.0	11127455.0	11127504.0	3951068.0	4013612.0	10775452.0	10509398.0	9971212.0	3951074.0	4205632.0	10680702.0	1509674.0	10510920.0	10509519.0	6959749.0	11127556.0	10509857.0	10510678.0	3719514.0	10762596.0	1500246.0	9971218.0	10510984.0	4013576.0	10509922.0	3719502.0	10509956.0	4292996.0	1953060.0	5576274.0	3949526.0	3951050.0	1953081.0	10509286.0	4805094.0	138496.0	10509910.0	4299378.0	3719520.0	11127541.0	147424.0	4205545.0	1261020.0	1953036.0	1261030.0	1593896.0	1953104.0	757868.0	1017679.0	147400.0	10509961.0	4205676.0	3719550.0	10775562.0	3719532.0	10510618.0	4205567.0	490424.0	4205687.0	2646746.0	2646722.0	10509898.0	10509254.0	10509874.0	490376.0	3949542.0	10509721.0	11280751.0	3949502.0	4013784.0	10519806.0	
numberOfPoint-----------------	1	1	1	1	1	1	1	1	1	1	1	1	1	1	1	1	1	1	1	1	1	1	1	1	1	1	1	1	1	1	1	1	1	1	1	1	1	1	1	1	1	1	1	1	1	1	1	1	1	1	3	3	6	2	4	3	3	2	2	4	3	1	5	4	9	6	3	3	1	4	3	5	1	6	2	4	4	2	2	2	4	2	4	4	7	2	4	4	2	2	5	7	5	2	6	3	2	4	1	1	
standardDeviation-------------	.0	.0	.0	.0	.0	.0	.0	.0	.0	.0	.0	.0	.0	.0	.0	.0	.0	.0	.0	.0	.0	.0	.0	.0	.0	.0	.0	.0	.0	.0	.0	.0	.0	.0	.0	.0	.0	.0	.0	.0	.0	.0	.0	.0	.0	.0	.0	.0	.0	.0	9.13	10.11	7.38	6.09	8.75	5.94	6.5	8.74	5.47	6.69	8.54	1.99	8.08	6.87	5.59	7.7	7.76	7.83	1.55	7.68	7.12	7.18	1.84	6.89	7.68	8.59	8.48	11.05	5.49	7.35	6.97	5.48	7.13	9.56	6.9	7.15	8.96	6.21	5.69	7.26	6.24	6.58	6.53	6.21	8.25	7.46	7.66	6.14	1.26	1.4	
initialCoverageValue----------	360	360	360	360	360	360	360	360	360	360	360	360	360	360	360	360	360	360	360	360	360	360	360	360	360	360	360	360	344	360	360	360	360	360	360	360	360	360	360	360	360	360	360	360	360	360	360	360	360	360	360	360	360	360	360	360	360	360	360	360	360	360	360	360	360	360	360	360	344	360	360	360	360	360	360	360	360	360	360	360	360	360	360	360	360	360	360	360	360	360	360	360	360	360	360	360	360	360	360	360	
initialRedundantCoverageValue-	2580	2640	2460	2340	2400	1920	2160	2280	2700	2460	2100	3420	2220	2640	2760	2640	1800	2760	2760	3000	2220	2700	2640	2280	2100	2580	2940	2880	1876	2640	2820	2100	2280	3120	2040	2700	2460	2820	3000	2460	3120	2580	2040	2520	2580	1800	3000	2760	1980	2460	2640	1800	2580	2220	3180	2040	2460	3120	2700	2640	2220	2640	1920	2100	2760	2760	1800	1800	1096	2400	2700	2700	2400	2160	2760	2640	2820	2100	2880	2280	2100	2580	2700	2520	1920	2040	2700	2460	2220	1860	2400	2160	2100	2340	2220	2460	2580	2280	2460	2340	
additionalPoiTime-------------	7.519716203E8
algorithmTime-----------------	7.22596632E7
serverTime--------------------	1.65517061E7
Total Transferred Metadata----	14589

Photo List Size: 4432
Gained Coverage %-------------	0.960659475088968
Gained Redundancy %-----------	0.3053190444222488
Total Cluster Created---------	50
Total Transferred Photo-------	4182
Total Photo at Destination----	1867
Coverage Group----------------	1-30	31-60	61-90	91-120	121-150	151-180	181-210	211-240	241-270	271-300	301-330	331-360	
Coverage Distribution---------	0	0	0	0	0	0	0	0	1	2	14	83	
Ratio Group-------------------	.0	.1	.2	.3	.4	.5	.6	.7	.8	.9	1.0	
Coverage Ratio----------------	0	0	0	0	0	0	0	0	1	9	90	
Redundant Ratio---------------	0	1	10	38	39	12	0	0	0	0	0	
NumberOfPoint Group-----------	0	1	2	3	4	5	6	7	8	9	
NumOfPoint Distribution-------	0	5	13	9	12	4	4	2	0	1	
SD Group----------------------	0-1	1-2	2-3	3-4	4-5	5-6	6-7	7-8	8-9	9-10	10-11	11-12	
SD Distribution---------------	50	5	0	0	0	6	13	14	8	2	1	1	
Half Coverage Group-----------	0-3162240	3162240-6324480	6324480-9486720	9486720-12648960	12648960-15811200	15811200-18973440	18973440-22135680	22135680-25297920	25297920-28460160	28460160-31622400	31622400-34784640	
Half Cvg Time Distribution----	22	30	3	43	2	0	0	0	0	0	0	
Transferred Photo Group-------	0-3162240	3162240-6324480	6324480-9486720	9486720-12648960	12648960-15811200	15811200-18973440	18973440-22135680	22135680-25297920	25297920-28460160	28460160-31622400	31622400-34784640	
Photo Time Distribution-------	3523	915	259	7695	2614	911	432	2405	315	567	0	

Cvg&Red Distribution----------	2.0	9486720.0	1.897344E7	2.846016E7	3162240.0	6324480.0	1.264896E7	2.529792E7	2.213568E7	1.58112E7	3.16224E7	
Average PhotoNum--------------	20.2	20.381818181818183	20.85	20.84090909090909	20.236363636363638	20.327272727272728	20.95	20.79090909090909	20.686363636363637	20.813636363636363	21.045454545454547	
Nodes Above Average-----------	111	108	111	108	107	107	109	109	110	111	103	
Nodes Below Average-----------	109	112	109	112	113	113	111	111	110	109	117	

Average Coverage--------------	1187.5681818181818	1196.9272727272728	1222.1727272727273	1221.5590909090909	1189.1363636363637	1193.6772727272728	1230.6045454545454	1218.0727272727272	1212.759090909091	1221.5272727272727	1232.8590909090908	
Nodes Above Average-----------	117	111	106	103	114	112	105	104	108	106	105	
Nodes Below Average-----------	103	109	114	117	106	108	115	116	112	114	115	
Photos Above Average----------	25	26	28	29	26	26	28	28	28	28	29	
Photos Below Average----------	13	14	13	13	13	14	14	13	13	13	13	
Network Coverage--------------	35961	35961	35959	35953	35961	35961	35959	35953	35959	35959	35953	

Average Redundancy------------	24.431818181818183	25.98181818181818	28.827272727272728	28.895454545454545	25.045454545454547	25.95909090909091	26.395454545454545	29.381818181818183	28.422727272727272	27.29090909090909	29.868181818181817	
Nodes Above Average-----------	81	82	82	84	81	82	83	84	82	80	84	
Nodes Below Average-----------	139	138	138	136	139	138	137	136	138	140	136	
Photos Above Average----------	24	25	26	27	24	25	26	26	26	26	27	
Photos Below Average----------	17	17	17	16	17	17	17	16	17	17	16	
Network Redundancy------------	230679	233079	239261	239147	231159	232359	240581	238487	237101	238781	241847	

