1	18770	14615	183	21	21
2	12993	14747	18	10	10
3	17352	30267	296	-1	56
4	17512	30298	236	-1	56
5	11171	11439	133	-1	65
6	10011	10783	152	9	9
7	9412	32831	279	22	22
8	3899	16278	238	28	28
9	14254	10320	304	45	45
10	28004	10939	27	-1	87
11	34759	10704	99	-1	68
12	29834	17498	337	-1	66
13	20566	28614	95	-1	79
14	5686	26738	348	24	24
15	29987	17508	197	-1	66
16	13782	20028	255	15	15
17	41494	26393	22	-1	52
18	15845	7249	337	35	35
19	10021	10783	153	9	9
20	9954	10701	150	9	9
21	21330	12294	120	-1	69
22	43560	7675	210	46	46
23	16635	31382	339	-1	93
24	21565	13170	70	31	31
25	13500	2166	189	-1	60
26	42410	11133	303	39	39
27	22960	14979	33	-1	77
28	9342	12982	4	-1	67
29	5747	26705	327	24	24
30	17366	19376	150	41	41
31	43422	32280	332	-1	100
32	21641	13208	137	31	31
33	9601	32845	246	22	22
34	20408	25096	43	-1	88
35	12506	19621	92	-1	85
36	27969	11128	285	-1	87
37	11702	10117	288	6	6
38	5890	26704	158	24	24
39	40021	32904	312	-1	91
40	15189	15288	207	30	30
41	11009	1269	319	8	8
42	11857	3649	214	-1	75
43	17294	30322	301	-1	56
44	20473	28845	340	-1	79
45	40247	7414	139	-1	51
46	11164	11508	226	-1	65
47	28050	10944	104	-1	87
48	13725	20039	266	15	15
49	39858	4479	85	27	27
50	38803	16356	58	5	5
51	17336	19275	111	41	41
52	38274	10908	323	40	40
53	29919	14859	297	-1	96
54	21360	17880	126	17	17
55	30654	10826	319	-1	55
56	31866	6514	1	-1	80
57	17640	25799	344	-1	57
58	17308	19459	268	41	41
59	29909	17413	40	-1	66
60	6702	33354	53	1	1
61	16119	15628	35	29	29
62	1077	30611	267	-1	71
63	1104	30589	262	-1	71
64	12422	19753	346	-1	85
65	13713	12811	258	13	13
66	29694	29359	117	-1	72
67	12806	15076	66	-1	98
68	6881	33481	194	1	1
69	32467	11656	85	-1	64
70	42460	9779	227	33	33
71	30076	14900	275	-1	96
72	14254	10332	310	45	45
73	16093	7071	139	35	35
74	41948	7926	75	-1	99
75	20318	17906	310	43	43
76	36571	12591	317	-1	81
77	21462	29494	250	44	44
78	21417	13309	4	31	31
79	7327	9584	139	-1	84
80	2465	29469	340	36	36
81	43666	32319	188	-1	100
82	17541	30149	137	-1	56
83	29822	17506	334	-1	66
84	12990	14725	40	10	10
85	11167	11468	203	-1	65
86	3300	30661	302	42	42
87	25645	12437	250	19	19
88	42330	9829	231	33	33
89	36859	27488	124	-1	62
90	34832	32651	229	-1	53
91	32552	22902	134	32	32
92	15968	7160	234	35	35
93	3856	16122	87	28	28
94	14548	10059	113	45	45
95	9240	12866	57	-1	67
96	21238	12515	323	-1	69
97	13665	12619	87	13	13
98	7169	30109	274	34	34
99	23040	14906	104	-1	77
100	43611	7499	150	46	46
101	13906	19990	216	15	15
102	9389	28060	17	2	2
103	13421	2009	172	-1	60
104	40551	13988	81	20	20
105	44183	25630	282	-1	74
106	31975	6653	278	-1	80
107	18573	24477	312	7	7
108	23324	32447	230	-1	83
109	8765	33197	193	-1	89
110	32386	11715	355	-1	64
111	9670	27998	162	2	2
112	21407	17814	142	17	17
113	11681	10234	294	6	6
114	21261	17860	20	17	17
115	10007	10798	166	9	9
116	40074	7467	357	-1	51
117	40426	14062	30	20	20
118	5339	31989	178	-1	94
119	38931	16486	194	5	5
120	42389	32442	338	-1	78
121	40159	7544	260	-1	51
122	13488	1896	100	-1	60
123	11586	10058	23	6	6
124	2038	9468	17	-1	73
125	2640	29389	153	36	36
126	2413	26027	226	26	26
127	17193	19433	332	41	41
128	2075	9489	326	-1	73
129	16780	31480	296	-1	93
130	32119	6474	140	-1	80
131	5026	30152	253	16	16
132	37434	11162	319	-1	61
133	6851	33622	251	1	1
134	17172	19253	44	41	41
135	2266	25971	43	26	26
136	38932	16396	97	5	5
137	40135	2820	267	49	49
138	42117	26704	212	-1	97
139	17521	30195	171	-1	56
140	15669	22138	266	11	11
141	15582	22191	309	11	11
142	11665	3425	48	-1	75
143	15040	15220	33	30	30
144	18768	14604	148	21	21
145	42566	32250	138	-1	78
146	5166	32110	311	-1	94
147	30823	10773	186	-1	55
148	21675	13375	198	31	31
149	5785	26625	64	24	24
150	21377	29248	58	44	44
151	38951	16353	120	5	5
152	40094	7570	307	-1	51
153	14364	21217	165	25	25
154	17817	25669	123	-1	57
155	20142	14690	247	3	3
156	12534	19662	106	-1	85
157	15770	21976	152	11	11
158	12751	15090	18	-1	98
159	21437	29481	251	44	44
160	37384	11145	339	-1	61
161	20481	28829	337	-1	79
162	43365	7493	18	46	46
163	4878	29916	55	16	16
164	34891	10654	144	-1	68
165	16243	15535	102	29	29
166	39046	12723	113	4	4
167	36750	27376	81	-1	62
168	17881	24548	258	48	48
169	11170	11595	250	-1	65
170	12409	19801	303	-1	85
171	20162	31312	279	37	37
172	43579	32165	105	-1	100
173	17740	27535	191	23	23
174	14440	10210	209	45	45
175	11569	10075	20	6	6
176	42451	10929	64	39	39
177	17801	25750	119	-1	57
178	23136	15069	232	-1	77
179	17823	24287	117	48	48
180	30800	10887	238	-1	55
181	25114	10718	184	-1	54
182	24916	10786	345	-1	54
183	12363	19645	43	-1	85
184	20053	31261	43	37	37
185	13650	19882	338	15	15
186	21467	29313	116	44	44
187	9404	32738	357	22	22
188	6915	33454	193	1	1
189	17609	24506	294	48	48
190	14939	30496	253	-1	63
191	14402	21191	179	25	25
192	2060	9370	48	-1	73
193	29664	11617	336	47	47
194	43611	32303	235	-1	100
195	20608	25105	163	-1	88
196	31928	6598	337	-1	80
197	985	30472	3	-1	71
198	5403	8974	326	-1	86
199	30645	10813	326	-1	55
200	41971	26491	107	-1	97
201	39087	12757	162	4	4
202	15805	7213	1	35	35
203	39691	4635	319	27	27
204	6757	33311	40	1	1
205	21645	13247	136	31	31
206	18584	14593	337	21	21
207	5279	31004	32	14	14
208	7193	9522	91	-1	84
209	7072	9494	55	-1	84
210	20157	31223	114	37	37
211	40116	32705	118	-1	91
212	11029	11619	287	-1	65
213	38805	16589	311	5	5
214	32089	6416	103	-1	80
215	32061	6499	159	-1	80
216	29597	29440	12	-1	72
217	42341	32378	348	-1	78
218	16208	15551	123	29	29
219	17686	24417	340	48	48
220	13560	12577	40	13	13
221	27942	10891	46	-1	87
222	17165	19541	288	41	41
223	16224	15624	90	29	29
224	9362	32748	349	22	22
225	15132	15249	154	30	30
226	38493	10732	143	40	40
227	34577	32530	30	-1	53
228	29876	14764	358	-1	96
229	9502	12994	210	-1	67
230	15014	15327	306	30	30
231	4937	29978	77	16	16
232	6829	33549	256	1	1
233	14325	21081	81	25	25
234	5189	32110	288	-1	94
235	17232	19288	52	41	41
236	11758	3632	241	-1	75
237	15076	15390	243	30	30
238	9543	32834	218	22	22
239	5474	8928	308	-1	86
240	4067	15639	267	-1	95
241	38990	12688	115	4	4
242	14297	21150	56	25	25
243	43468	7571	62	46	46
244	14523	10189	189	45	45
245	23352	32216	136	-1	83
246	44136	25444	74	-1	74
247	43646	32218	186	-1	100
248	20281	17991	334	43	43
249	19967	14424	44	3	3
250	5701	26773	327	24	24
251	17841	24488	242	48	48
252	42523	32346	160	-1	78
253	38914	12720	35	4	4
254	2334	9402	151	-1	73
255	12709	15297	320	-1	98
256	42090	26761	254	-1	97
257	15602	22163	283	11	11
258	41913	26520	76	-1	97
259	17352	19324	119	41	41
260	20200	14415	139	3	3
261	40406	14065	42	20	20
262	40414	14076	36	20	20
263	3708	2103	126	-1	76
264	9781	10722	72	9	9
265	9317	12880	75	-1	67
266	11263	11464	187	-1	65
267	2541	25956	136	26	26
268	41999	26699	275	-1	97
269	18781	24416	174	7	7
270	16041	7030	154	35	35
271	12895	15052	105	-1	98
272	20182	31174	113	37	37
273	9235	13061	311	-1	67
274	23101	14889	103	-1	77
275	20242	31258	143	37	37
276	13005	14713	15	10	10
277	13744	19826	70	15	15
278	20611	28785	295	-1	79
279	14382	21220	176	25	25
280	28076	10990	186	-1	87
281	20087	14685	273	3	3
282	17814	24235	101	48	48
283	3518	2324	291	-1	76
284	13782	19908	295	15	15
285	18795	14549	147	21	21
286	4992	30010	120	16	16
287	1232	30429	177	-1	71
288	10979	11567	344	-1	65
289	16043	15708	1	29	29
290	32491	22850	121	32	32
291	40046	32798	358	-1	91
292	22935	15101	325	-1	77
293	9410	27930	21	2	2
294	5577	8863	119	-1	86
295	8633	33174	335	-1	89
296	25697	23144	168	-1	70
297	29910	11608	202	47	47
298	12962	14758	27	10	10
299	29841	17550	316	-1	66
300	25156	10694	172	-1	54
301	42550	10942	109	39	39
302	5442	30981	166	14	14
303	23186	14852	152	-1	77
304	43568	32276	228	-1	100
305	17659	27371	140	23	23
306	38817	16636	295	5	5
307	21444	29468	277	44	44
308	37261	9238	191	18	18
309	17374	19248	134	41	41
310	7170	30134	251	34	34
311	18753	24351	122	7	7
312	8657	33139	19	-1	89
313	9579	32713	184	22	22
314	39647	4694	351	27	27
315	34651	10897	287	-1	68
316	39116	12804	155	4	4
317	29964	14869	305	-1	96
318	17731	24502	289	48	48
319	12446	19741	325	-1	85
320	15072	30353	158	-1	63
321	2051	9369	13	-1	73
322	42506	10900	81	39	39
323	41484	26634	319	-1	52
324	20644	28760	212	-1	79
325	29765	11650	262	47	47
326	43497	32147	37	-1	100
327	42374	9616	122	33	33
328	42226	9734	347	33	33
329	19222	1721	350	-1	59
330	20376	17950	287	43	43
331	23110	15141	261	-1	77
332	43562	7510	96	46	46
333	16827	31542	266	-1	93
334	7302	9692	242	-1	84
335	4167	15662	229	-1	95
336	42157	7937	150	-1	99
337	3838	16141	41	28	28
338	18648	24327	47	7	7
339	13046	14902	268	10	10
340	15057	30251	150	-1	63
341	4867	30136	338	16	16
342	1011	30366	57	-1	71
343	1290	30363	126	-1	71
344	5337	9058	315	-1	86
345	21418	13335	6	31	31
346	5319	32073	218	-1	94
347	29836	11654	254	47	47
348	20517	25188	254	-1	88
349	15122	15352	216	30	30
350	11132	11337	78	-1	65
351	29746	29330	140	-1	72
352	11311	1069	129	8	8
353	8629	33268	344	-1	89
354	17339	19402	228	41	41
355	7291	9578	136	-1	84
356	19465	1872	202	-1	59
357	17798	25796	124	-1	57
358	42571	32446	249	-1	78
359	20028	14551	0	3	3
360	17761	24461	260	48	48
361	23152	15096	192	-1	77
362	42388	11150	302	39	39
363	22879	31960	214	12	12
364	5374	8756	27	-1	86
365	16140	15763	327	29	29
366	33008	10888	119	38	38
367	1100	30387	46	-1	71
368	2267	9391	138	-1	73
369	38408	11004	222	40	40
370	19298	1576	53	-1	59
371	16101	7301	253	35	35
372	44343	25529	164	-1	74
373	5231	31010	359	14	14
374	4977	29945	86	16	16
375	5260	31125	328	14	14
376	30063	17570	222	-1	66
377	21407	13397	326	31	31
378	28199	10892	167	-1	87
379	25560	12328	242	19	19
380	11692	3485	49	-1	75
381	11244	11462	149	-1	65
382	14437	9053	356	-1	82
383	14920	30388	36	-1	63
384	20392	25175	343	-1	88
385	2156	9435	41	-1	73
386	5425	31997	193	-1	94
387	25184	10814	192	-1	54
388	30674	10653	46	-1	55
389	41958	8200	296	-1	99
390	32034	6454	101	-1	80
391	18545	14651	321	21	21
392	36838	27576	250	-1	62
393	40099	7510	334	-1	51
394	2317	26077	323	26	26
395	30602	10714	353	-1	55
396	12707	15331	294	-1	98
397	3980	15605	289	-1	95
398	32910	10861	108	38	38
399	25579	23064	70	-1	70
400	5637	8761	124	-1	86
401	40475	14150	309	20	20
402	18657	14529	70	21	21
403	32132	6384	159	-1	80
404	9416	32842	286	22	22
405	40392	13961	74	20	20
406	8791	33315	221	-1	89
407	39094	12800	177	4	4
408	32350	11649	42	-1	64
409	17848	24254	143	48	48
410	26227	5201	184	50	50
411	44107	25555	338	-1	74
412	42210	9680	345	33	33
413	23247	32245	31	-1	83
414	42316	9753	277	33	33
415	12390	19835	313	-1	85
416	34882	10615	152	-1	68
417	3531	2308	292	-1	76
418	5424	8884	22	-1	86
419	42464	10842	92	39	39
420	7691	23312	130	-1	92
421	18867	24577	208	7	7
422	22886	31772	139	12	12
423	16097	15618	3	29	29
424	39643	4579	32	27	27
425	15673	22045	148	11	11
426	8679	33055	54	-1	89
427	39863	4567	140	27	27
428	40369	13976	27	20	20
429	21464	13425	331	31	31
430	5321	30957	64	14	14
431	18800	24323	96	7	7
432	15060	15150	111	30	30
433	42169	9737	333	33	33
434	42168	9572	40	33	33
435	32533	11688	134	-1	64
436	22827	31766	83	12	12
437	42538	10958	128	39	39
438	20198	14399	104	3	3
439	36707	12492	269	-1	81
440	34766	10903	258	-1	68
441	42453	10878	57	39	39
442	15964	7284	289	35	35
443	20596	25254	230	-1	88
444	16742	31310	75	-1	93
445	18818	24324	151	7	7
446	1203	30579	246	-1	71
447	36915	27607	215	-1	62
448	15067	8887	277	-1	90
449	9554	28207	255	2	2
450	7226	30144	244	34	34
451	39877	4512	106	27	27
452	23426	32248	161	-1	83
453	42450	32322	54	-1	78
454	18707	14578	148	21	21
455	14888	8619	54	-1	90
456	15152	8852	212	-1	90
457	11010	11398	15	-1	65
458	1160	30478	194	-1	71
459	7336	9586	174	-1	84
460	9478	27921	53	2	2
461	21444	12302	112	-1	69
462	9468	13026	200	-1	67
463	38197	10805	44	40	40
464	25649	12262	165	19	19
465	29651	11527	21	47	47
466	5123	30073	197	16	16
467	29982	17378	106	-1	66
468	8816	33208	178	-1	89
469	14914	8777	16	-1	90
470	11269	11371	166	-1	65
471	25685	3985	229	-1	58
472	5427	31139	205	14	14
473	20387	24998	64	-1	88
474	43597	32159	111	-1	100
475	18633	14499	38	21	21
476	40037	2662	337	49	49
477	43398	32296	319	-1	100
478	9407	12921	140	-1	67
479	13907	19771	136	15	15
480	9307	13023	306	-1	67
481	11168	1282	240	8	8
482	20431	25074	35	-1	88
483	13734	12571	120	13	13
484	39675	4712	322	27	27
485	42326	32490	310	-1	78
486	41975	7971	62	-1	99
487	15123	8753	194	-1	90
488	9683	27934	142	2	2
489	12775	15131	64	-1	98
490	25720	23295	204	-1	70
491	5447	31127	225	14	14
492	11232	1194	188	8	8
493	15060	15338	264	30	30
494	11246	11334	146	-1	65
495	42392	32367	358	-1	78
496	16843	31433	220	-1	93
497	42388	9695	202	33	33
498	2195	9342	71	-1	73
499	14326	21323	262	25	25
500	7140	30002	22	34	34
501	11018	1283	337	8	8
502	42450	32309	71	-1	78
503	40557	14075	156	20	20
504	15178	8724	141	-1	90
505	18792	24441	167	7	7
506	18580	24344	27	7	7
507	4941	30177	315	16	16
508	25697	4013	205	-1	58
509	9266	13138	326	-1	67
510	22906	31870	143	12	12
511	36948	27383	116	-1	62
512	14981	8812	323	-1	90
513	20247	14397	139	3	3
514	15036	15260	32	30	30
515	38851	16493	348	5	5
516	5281	31052	339	14	14
517	20214	31172	128	37	37
518	36713	12348	96	-1	81
519	32762	11094	348	38	38
520	13676	12785	276	13	13
521	11887	3459	116	-1	75
522	38255	10993	330	40	40
523	20278	17839	339	43	43
524	22723	31908	355	12	12
525	14287	21159	44	25	25
526	14366	10239	298	45	45
527	44087	25484	10	-1	74
528	21270	17977	299	17	17
529	11050	11331	34	-1	65
530	8655	33248	319	-1	89
531	42462	10958	82	39	39
532	29987	17411	171	-1	66
533	3500	30624	201	42	42
534	2507	29509	316	36	36
535	9519	32812	229	22	22
536	42391	9737	231	33	33
537	42460	11090	256	39	39
538	3768	16229	347	28	28
539	20255	14637	239	3	3
540	38198	10838	41	40	40
541	41687	26435	114	-1	52
542	13828	19779	119	15	15
543	37322	9345	207	18	18
544	5755	26719	341	24	24
545	41644	26525	153	-1	52
546	29803	29277	106	-1	72
547	21434	18064	254	17	17
548	21206	18025	346	17	17
549	40138	2633	173	49	49
550	17726	24419	307	48	48
551	36966	27412	114	-1	62
552	1108	30512	292	-1	71
553	42527	11137	253	39	39
554	40070	32694	98	-1	91
555	39796	4468	94	27	27
556	9690	28221	243	2	2
557	25442	3888	7	-1	58
558	13565	12831	306	13	13
559	3777	16061	63	28	28
560	14726	8987	144	-1	82
561	40568	14044	142	20	20
562	3872	16059	81	28	28
563	11217	11437	181	-1	65
564	3195	30693	322	42	42
565	13302	2122	311	-1	60
566	3798	16181	352	28	28
567	16866	31351	171	-1	93
568	15138	15435	257	30	30
569	26024	5216	340	50	50
570	32848	11015	323	38	38
571	5211	32043	340	-1	94
572	11829	3463	118	-1	75
573	3267	30672	337	42	42
574	20037	14679	269	3	3
575	5220	32133	277	-1	94
576	13056	14836	305	10	10
577	1299	30557	180	-1	71
578	17816	25913	227	-1	57
579	44356	25706	249	-1	74
580	6918	33521	207	1	1
581	42624	32257	138	-1	78
582	9462	32794	270	22	22
583	4969	30025	54	16	16
584	39719	4647	321	27	27
585	11116	1051	92	8	8
586	7732	23395	181	-1	92
587	13505	2165	215	-1	60
588	31947	6541	318	-1	80
589	17714	27374	158	23	23
590	14383	10305	251	45	45
591	15090	8771	208	-1	90
592	39047	12884	216	4	4
593	36532	12551	324	-1	81
594	42458	10933	89	39	39
595	9581	32600	110	22	22
596	17807	25900	264	-1	57
597	3389	30508	97	42	42
598	32792	10838	46	38	38
599	42435	9663	142	33	33
600	25531	12439	286	19	19
601	42447	10935	58	39	39
602	18599	14683	288	21	21
603	28160	10879	103	-1	87
604	9931	10664	97	9	9
605	32561	11894	242	-1	64
606	14440	21324	237	25	25
607	6876	33346	122	1	1
608	32614	11839	187	-1	64
609	15204	15368	244	30	30
610	37546	11107	216	-1	61
611	13066	14842	258	10	10
612	13872	20020	248	15	15
613	26309	5021	147	50	50
614	29525	29289	24	-1	72
615	29764	29457	207	-1	72
616	21438	13246	54	31	31
617	7064	9594	359	-1	84
618	29929	17507	236	-1	66
619	21285	12467	308	-1	69
620	25434	3925	316	-1	58
621	20149	14400	100	3	3
622	7269	9773	221	-1	84
623	34814	32678	208	-1	53
624	17594	27488	111	23	23
625	16048	15667	331	29	29
626	17701	24328	48	48	48
627	12610	19777	207	-1	85
628	3382	30677	225	42	42
629	20450	25030	99	-1	88
630	17318	19439	269	41	41
631	13671	19872	28	15	15
632	5618	8814	151	-1	86
633	21533	13407	292	31	31
634	30001	17582	219	-1	66
635	32382	11740	30	-1	64
636	17698	24249	52	48	48
637	23219	32409	280	-1	83
638	43663	7729	241	46	46
639	20462	17856	197	43	43
640	11722	3442	81	-1	75
641	40143	7542	279	-1	51
642	14999	8762	4	-1	90
643	21269	12488	318	-1	69
644	41965	8205	304	-1	99
645	25534	4032	291	-1	58
646	18825	24378	123	7	7
647	2526	26072	195	26	26
648	32519	23067	196	32	32
649	3196	30479	38	42	42
650	7573	23390	42	-1	92
651	5005	30067	242	16	16
652	36970	27418	122	-1	62
653	44340	25605	186	-1	74
654	20504	17773	116	43	43
655	13450	1954	133	-1	60
656	38865	12866	319	4	4
657	25053	10739	298	-1	54
658	9272	12948	25	-1	67
659	15136	8919	245	-1	90
660	34687	10670	42	-1	68
661	9791	10736	25	9	9
662	11236	1231	219	8	8
663	14592	9109	275	-1	82
664	25685	23344	230	-1	70
665	20550	28706	0	-1	79
666	21399	12344	135	-1	69
667	39948	32850	333	-1	91
668	14946	30470	264	-1	63
669	11123	1294	273	8	8
670	40043	2529	51	49	49
671	17429	27434	36	23	23
672	13008	14756	16	10	10
673	22739	31816	72	12	12
674	36826	12420	188	-1	81
675	38804	16470	34	5	5
676	42618	32354	208	-1	78
677	37641	11008	161	-1	61
678	7092	9622	332	-1	84
679	29976	14773	343	-1	96
680	14606	9005	106	-1	82
681	20117	31394	293	37	37
682	18772	24331	97	7	7
683	12839	15019	119	-1	98
684	15008	15216	56	30	30
685	9465	27920	41	2	2
686	39069	12676	140	4	4
687	43427	32141	36	-1	100
688	32831	10839	27	38	38
689	21275	29393	335	44	44
690	12397	19750	353	-1	85
691	42160	9821	291	33	33
692	38474	10746	105	40	40
693	2573	29467	200	36	36
694	38821	16611	304	5	5
695	40092	7466	358	-1	51
696	25530	3864	66	-1	58
697	29840	17348	23	-1	66
698	21568	13210	94	31	31
699	40531	14224	249	20	20
700	7173	9767	278	-1	84
701	8837	33233	187	-1	89
702	38261	10879	19	40	40
703	3198	30752	324	42	42
704	9950	10698	130	9	9
705	17184	19489	327	41	41
706	38866	16494	338	5	5
707	31862	6445	13	-1	80
708	29990	17456	217	-1	66
709	7140	9507	69	-1	84
710	6950	33524	209	1	1
711	17496	27465	38	23	23
712	16164	15787	259	29	29
713	39042	12724	93	4	4
714	38972	12714	106	4	4
715	21383	29378	341	44	44
716	5218	30893	43	14	14
717	20505	17974	214	43	43
718	4867	29925	42	16	16
719	11162	1078	90	8	8
720	3274	30714	328	42	42
721	5137	31892	58	-1	94
722	11572	3501	359	-1	75
723	21284	12366	105	-1	69
724	38966	12969	289	4	4
725	13558	12657	44	13	13
726	20534	24995	102	-1	88
727	15702	22011	152	11	11
728	20506	25089	150	-1	88
729	6879	33524	267	1	1
730	13288	2056	0	-1	60
731	5603	8905	155	-1	86
732	18651	24584	299	7	7
733	13643	12839	284	13	13
734	38470	11046	250	40	40
735	30080	14650	129	-1	96
736	20521	24979	130	-1	88
737	9438	32733	333	22	22
738	37615	11228	220	-1	61
739	9233	13069	326	-1	67
740	14833	30284	24	-1	63
741	5146	30056	173	16	16
742	43461	32148	45	-1	100
743	29797	17540	311	-1	66
744	14409	21326	223	25	25
745	34653	32675	269	-1	53
746	15227	15310	204	30	30
747	40557	14023	97	20	20
748	22940	14880	53	-1	77
749	14458	10290	250	45	45
750	43471	32378	290	-1	100
751	9358	13066	268	-1	67
752	17473	30279	235	-1	56
753	6695	33460	11	1	1
754	15069	8829	227	-1	90
755	22696	31893	7	12	12
756	20306	17975	279	43	43
757	43465	32297	323	-1	100
758	15612	21932	87	11	11
759	40623	14065	141	20	20
760	17817	24402	165	48	48
761	17700	27625	199	23	23
762	29664	29473	267	-1	72
763	9806	10944	269	9	9
764	15095	8765	197	-1	90
765	22785	31851	48	12	12
766	39929	32821	24	-1	91
767	20524	28893	325	-1	79
768	42376	10963	353	39	39
769	40188	32952	254	-1	91
770	36580	12324	45	-1	81
771	43442	7673	332	46	46
772	19263	1663	60	-1	59
773	5495	31041	167	14	14
774	34673	10774	6	-1	68
775	15581	21891	37	11	11
776	25644	12356	177	19	19
777	11697	3607	289	-1	75
778	16630	31342	38	-1	93
779	2504	25875	138	26	26
780	29891	14713	37	-1	96
781	21420	29418	266	44	44
782	20355	17707	89	43	43
783	11067	1158	349	8	8
784	14357	10342	286	45	45
785	32386	11896	286	-1	64
786	9451	12966	187	-1	67
787	20278	31434	236	37	37
788	3560	2332	269	-1	76
789	44244	25651	279	-1	74
790	37296	9294	169	18	18
791	22788	32018	300	12	12
792	11865	3455	132	-1	75
793	42087	8064	177	-1	99
794	5564	8991	208	-1	86
795	16783	31469	260	-1	93
796	41600	26551	16	-1	52
797	17362	30083	42	-1	56
798	41661	26688	263	-1	52
799	36599	12461	342	-1	81
800	39877	4498	152	27	27
801	2520	29464	44	36	36
802	3737	16115	15	28	28
803	13196	14689	144	10	10
804	15089	15294	212	30	30
805	12862	15276	227	-1	98
806	2508	29502	337	36	36
807	14931	30438	309	-1	63
808	36761	27520	0	-1	62
809	32830	10851	55	38	38
810	34585	32465	20	-1	53
811	42124	26658	213	-1	97
812	25442	3859	345	-1	58
813	1184	30434	146	-1	71
814	20132	14618	244	3	3
815	38997	16427	180	5	5
816	20181	14469	143	3	3
817	20514	25047	122	-1	88
818	40377	14230	288	20	20
819	3680	2024	93	-1	76
820	13442	2065	176	-1	60
821	3974	16176	128	28	28
822	40279	7514	199	-1	51
823	40111	32656	70	-1	91
824	19421	1736	189	-1	59
825	9582	32732	179	22	22
826	32545	23094	201	32	32
827	39705	4597	349	27	27
828	23041	14996	343	-1	77
829	17526	30198	205	-1	56
830	9703	28223	253	2	2
831	40081	32718	76	-1	91
832	16708	31481	327	-1	93
833	43627	32194	146	-1	100
834	12810	15250	307	-1	98
835	25593	3734	86	-1	58
836	33050	10842	159	38	38
837	25686	3853	144	-1	58
838	42524	32238	102	-1	78
839	17625	24504	310	48	48
840	11767	10011	119	6	6
841	8636	33110	34	-1	89
842	3988	16282	233	28	28
843	42111	8161	239	-1	99
844	29840	17511	346	-1	66
845	21421	29335	49	44	44
846	38968	12901	287	4	4
847	12457	19715	3	-1	85
848	20367	17972	291	43	43
849	42456	32267	52	-1	78
850	17661	24476	292	48	48
851	9433	32846	311	22	22
852	7725	23554	242	-1	92
853	9301	13042	325	-1	67
854	3499	30592	156	42	42
855	32274	22876	29	32	32
856	2607	29455	161	36	36
857	4902	30136	315	16	16
858	17447	19249	149	41	41
859	12487	19593	87	-1	85
860	11015	1087	3	8	8
861	30041	17289	118	-1	66
862	42533	10992	181	39	39
863	16716	31477	287	-1	93
864	25181	10850	218	-1	54
865	20618	28738	230	-1	79
866	13885	19792	126	15	15
867	9605	27905	96	2	2
868	20281	31390	195	37	37
869	14337	10335	302	45	45
870	15660	22045	140	11	11
871	37019	9172	17	18	18
872	42077	8126	224	-1	99
873	39998	7557	312	-1	51
874	16865	31419	210	-1	93
875	32974	10903	145	38	38
876	7073	30107	334	34	34
877	44350	25672	204	-1	74
878	3438	30459	96	42	42
879	4928	29918	43	16	16
880	9824	10875	337	9	9
881	21436	29344	92	44	44
882	15083	15293	232	30	30
883	16275	15646	145	29	29
884	38849	12873	350	4	4
885	21439	17850	116	17	17
886	25651	12253	129	19	19
887	7161	9687	279	-1	84
888	3991	15602	293	-1	95
889	42433	9711	193	33	33
890	30866	10870	244	-1	55
891	5738	26626	74	24	24
892	25104	10609	129	-1	54
893	23161	15151	245	-1	77
894	31984	6378	49	-1	80
895	21165	12588	319	-1	69
896	9451	27973	63	2	2
897	18540	14708	305	21	21
898	33055	10871	147	38	38
899	13435	2051	167	-1	60
900	11058	11346	60	-1	65
901	42579	32202	98	-1	78
902	12691	15290	316	-1	98
903	20494	17999	220	43	43
904	5424	31876	150	-1	94
905	39721	4727	321	27	27
906	42506	32382	241	-1	78
907	26303	5189	195	50	50
908	27989	11057	289	-1	87
909	36909	27490	149	-1	62
910	36793	12372	141	-1	81
911	21297	17856	61	17	17
912	29774	17532	299	-1	66
913	42065	7965	101	-1	99
914	2397	25927	66	26	26
915	18712	24463	274	7	7
916	10997	11448	14	-1	65
917	5124	30195	222	16	16
918	38884	12898	321	4	4
919	9256	13030	351	-1	67
920	44240	25648	236	-1	74
921	40312	7476	216	-1	51
922	25431	12451	298	19	19
923	27983	10864	73	-1	87
924	5614	8986	204	-1	86
925	5708	26675	38	24	24
926	37502	11084	289	-1	61
927	42053	26783	235	-1	97
928	9422	28066	6	2	2
929	16333	15774	223	29	29
930	34555	32514	351	-1	53
931	36915	27408	137	-1	62
932	40105	2563	108	49	49
933	3473	30580	146	42	42
934	14533	10327	232	45	45
935	21355	17957	251	17	17
936	3400	30710	219	42	42
937	43393	32158	17	-1	100
938	1179	30421	116	-1	71
939	18629	24381	18	7	7
940	30032	17568	236	-1	66
941	12859	15247	226	-1	98
942	41691	26515	141	-1	52
943	41751	26523	164	-1	52
944	11874	10005	160	6	6
945	19325	1688	50	-1	59
946	42475	32323	89	-1	78
947	39726	4469	64	27	27
948	12555	19600	77	-1	85
949	25442	12278	11	19	19
950	15770	22103	199	11	11
951	29585	29368	39	-1	72
952	14793	30504	337	-1	63
953	42582	32291	181	-1	78
954	27946	11029	6	-1	87
955	6957	33519	233	1	1
956	2602	29612	266	36	36
957	36769	12297	138	-1	81
958	7097	29998	4	34	34
959	25034	10617	50	-1	54
960	42094	26554	122	-1	97
961	25434	4042	322	-1	58
962	23431	32296	166	-1	83
963	14384	10348	276	45	45
964	9575	28149	275	2	2
965	28060	10976	94	-1	87
966	6769	33409	14	1	1
967	17564	30072	152	-1	56
968	7686	23521	285	-1	92
969	39652	4723	329	27	27
970	5425	31015	134	14	14
971	13692	19819	56	15	15
972	9537	32682	147	22	22
973	29939	17528	234	-1	66
974	17771	25964	300	-1	57
975	42185	9843	293	33	33
976	14374	10076	106	45	45
977	14427	10144	146	45	45
978	11216	1074	158	8	8
979	9548	32719	195	22	22
980	9941	10840	185	9	9
981	29945	14683	71	-1	96
982	26187	5315	253	50	50
983	32433	11855	291	-1	64
984	42087	8174	213	-1	99
985	26294	5209	187	50	50
986	21339	17822	111	17	17
987	3712	2058	124	-1	76
988	41944	8002	36	-1	99
989	32465	11629	101	-1	64
990	44175	25469	51	-1	74
991	13119	14698	112	10	10
992	9408	28032	358	2	2
993	21184	17918	16	17	17
994	23055	14940	111	-1	77
995	19380	1680	159	-1	59
996	39868	4535	153	27	27
997	14978	15318	306	30	30
998	19413	1598	116	-1	59
999	30165	14670	151	-1	96
1000	42126	26731	197	-1	97
1001	43583	7755	231	46	46
1002	18722	24514	269	7	7
1003	21197	17935	334	17	17
1004	25535	12172	78	19	19
1005	32992	10985	191	38	38
1006	30010	17536	205	-1	66
1007	25696	12173	148	19	19
1008	2424	26012	173	26	26
1009	42466	32312	86	-1	78
1010	9403	32728	11	22	22
1011	31991	6405	53	-1	80
1012	25474	12150	39	19	19
1013	16037	7293	260	35	35
1014	17458	27632	289	23	23
1015	20558	28705	1	-1	79
1016	1170	30491	247	-1	71
1017	32469	23064	255	32	32
1018	44055	25575	14	-1	74
1019	9730	10928	299	9	9
1020	16058	7130	188	35	35
1021	39816	4680	250	27	27
1022	2342	9483	188	-1	73
1023	20043	31435	311	37	37
1024	15721	22034	191	11	11
1025	9339	12883	77	-1	67
1026	37128	9365	264	18	18
1027	13438	1923	140	-1	60
1028	13764	12811	227	13	13
1029	40294	7364	151	-1	51
1030	17815	25808	122	-1	57
1031	12878	15323	242	-1	98
1032	18841	24373	139	7	7
1033	2048	9452	345	-1	73
1034	11052	1230	340	8	8
1035	28142	11048	198	-1	87
1036	7202	30170	264	34	34
1037	42616	32282	134	-1	78
1038	37066	9206	40	18	18
1039	13752	19879	350	15	15
1040	13786	19907	302	15	15
1041	7178	9589	33	-1	84
1042	11664	10068	30	6	6
1043	41749	26569	207	-1	52
1044	20108	31336	309	37	37
1045	20117	31149	87	37	37
1046	39787	4693	250	27	27
1047	5713	26615	40	24	24
1048	37289	9255	158	18	18
1049	5488	30897	129	14	14
1050	21585	13374	217	31	31
1051	20712	28642	111	-1	79
1052	32374	11824	339	-1	64
1053	34802	10783	225	-1	68
1054	38265	11016	332	40	40
1055	6706	33409	25	1	1
1056	20327	25105	18	-1	88
1057	17567	27358	100	23	23
1058	18628	14453	63	21	21
1059	5041	29957	139	16	16
1060	33069	11127	245	38	38
1061	12746	15236	296	-1	98
1062	3669	2237	219	-1	76
1063	20313	17954	334	43	43
1064	2299	9516	177	-1	73
1065	20174	14568	223	3	3
1066	39867	4462	123	27	27
1067	16082	7057	141	35	35
1068	25713	3928	215	-1	58
1069	38411	10881	167	40	40
1070	40655	14098	196	20	20
1071	2342	9557	186	-1	73
1072	20264	14497	184	3	3
1073	16830	31369	164	-1	93
1074	14414	21369	210	25	25
1075	29815	11634	258	47	47
1076	40577	14216	226	20	20
1077	25583	12368	207	19	19
1078	34680	32529	111	-1	53
1079	31865	6488	355	-1	80
1080	3972	16082	106	28	28
1081	25535	12403	256	19	19
1082	11100	11389	85	-1	65
1083	41595	26637	274	-1	52
1084	21428	12504	179	-1	69
1085	5826	26563	114	24	24
1086	18817	24487	182	7	7
1087	11246	11541	181	-1	65
1088	42571	32416	220	-1	78
1089	34722	32586	198	-1	53
1090	21628	13448	229	31	31
1091	20177	14468	136	3	3
1092	29834	17344	19	-1	66
1093	12395	19595	63	-1	85
1094	3238	30591	13	42	42
1095	42394	9782	234	33	33
1096	17913	24499	228	48	48
1097	11853	10119	213	6	6
1098	42348	9736	224	33	33
1099	38989	16354	104	5	5
1100	40111	32933	233	-1	91
1101	25496	23249	330	-1	70
1102	26102	5142	36	50	50
1103	5177	31935	20	-1	94
1104	9943	10694	89	9	9
1105	20075	31356	304	37	37
1106	15095	15299	213	30	30
1107	42430	9758	235	33	33
1108	29880	17324	44	-1	66
1109	4919	30006	13	16	16
1110	5387	8865	52	-1	86
1111	12946	15074	143	-1	98
1112	17345	19292	91	41	41
1113	5229	31901	73	-1	94
1114	36886	27619	201	-1	62
1115	3599	2067	57	-1	76
1116	3918	15421	66	-1	95
1117	44178	25463	44	-1	74
1118	18697	14539	122	21	21
1119	14972	8824	319	-1	90
1120	30164	14749	197	-1	96
1121	32128	6406	162	-1	80
1122	17531	27541	315	23	23
1123	18742	24292	87	7	7
1124	17839	24356	170	48	48
1125	14921	8768	10	-1	90
1126	9313	32720	342	22	22
1127	4061	15493	179	-1	95
1128	14447	9090	330	-1	82
1129	42354	9726	201	33	33
1130	34579	32673	319	-1	53
1131	23071	15092	247	-1	77
1132	26301	5088	125	50	50
1133	39079	12824	153	4	4
1134	40308	7548	220	-1	51
1135	17542	27656	276	23	23
1136	44169	25702	301	-1	74
1137	26076	5340	321	50	50
1138	40077	2611	107	49	49
1139	42370	10976	25	39	39
1140	18610	24340	38	7	7
1141	3765	2062	159	-1	76
1142	20123	14639	277	3	3
1143	9645	28093	217	2	2
1144	43618	7718	232	46	46
1145	21362	18035	244	17	17
1146	15815	22102	223	11	11
1147	12530	19623	122	-1	85
1148	34619	32648	294	-1	53
1149	15901	7198	327	35	35
1150	26213	5041	99	50	50
1151	42314	9826	239	33	33
1152	16079	7070	125	35	35
1153	3619	2031	117	-1	76
1154	18644	24402	34	7	7
1155	9474	32813	269	22	22
1156	2309	25905	64	26	26
1157	25515	3733	72	-1	58
1158	16224	15754	240	29	29
1159	3774	2248	223	-1	76
1160	3906	16299	243	28	28
1161	5332	30891	90	14	14
1162	9294	12921	15	-1	67
1163	32599	11788	173	-1	64
1164	37398	10930	35	-1	61
1165	21176	12299	62	-1	69
1166	38436	10764	101	40	40
1167	25103	10770	246	-1	54
1168	11062	11631	292	-1	65
1169	2154	9389	78	-1	73
1170	16720	31521	283	-1	93
1171	41667	26584	199	-1	52
1172	5487	31176	202	14	14
1173	11064	11413	58	-1	65
1174	3634	2287	243	-1	76
1175	27948	11070	344	-1	87
1176	36846	12398	153	-1	81
1177	16776	31536	303	-1	93
1178	13181	14634	98	10	10
1179	42057	26663	219	-1	97
1180	13758	12583	114	13	13
1181	34617	10870	344	-1	68
1182	32000	6441	63	-1	80
1183	17875	24410	193	48	48
1184	14907	30248	45	-1	63
1185	29566	29321	26	-1	72
1186	9337	32754	354	22	22
1187	30627	10882	338	-1	55
1188	2538	26120	217	26	26
1189	41959	8123	317	-1	99
1190	18781	14620	157	21	21
1191	14367	10084	46	45	45
1192	2473	29465	351	36	36
1193	25046	10584	104	-1	54
1194	13691	12554	85	13	13
1195	5194	30976	18	14	14
1196	14906	30467	284	-1	63
1197	36769	12392	128	-1	81
1198	41903	8171	302	-1	99
1199	4036	16332	219	28	28
1200	11830	3579	156	-1	75
1201	29793	11635	274	47	47
1202	17478	30143	125	-1	56
1203	25599	12416	222	19	19
1204	30014	14633	108	-1	96
1205	14795	30454	325	-1	63
1206	29619	29295	90	-1	72
1207	17494	27585	302	23	23
1208	2606	29421	170	36	36
1209	30688	10644	47	-1	55
1210	36969	27678	221	-1	62
1211	13681	19872	7	15	15
1212	11045	1082	47	8	8
1213	29653	29568	302	-1	72
1214	21453	17863	143	17	17
1215	27913	11074	326	-1	87
1216	40489	14098	51	20	20
1217	43657	7539	138	46	46
1218	33000	10968	194	38	38
1219	25570	12291	169	19	19
1220	32516	11688	105	-1	64
1221	8902	33081	150	-1	89
1222	12723	15063	39	-1	98
1223	16680	31451	337	-1	93
1224	19481	1847	224	-1	59
1225	42508	10919	123	39	39
1226	12381	19647	22	-1	85
1227	11059	1059	32	8	8
1228	15588	22038	21	11	11
1229	17615	24436	350	48	48
1230	20541	28877	299	-1	79
1231	21410	13424	317	31	31
1232	18528	14670	332	21	21
1233	21264	18089	312	17	17
1234	22989	31968	193	12	12
1235	43487	7643	309	46	46
1236	6907	33317	129	1	1
1237	30027	17443	178	-1	66
1238	40315	7545	230	-1	51
1239	17715	24458	315	48	48
1240	26270	5253	204	50	50
1241	11206	11609	258	-1	65
1242	23024	14920	94	-1	77
1243	2266	26116	316	26	26
1244	15982	7293	262	35	35
1245	20459	25141	18	-1	88
1246	23393	32194	107	-1	83
1247	41928	7933	39	-1	99
1248	2403	26031	230	26	26
1249	15877	7292	292	35	35
1250	17848	25864	235	-1	57
1251	32873	11003	326	38	38
1252	17241	19248	81	41	41
1253	21151	12460	333	-1	69
1254	20170	14452	123	3	3
1255	42155	9734	354	33	33
1256	17808	24517	237	48	48
1257	42203	9821	287	33	33
1258	42448	9723	203	33	33
1259	32417	11742	352	-1	64
1260	21237	12412	57	-1	69
1261	25441	23195	340	-1	70
1262	9496	27963	67	2	2
1263	12848	15161	172	-1	98
1264	14526	10288	230	45	45
1265	32308	23066	304	32	32
1266	5491	30915	165	14	14
1267	6999	33363	124	1	1
1268	13006	14875	315	10	10
1269	28018	10957	23	-1	87
1270	29986	17377	108	-1	66
1271	44057	25613	350	-1	74
1272	13538	12750	7	13	13
1273	13627	12868	289	13	13
1274	29610	29468	321	-1	72
1275	6728	33610	301	1	1
1276	34598	32707	315	-1	53
1277	42039	7939	107	-1	99
1278	18743	14484	126	21	21
1279	16241	15534	111	29	29
1280	29651	29284	67	-1	72
1281	14177	21256	319	25	25
1282	13760	12708	185	13	13
1283	14385	10053	60	45	45
1284	40139	2602	151	49	49
1285	17765	24344	74	48	48
1286	14444	21252	178	25	25
1287	9494	27948	71	2	2
1288	17338	30069	43	-1	56
1289	11691	3600	300	-1	75
1290	29953	17327	90	-1	66
1291	42362	9723	199	33	33
1292	5390	31025	142	14	14
1293	2644	29427	161	36	36
1294	25442	3893	348	-1	58
1295	15766	22062	174	11	11
1296	4928	30196	299	16	16
1297	20407	17835	113	43	43
1298	6946	33514	201	1	1
1299	18702	24528	253	7	7
1300	29633	11672	311	47	47
1301	34650	32537	20	-1	53
1302	32542	11646	121	-1	64
1303	12583	19781	227	-1	85
1304	32463	11728	47	-1	64
1305	5090	30110	242	16	16
1306	21401	12454	194	-1	69
1307	30156	14608	159	-1	96
1308	7191	9676	296	-1	84
1309	39732	4645	351	27	27
1310	3869	15441	29	-1	95
1311	37030	9378	314	18	18
1312	39722	4742	291	27	27
1313	17413	30158	57	-1	56
1314	25411	23279	318	-1	70
1315	23226	32383	304	-1	83
1316	30060	17562	218	-1	66
1317	42182	8031	160	-1	99
1318	4131	15422	136	-1	95
1319	30600	10753	0	-1	55
1320	7311	29887	107	34	34
1321	28180	11069	187	-1	87
1322	14339	10070	38	45	45
1323	43584	32382	225	-1	100
1324	20040	31318	3	37	37
1325	39902	4493	153	27	27
1326	38805	16460	26	5	5
1327	12720	15163	1	-1	98
1328	2527	26040	207	26	26
1329	38959	16421	165	5	5
1330	8881	33288	209	-1	89
1331	40272	7436	165	-1	51
1332	25616	23270	204	-1	70
1333	9904	10697	105	9	9
1334	27923	11136	316	-1	87
1335	2398	29544	332	36	36
1336	16941	31510	242	-1	93
1337	9366	32592	26	22	22
1338	29999	14674	68	-1	96
1339	41606	26589	310	-1	52
1340	15782	22140	212	11	11
1341	7208	29883	88	34	34
1342	23390	32375	222	-1	83
1343	18721	24468	240	7	7
1344	32421	23105	279	32	32
1345	5946	26640	159	24	24
1346	14247	21379	308	25	25
1347	39063	12683	100	4	4
1348	30781	10665	123	-1	55
1349	13379	1913	69	-1	60
1350	40015	32757	56	-1	91
1351	2261	9521	216	-1	73
1352	7286	30122	214	34	34
1353	29785	17285	46	-1	66
1354	15188	8641	168	-1	90
1355	5644	8826	163	-1	86
1356	17297	19407	339	41	41
1357	13664	12819	263	13	13
1358	25474	23291	328	-1	70
1359	7198	30027	107	34	34
1360	7595	23555	269	-1	92
1361	3765	2033	117	-1	76
1362	42476	32426	278	-1	78
1363	3524	2083	54	-1	76
1364	3759	2323	243	-1	76
1365	22895	31877	144	12	12
1366	25492	23325	306	-1	70
1367	17520	30320	231	-1	56
1368	42610	11071	236	39	39
1369	38948	12833	355	4	4
1370	15122	8641	101	-1	90
1371	16893	31293	119	-1	93
1372	14553	9000	63	-1	82
1373	14336	21256	228	25	25
1374	12417	19714	17	-1	85
1375	21485	13386	321	31	31
1376	11575	10002	12	6	6
1377	3703	2045	126	-1	76
1378	38858	16366	56	5	5
1379	25465	23271	303	-1	70
1380	29791	29435	150	-1	72
1381	2647	29317	110	36	36
1382	15015	15226	17	30	30
1383	30675	10909	295	-1	55
1384	9875	10745	82	9	9
1385	20606	25297	249	-1	88
1386	42376	32208	29	-1	78
1387	43480	7770	269	46	46
1388	3488	30461	124	42	42
1389	30837	10746	180	-1	55
1390	39972	2808	319	49	49
1391	17439	19365	154	41	41
1392	25639	3786	138	-1	58
1393	37059	9363	293	18	18
1394	40138	2548	114	49	49
1395	28013	11043	300	-1	87
1396	42025	8086	292	-1	99
1397	42465	10998	5	39	39
1398	20403	17933	269	43	43
1399	21411	29290	88	44	44
1400	16756	31371	69	-1	93
1401	11204	11332	111	-1	65
1402	15066	8914	247	-1	90
1403	15023	15198	29	30	30
1404	11608	9939	73	6	6
1405	20402	17860	187	43	43
1406	25597	12284	166	19	19
1407	5663	26795	343	24	24
1408	3193	30589	14	42	42
1409	12950	14721	16	10	10
1410	21170	12582	286	-1	69
1411	34627	32625	302	-1	53
1412	30632	10724	0	-1	55
1413	12977	15214	168	-1	98
1414	23089	15119	225	-1	77
1415	2401	25966	117	26	26
1416	22725	31851	59	12	12
1417	18571	24384	14	7	7
1418	38230	10842	18	40	40
1419	21175	12375	4	-1	69
1420	9426	13019	210	-1	67
1421	11266	1132	174	8	8
1422	9744	10916	329	9	9
1423	20591	25293	224	-1	88
1424	7705	23503	226	-1	92
1425	3954	15661	307	-1	95
1426	32490	11656	82	-1	64
1427	29706	11557	28	47	47
1428	15510	21972	8	11	11
1429	32021	6438	105	-1	80
1430	39721	4520	36	27	27
1431	25713	23251	164	-1	70
1432	16912	31325	154	-1	93
1433	20147	31230	64	37	37
1434	29903	11607	180	47	47
1435	30737	10822	258	-1	55
1436	25014	10726	354	-1	54
1437	3549	2183	326	-1	76
1438	9320	32761	15	22	22
1439	5110	30132	214	16	16
1440	10995	1238	323	8	8
1441	23373	32262	166	-1	83
1442	11583	10031	358	6	6
1443	21518	13342	334	31	31
1444	7216	30003	156	34	34
1445	36689	12375	93	-1	81
1446	42503	11085	242	39	39
1447	21581	13214	87	31	31
1448	5305	31938	98	-1	94
1449	17838	25935	217	-1	57
1450	11186	11476	168	-1	65
1451	22924	15070	297	-1	77
1452	25564	3969	250	-1	58
1453	22745	31829	38	12	12
1454	36804	12496	210	-1	81
1455	7514	23440	325	-1	92
1456	28198	11127	209	-1	87
1457	11653	3436	81	-1	75
1458	30056	17544	198	-1	66
1459	42524	32238	142	-1	78
1460	9379	32665	15	22	22
1461	3436	30746	234	42	42
1462	17410	19441	208	41	41
1463	31922	6378	58	-1	80
1464	21649	13172	140	31	31
1465	20766	28677	142	-1	79
1466	13727	12825	277	13	13
1467	29635	11528	350	47	47
1468	36863	27442	146	-1	62
1469	29826	11422	83	47	47
1470	40094	7547	273	-1	51
1471	7331	30144	213	34	34
1472	29919	11717	243	47	47
1473	42153	8041	173	-1	99
1474	42536	10949	142	39	39
1475	41832	26486	47	-1	97
1476	14376	21198	142	25	25
1477	28086	10880	112	-1	87
1478	34850	10604	96	-1	68
1479	2464	29378	61	36	36
1480	9755	10815	356	9	9
1481	17842	24295	99	48	48
1482	12813	15169	13	-1	98
1483	14958	15341	346	30	30
1484	9507	13072	236	-1	67
1485	20063	14510	354	3	3
1486	25718	23100	125	-1	70
1487	5041	29957	134	16	16
1488	13424	1915	135	-1	60
1489	16257	15529	140	29	29
1490	20715	28706	192	-1	79
1491	14890	30259	88	-1	63
1492	42519	32461	248	-1	78
1493	43644	7458	134	46	46
1494	16823	31557	259	-1	93
1495	20366	25186	346	-1	88
1496	43588	7709	209	46	46
1497	23186	15098	186	-1	77
1498	39974	2517	79	49	49
1499	25667	23132	164	-1	70
1500	2481	26094	231	26	26
1501	14409	21145	107	25	25
1502	20727	28588	123	-1	79
1503	9686	27987	127	2	2
1504	23191	14921	157	-1	77
1505	40665	14049	161	20	20
1506	18708	14483	112	21	21
1507	17737	24322	61	48	48
1508	15022	15188	64	30	30
1509	7338	9628	160	-1	84
1510	17871	25966	262	-1	57
1511	15222	15382	201	30	30
1512	11256	1289	224	8	8
1513	21380	12373	160	-1	69
1514	17351	19414	230	41	41
1515	40500	13972	87	20	20
1516	36733	27674	314	-1	62
1517	38822	16627	263	5	5
1518	29909	11577	204	47	47
1519	25712	23350	229	-1	70
1520	17505	30198	162	-1	56
1521	21445	13236	35	31	31
1522	12929	14934	290	10	10
1523	14236	10169	26	45	45
1524	11260	11421	163	-1	65
1525	21606	13337	171	31	31
1526	14924	8897	289	-1	90
1527	23382	32202	141	-1	83
1528	16144	15746	280	29	29
1529	17610	24552	322	48	48
1530	17717	27501	190	23	23
1531	21455	12408	181	-1	69
1532	11801	10004	132	6	6
1533	4861	30167	308	16	16
1534	6807	33608	315	1	1
1535	3440	30673	230	42	42
1536	40170	32770	156	-1	91
1537	25711	4024	246	-1	58
1538	7332	30123	200	34	34
1539	3868	15610	335	-1	95
1540	38221	10759	73	40	40
1541	38896	16485	165	5	5
1542	29729	11680	284	47	47
1543	14340	21336	272	25	25
1544	14319	10176	352	45	45
1545	28168	11103	210	-1	87
1546	26040	5123	3	50	50
1547	2120	9409	65	-1	73
1548	25512	12281	37	19	19
1549	42205	9744	334	33	33
1550	41683	26545	159	-1	52
1551	22961	31819	153	12	12
1552	3360	30672	251	42	42
1553	25460	3750	48	-1	58
1554	43426	7500	47	46	46
1555	17523	27410	75	23	23
1556	38916	16401	108	5	5
1557	40200	2514	154	49	49
1558	16045	15779	331	29	29
1559	9378	32770	348	22	22
1560	25498	12303	14	19	19
1561	15809	7187	318	35	35
1562	18711	24392	71	7	7
1563	42575	32471	225	-1	78
1564	5882	26553	96	24	24
1565	21249	12439	2	-1	69
1566	3970	16141	140	28	28
1567	29758	29586	217	-1	72
1568	19269	1742	321	-1	59
1569	31888	6597	330	-1	80
1570	29965	14763	329	-1	96
1571	17581	30185	161	-1	56
1572	16069	6988	117	35	35
1573	26092	5036	78	50	50
1574	25649	12311	180	19	19
1575	34697	32583	265	-1	53
1576	29716	29423	173	-1	72
1577	29895	11697	248	47	47
1578	38317	10948	272	40	40
1579	41532	26580	342	-1	52
1580	21445	13211	25	31	31
1581	5293	32140	265	-1	94
1582	3987	15364	76	-1	95
1583	21364	29335	32	44	44
1584	22923	32067	236	12	12
1585	7546	23398	22	-1	92
1586	17294	30029	67	-1	56
1587	19451	1703	195	-1	59
1588	25508	3776	49	-1	58
1589	1071	30400	19	-1	71
1590	20179	14684	251	3	3
1591	42507	11134	235	39	39
1592	11229	1233	256	8	8
1593	15525	22208	296	11	11
1594	14607	9081	269	-1	82
1595	22923	31821	109	12	12
1596	29869	17303	60	-1	66
1597	29652	29288	88	-1	72
1598	7577	23521	309	-1	92
1599	11701	9980	105	6	6
1600	17689	27538	194	23	23
1601	18597	24351	55	7	7
1602	41677	26647	211	-1	52
1603	25560	3908	249	-1	58
1604	36575	12464	355	-1	81
1605	14443	8936	9	-1	82
1606	6784	33523	328	1	1
1607	25417	23306	335	-1	70
1608	20462	17818	127	43	43
1609	44094	25542	34	-1	74
1610	14668	9166	254	-1	82
1611	41735	26587	172	-1	52
1612	6992	33347	169	1	1
1613	7328	9759	219	-1	84
1614	25137	10802	232	-1	54
1615	25607	12307	169	19	19
1616	12599	19809	204	-1	85
1617	13684	19852	45	15	15
1618	8901	33133	180	-1	89
1619	2096	9585	326	-1	73
1620	18712	14753	270	21	21
1621	14643	9084	213	-1	82
1622	30110	14608	94	-1	96
1623	2406	29626	331	36	36
1624	15919	7213	269	35	35
1625	3514	2330	290	-1	76
1626	42211	9558	57	33	33
1627	29708	29479	241	-1	72
1628	20485	28747	17	-1	79
1629	17462	30186	185	-1	56
1630	20320	17734	77	43	43
1631	17850	25843	185	-1	57
1632	9400	28165	319	2	2
1633	13238	14767	149	10	10
1634	36648	12591	260	-1	81
1635	38412	10927	201	40	40
1636	21629	13464	224	31	31
1637	32501	23066	204	32	32
1638	36715	27504	343	-1	62
1639	41673	26635	254	-1	52
1640	13233	14704	141	10	10
1641	25656	23169	154	-1	70
1642	6724	33500	12	1	1
1643	38917	12899	289	4	4
1644	14537	10079	144	45	45
1645	14993	8703	48	-1	90
1646	3543	2241	340	-1	76
1647	7232	30005	136	34	34
1648	38943	16473	182	5	5
1649	4980	30018	75	16	16
1650	23061	14992	192	-1	77
1651	14489	10088	157	45	45
1652	16321	15682	203	29	29
1653	14716	9144	220	-1	82
1654	15178	8824	199	-1	90
1655	20348	25193	321	-1	88
1656	40077	32846	277	-1	91
1657	25577	4045	236	-1	58
1658	41578	26504	28	-1	52
1659	20273	17936	328	43	43
1660	2045	9337	12	-1	73
1661	14924	8701	56	-1	90
1662	26268	5304	225	50	50
1663	42422	9752	217	33	33
1664	15177	8931	238	-1	90
1665	4895	30000	42	16	16
1666	7558	23397	8	-1	92
1667	17862	24430	183	48	48
1668	2255	25881	13	26	26
1669	41964	26706	292	-1	97
1670	37189	9103	103	18	18
1671	12883	15090	146	-1	98
1672	2353	26154	276	26	26
1673	5355	31138	295	14	14
1674	36835	12499	168	-1	81
1675	29662	29552	300	-1	72
1676	16642	31521	347	-1	93
1677	39938	32860	10	-1	91
1678	3541	2106	59	-1	76
1679	7137	30072	309	34	34
1680	38409	10897	197	40	40
1681	7058	9544	358	-1	84
1682	42183	9629	353	33	33
1683	13562	12808	346	13	13
1684	30803	10598	134	-1	55
1685	20560	24979	94	-1	88
1686	25684	4046	258	-1	58
1687	21593	29501	203	44	44
1688	21208	17809	61	17	17
1689	5404	31196	262	14	14
1690	42454	11111	262	39	39
1691	5277	31906	102	-1	94
1692	40414	14191	324	20	20
1693	5337	8935	356	-1	86
1694	6940	33507	209	1	1
1695	17277	19360	22	41	41
1696	30880	10740	188	-1	55
1697	38898	16568	234	5	5
1698	39727	4707	282	27	27
1699	32963	11086	230	38	38
1700	30174	14768	177	-1	96
1701	33040	11009	202	38	38
1702	14473	21362	223	25	25
1703	16289	15662	200	29	29
1704	43529	7482	80	46	46
1705	32524	11852	237	-1	64
1706	37504	11006	90	-1	61
1707	17883	25862	226	-1	57
1708	12635	19861	197	-1	85
1709	30761	10880	233	-1	55
1710	42598	10974	144	39	39
1711	15789	22012	159	11	11
1712	23313	32293	143	-1	83
1713	13766	12839	265	13	13
1714	40293	7377	157	-1	51
1715	23050	14891	113	-1	77
1716	9883	10852	264	9	9
1717	32277	23017	348	32	32
1718	9294	13139	306	-1	67
1719	9369	32710	340	22	22
1720	39001	12680	97	4	4
1721	16353	15640	155	29	29
1722	12885	15299	242	-1	98
1723	36827	12500	227	-1	81
1724	17632	25959	291	-1	57
1725	3880	15400	38	-1	95
1726	6909	33586	250	1	1
1727	23183	32348	355	-1	83
1728	20450	17721	117	43	43
1729	9808	10682	58	9	9
1730	25500	3987	329	-1	58
1731	3607	2027	104	-1	76
1732	25664	3877	172	-1	58
1733	14494	8928	47	-1	82
1734	28060	11088	272	-1	87
1735	20438	25049	45	-1	88
1736	18740	14764	277	21	21
1737	25409	3909	12	-1	58
1738	32950	10843	92	38	38
1739	40139	32691	121	-1	91
1740	23148	15073	194	-1	77
1741	20370	17719	82	43	43
1742	40652	14114	183	20	20
1743	38785	16572	295	5	5
1744	30638	10817	342	-1	55
1745	41986	8130	296	-1	99
1746	18626	24454	5	7	7
1747	3971	15516	14	-1	95
1748	38454	10936	199	40	40
1749	37547	11191	260	-1	61
1750	42606	32278	160	-1	78
1751	5254	30961	38	14	14
1752	7608	23447	331	-1	92
1753	4881	30006	37	16	16
1754	17403	19419	205	41	41
1755	17446	19236	114	41	41
1756	36565	12421	18	-1	81
1757	13101	14801	221	10	10
1758	42368	32210	35	-1	78
1759	37487	11126	279	-1	61
1760	1077	30372	31	-1	71
1761	13944	19967	233	15	15
1762	20421	25006	72	-1	88
1763	33038	10866	167	38	38
1764	13758	19927	313	15	15
1765	5698	26850	307	24	24
1766	17886	24393	198	48	48
1767	42466	11043	293	39	39
1768	11755	10204	249	6	6
1769	13048	14703	80	10	10
1770	36931	27686	251	-1	62
1771	21578	29283	161	44	44
1772	7332	30126	208	34	34
1773	39106	12795	142	4	4
1774	42413	10945	15	39	39
1775	6697	33444	350	1	1
1776	41906	8173	299	-1	99
1777	21460	29267	99	44	44
1778	17305	30251	2	-1	56
1779	7337	9752	246	-1	84
1780	32571	23011	195	32	32
1781	17246	19548	283	41	41
1782	17781	24317	122	48	48
1783	23325	32172	110	-1	83
1784	2284	9338	144	-1	73
1785	37012	9251	6	18	18
1786	12500	19846	299	-1	85
1787	12709	15086	40	-1	98
1788	41532	26517	40	-1	52
1789	32651	11910	211	-1	64
1790	44110	25635	351	-1	74
1791	21351	12606	271	-1	69
1792	7079	30107	298	34	34
1793	13385	2184	263	-1	60
1794	41706	26537	155	-1	52
1795	9737	10873	354	9	9
1796	19492	1724	195	-1	59
1797	9314	32722	9	22	22
1798	43472	32120	84	-1	100
1799	25531	23202	6	-1	70
1800	25128	10735	205	-1	54
1801	5490	30935	134	14	14
1802	20375	17754	106	43	43
1803	21268	17841	75	17	17
1804	2402	29391	30	36	36
1805	36842	12367	137	-1	81
1806	14957	8680	34	-1	90
1807	32538	23091	213	32	32
1808	7324	9516	149	-1	84
1809	40210	2600	171	49	49
1810	32923	11098	294	38	38
1811	40466	14050	64	20	20
1812	9844	10745	79	9	9
1813	40210	2784	249	49	49
1814	14189	21359	287	25	25
1815	32372	11846	312	-1	64
1816	28073	10924	120	-1	87
1817	9515	28179	295	2	2
1818	25106	10700	183	-1	54
1819	25532	3851	33	-1	58
1820	5274	32008	351	-1	94
1821	21427	13239	17	31	31
1822	25212	10592	164	-1	54
1823	20181	14462	145	3	3
1824	6717	33625	318	1	1
1825	32903	10958	40	38	38
1826	21333	18037	254	17	17
1827	14612	8962	137	-1	82
1828	25515	23109	86	-1	70
1829	6810	33354	76	1	1
1830	44171	25685	303	-1	74
1831	14985	8892	284	-1	90
1832	37037	9360	322	18	18
1833	38342	10897	341	40	40
1834	14319	10118	38	45	45
1835	39937	2555	60	49	49
1836	11813	3519	156	-1	75
1837	20079	14420	44	3	3
1838	14999	15388	333	30	30
1839	22924	14959	24	-1	77
1840	38949	16469	139	5	5
1841	9557	32666	140	22	22
1842	1157	30624	258	-1	71
1843	3488	30616	195	42	42
1844	32419	22896	79	32	32
1845	14523	9115	310	-1	82
1846	41563	26403	58	-1	52
1847	11109	11365	85	-1	65
1848	39759	4472	64	27	27
1849	34728	10646	63	-1	68
1850	31985	6353	83	-1	80
1851	13910	19935	177	15	15
1852	16668	31466	342	-1	93
1853	2530	26121	220	26	26
1854	41909	8132	0	-1	99
1855	34747	32569	193	-1	53
1856	4889	30185	280	16	16
1857	5239	31905	85	-1	94
1858	32094	6374	123	-1	80
1859	36804	27407	60	-1	62
1860	13867	19850	164	15	15
1861	40176	7369	134	-1	51
1862	17761	24328	109	48	48
1863	4043	16217	154	28	28
1864	34613	32425	36	-1	53
1865	32921	11040	281	38	38
1866	15125	8625	98	-1	90
1867	15578	22101	328	11	11
1868	17359	30047	71	-1	56
1869	4066	15631	224	-1	95
1870	40009	32794	349	-1	91
1871	11284	11577	202	-1	65
1872	32140	6366	120	-1	80
1873	29670	29499	256	-1	72
1874	17934	25779	133	-1	57
1875	21504	29292	133	44	44
1876	12866	15219	260	-1	98
1877	40057	2622	52	49	49
1878	11050	11332	42	-1	65
1879	32453	11913	265	-1	64
1880	32259	23029	340	32	32
1881	17246	19459	315	41	41
1882	41876	8236	339	-1	99
1883	14473	10144	157	45	45
1884	30070	14687	143	-1	96
1885	39046	12677	113	4	4
1886	13064	14804	300	10	10
1887	18609	24569	279	7	7
1888	42169	7934	117	-1	99
1889	2369	26026	304	26	26
1890	25495	23170	56	-1	70
1891	36702	27583	343	-1	62
1892	17883	24395	199	48	48
1893	3821	16122	52	28	28
1894	21418	29243	109	44	44
1895	20142	31324	326	37	37
1896	13708	12726	195	13	13
1897	15852	7029	31	35	35
1898	24990	10808	332	-1	54
1899	9913	10963	224	9	9
1900	4018	15477	88	-1	95
1901	21167	12394	46	-1	69
1902	34640	10791	326	-1	68
1903	9351	13109	247	-1	67
1904	30717	10807	276	-1	55
1905	15574	21979	49	11	11
1906	23076	15131	277	-1	77
1907	23372	32446	241	-1	83
1908	21293	29351	11	44	44
1909	42337	32425	304	-1	78
1910	30117	14635	137	-1	96
1911	5450	30902	94	14	14
1912	5237	32044	328	-1	94
1913	11651	3484	56	-1	75
1914	34799	32573	172	-1	53
1915	11141	1244	272	8	8
1916	13902	19776	143	15	15
1917	37357	11112	356	-1	61
1918	18585	24320	67	7	7
1919	26287	5309	205	50	50
1920	21334	29278	54	44	44
1921	20357	25290	326	-1	88
1922	17656	24468	297	48	48
1923	38992	12914	241	4	4
1924	15803	22068	205	11	11
1925	30835	10622	133	-1	55
1926	39828	4457	99	27	27
1927	16802	31470	230	-1	93
1928	26255	5077	149	50	50
1929	32850	10869	65	38	38
1930	29709	29297	131	-1	72
1931	7242	9736	228	-1	84
1932	17525	27391	63	23	23
1933	15140	15288	175	30	30
1934	15110	15277	183	30	30
1935	18685	24278	62	7	7
1936	41925	8187	310	-1	99
1937	17656	25715	27	-1	57
1938	29888	14666	24	-1	96
1939	2067	9327	55	-1	73
1940	20280	17940	308	43	43
1941	15542	22047	8	11	11
1942	21458	12348	169	-1	69
1943	2587	29341	126	36	36
1944	17432	30196	324	-1	56
1945	25150	10568	150	-1	54
1946	16792	31519	263	-1	93
1947	40152	2702	220	49	49
1948	9513	32688	119	22	22
1949	15986	7039	131	35	35
1950	3865	16234	295	28	28
1951	15073	30261	104	-1	63
1952	18558	14715	330	21	21
1953	23256	32313	349	-1	83
1954	39010	16461	156	5	5
1955	40357	14145	352	20	20
1956	15992	7050	88	35	35
1957	40629	13964	145	20	20
1958	38970	16446	181	5	5
1959	7716	23572	239	-1	92
1960	25460	12385	288	19	19
1961	21450	13284	9	31	31
1962	42231	9757	294	33	33
1963	15600	22154	278	11	11
1964	36564	12315	26	-1	81
1965	1072	30565	328	-1	71
1966	15500	22087	3	11	11
1967	26152	5137	39	50	50
1968	18847	24301	125	7	7
1969	3752	16279	313	28	28
1970	17646	25804	353	-1	57
1971	20523	25252	264	-1	88
1972	18631	24303	25	7	7
1973	11733	10092	197	6	6
1974	9652	28123	233	2	2
1975	39954	4716	199	27	27
1976	11114	1134	355	8	8
1977	28057	10863	101	-1	87
1978	44279	25650	251	-1	74
1979	43495	32203	16	-1	100
1980	30641	10752	23	-1	55
1981	9567	28182	279	2	2
1982	21450	13479	310	31	31
1983	2477	25972	133	26	26
1984	11649	3733	291	-1	75
1985	1140	30350	111	-1	71
1986	32490	11798	243	-1	64
1987	34648	32633	265	-1	53
1988	2410	29540	348	36	36
1989	44306	25428	99	-1	74
1990	32426	22886	114	32	32
1991	41674	26394	118	-1	52
1992	11614	3650	331	-1	75
1993	3747	2095	173	-1	76
1994	12497	19883	275	-1	85
1995	43574	32378	244	-1	100
1996	5648	26784	324	24	24
1997	20575	28748	317	-1	79
1998	5025	30188	254	16	16
1999	22685	32012	331	12	12
2000	12722	15050	67	-1	98
2001	43658	7678	193	46	46
2002	20333	25034	33	-1	88
2003	36767	27500	51	-1	62
2004	23283	32436	286	-1	83
2005	2417	29363	64	36	36
2006	18696	24582	301	7	7
2007	41725	26415	103	-1	52
2008	7623	23489	316	-1	92
2009	13663	19979	302	15	15
2010	25512	3745	70	-1	58
2011	44163	25658	283	-1	74
2012	22984	31916	194	12	12
2013	36587	12496	342	-1	81
2014	7626	23425	6	-1	92
2015	5256	31192	330	14	14
2016	14321	21106	97	25	25
2017	14806	30412	353	-1	63
2018	31922	6602	285	-1	80
2019	34804	32424	107	-1	53
2020	40659	13971	114	20	20
2021	42424	10888	29	39	39
2022	20194	14464	125	3	3
2023	5237	31186	319	14	14
2024	985	30450	0	-1	71
2025	5219	31004	22	14	14
2026	14936	15216	9	30	30
2027	4143	15594	234	-1	95
2028	18539	14680	333	21	21
2029	15031	15221	76	30	30
2030	21312	17782	51	17	17
2031	25070	10851	239	-1	54
2032	21308	17942	20	17	17
2033	42476	10851	84	39	39
2034	30012	14824	261	-1	96
2035	8597	33255	328	-1	89
2036	19244	1821	338	-1	59
2037	7786	23347	157	-1	92
2038	15148	8615	123	-1	90
2039	34650	32547	349	-1	53
2040	42086	8171	224	-1	99
2041	20101	14407	92	3	3
2042	5364	30980	122	14	14
2043	25406	23291	355	-1	70
2044	25088	10761	233	-1	54
2045	15235	15115	121	30	30
2046	11645	9985	29	6	6
2047	41958	7967	54	-1	99
2048	9225	12913	356	-1	67
2049	5691	26635	32	24	24
2050	33045	10919	153	38	38
2051	14480	9170	318	-1	82
2052	20560	28836	267	-1	79
2053	42044	26535	114	-1	97
2054	13504	1931	152	-1	60
2055	17187	19337	18	41	41
2056	36693	27667	309	-1	62
2057	14801	30352	347	-1	63
2058	39833	4650	243	27	27
2059	44212	25617	252	-1	74
2060	26257	5142	172	50	50
2061	14941	8916	323	-1	90
2062	25483	3940	297	-1	58
2063	5345	8806	7	-1	86
2064	7335	30172	197	34	34
2065	7104	29912	32	34	34
2066	25626	23366	245	-1	70
2067	9471	32769	296	22	22
2068	17817	25853	203	-1	57
2069	23086	14843	109	-1	77
2070	41568	26542	23	-1	52
2071	33043	11042	219	38	38
2072	2287	9462	193	-1	73
2073	17769	24415	259	48	48
2074	21326	18062	255	17	17
2075	29758	29331	146	-1	72
2076	11868	10161	188	6	6
2077	40272	7336	123	-1	51
2078	28030	10831	90	-1	87
2079	41595	26562	331	-1	52
2080	25596	23364	274	-1	70
2081	29594	29492	296	-1	72
2082	30803	10833	238	-1	55
2083	11140	1277	251	8	8
2084	16891	31315	130	-1	93
2085	6949	33614	224	1	1
2086	5400	8970	313	-1	86
2087	21239	17853	31	17	17
2088	9486	27903	81	2	2
2089	40583	14250	239	20	20
2090	7595	23314	72	-1	92
2091	26108	5182	24	50	50
2092	11726	10250	285	6	6
2093	21445	17883	132	17	17
2094	40152	2598	129	49	49
2095	14946	30410	252	-1	63
2096	14542	10358	242	45	45
2097	32584	11737	166	-1	64
2098	20756	28679	178	-1	79
2099	2187	9564	283	-1	73
2100	38480	10780	110	40	40
2101	5312	30913	91	14	14
2102	12367	19816	316	-1	85
2103	7714	23435	200	-1	92
2104	38867	12958	303	4	4
2105	2178	9391	60	-1	73
2106	17785	24247	69	48	48
2107	43426	7509	76	46	46
2108	41495	26646	292	-1	52
2109	23400	32194	154	-1	83
2110	34823	10900	247	-1	68
2111	42445	11154	282	39	39
2112	20457	28646	0	-1	79
2113	20474	28837	333	-1	79
2114	31916	6552	309	-1	80
2115	22765	31767	91	12	12
2116	21534	13193	104	31	31
2117	30052	17344	150	-1	66
2118	9758	10673	22	9	9
2119	40132	2576	112	49	49
2120	43367	7529	54	46	46
2121	37573	11161	246	-1	61
2122	42110	26586	134	-1	97
2123	29793	29523	213	-1	72
2124	7640	23510	259	-1	92
2125	13451	2082	208	-1	60
2126	34641	10811	305	-1	68
2127	5543	9059	264	-1	86
2128	34709	10723	48	-1	68
2129	32478	11906	279	-1	64
2130	3607	2267	285	-1	76
2131	13734	12811	256	13	13
2132	18636	24463	347	7	7
2133	32758	10975	6	38	38
2134	42383	32478	274	-1	78
2135	21459	12474	180	-1	69
2136	15932	7107	98	35	35
2137	15068	15373	250	30	30
2138	3980	15623	292	-1	95
2139	43428	7734	293	46	46
2140	21417	29348	55	44	44
2141	18663	24400	37	7	7
2142	43503	32088	92	-1	100
2143	17468	27526	2	23	23
2144	13839	19922	217	15	15
2145	34870	10794	184	-1	68
2146	16773	31470	270	-1	93
2147	14644	9073	182	-1	82
2148	29873	11400	95	47	47
2149	44314	25581	174	-1	74
2150	20231	14558	166	3	3
2151	32413	11694	6	-1	64
2152	29730	11703	264	47	47
2153	38234	10941	4	40	40
2154	25429	23079	64	-1	70
2155	18696	14635	252	21	21
2156	3819	16295	294	28	28
2157	17752	25670	53	-1	57
2158	9459	12873	121	-1	67
2159	18600	24559	326	7	7
2160	40028	7558	291	-1	51
2161	2204	9588	254	-1	73
2162	5209	32155	284	-1	94
2163	44261	25422	84	-1	74
2164	5371	31885	101	-1	94
2165	20118	14630	251	3	3
2166	22708	32015	312	12	12
2167	41945	26624	19	-1	97
2168	17742	25823	12	-1	57
2169	41867	8041	14	-1	99
2170	40211	7324	125	-1	51
2171	9968	10839	215	9	9
2172	7661	23392	71	-1	92
2173	14512	10113	147	45	45
2174	25127	10858	219	-1	54
2175	29797	17472	14	-1	66
2176	29555	29342	54	-1	72
2177	37086	9366	324	18	18
2178	38985	16534	172	5	5
2179	21233	17922	17	17	17
2180	7305	9480	127	-1	84
2181	2310	9497	204	-1	73
2182	14424	9119	322	-1	82
2183	13741	19740	42	15	15
2184	36916	27457	175	-1	62
2185	20592	25119	148	-1	88
2186	4155	15523	185	-1	95
2187	13624	12761	348	13	13
2188	20436	18003	240	43	43
2189	33017	10830	121	38	38
2190	13382	2031	132	-1	60
2191	9401	32801	309	22	22
2192	15043	30274	107	-1	63
2193	42189	9730	323	33	33
2194	43496	7774	297	46	46
2195	43377	7721	330	46	46
2196	11787	3426	115	-1	75
2197	3712	2284	225	-1	76
2198	36679	27641	293	-1	62
2199	44180	25690	283	-1	74
2200	5435	30926	109	14	14
2201	20488	25196	280	-1	88
2202	4925	30114	313	16	16
2203	24948	10768	358	-1	54
2204	25720	23087	167	-1	70
2205	13306	2064	340	-1	60
2206	40530	14169	258	20	20
2207	5951	26730	162	24	24
2208	17567	27540	274	23	23
2209	13227	2206	321	-1	60
2210	25475	3822	27	-1	58
2211	2442	26025	197	26	26
2212	2054	9330	42	-1	73
2213	3735	2278	233	-1	76
2214	11840	10045	178	6	6
2215	29793	29409	183	-1	72
2216	14488	10078	132	45	45
2217	5315	31191	281	14	14
2218	5302	30953	64	14	14
2219	42140	8016	149	-1	99
2220	32103	6412	112	-1	80
2221	17705	27463	169	23	23
2222	15863	7199	298	35	35
2223	2151	9452	27	-1	73
2224	41889	8193	313	-1	99
2225	8683	33037	80	-1	89
2226	16317	15707	186	29	29
2227	36666	12372	96	-1	81
2228	14787	30506	340	-1	63
2229	38454	11040	222	40	40
2230	41966	26573	80	-1	97
2231	1159	30450	150	-1	71
2232	41978	26611	71	-1	97
2233	16034	7306	261	35	35
2234	12781	15040	46	-1	98
2235	8820	33245	231	-1	89
2236	21176	17840	18	17	17
2237	30855	10880	203	-1	55
2238	39115	12969	232	4	4
2239	41703	26501	122	-1	52
2240	13235	14918	233	10	10
2241	42573	32280	150	-1	78
2242	2517	26040	212	26	26
2243	14324	21191	72	25	25
2244	42306	9674	53	33	33
2245	14833	30443	338	-1	63
2246	42359	32264	22	-1	78
2247	15014	15415	267	30	30
2248	26039	5051	58	50	50
2249	18804	24311	145	7	7
2250	17683	27647	237	23	23
2251	29947	17427	120	-1	66
2252	30087	14672	147	-1	96
2253	14233	21301	299	25	25
2254	29743	11558	16	47	47
2255	34653	32670	313	-1	53
2256	20543	28825	309	-1	79
2257	8895	33084	173	-1	89
2258	40472	14019	46	20	20
2259	27952	10933	23	-1	87
2260	11848	9994	150	6	6
2261	30043	14892	261	-1	96
2262	32068	6360	96	-1	80
2263	21562	13408	269	31	31
2264	40138	2761	256	49	49
2265	20110	14415	101	3	3
2266	12924	14813	7	10	10
2267	19997	14451	32	3	3
2268	15159	15349	220	30	30
2269	44318	25607	227	-1	74
2270	2416	29466	8	36	36
2271	20212	14653	217	3	3
2272	17764	25922	253	-1	57
2273	9743	10968	299	9	9
2274	13780	19900	327	15	15
2275	17320	19485	268	41	41
2276	34766	10689	111	-1	68
2277	42512	32319	172	-1	78
2278	29669	11596	349	47	47
2279	18797	24450	173	7	7
2280	42190	9725	330	33	33
2281	7261	30179	249	34	34
2282	23052	15128	295	-1	77
2283	32441	23018	258	32	32
2284	25445	3970	314	-1	58
2285	21336	29274	27	44	44
2286	40430	13959	66	20	20
2287	41912	26611	32	-1	97
2288	40237	7498	236	-1	51
2289	7340	9607	190	-1	84
2290	3712	2218	181	-1	76
2291	42394	9815	234	33	33
2292	16746	31518	296	-1	93
2293	19194	1868	341	-1	59
2294	34639	10814	324	-1	68
2295	21160	12433	9	-1	69
2296	36774	27651	296	-1	62
2297	12532	19722	126	-1	85
2298	21371	12454	191	-1	69
2299	1029	30319	66	-1	71
2300	29742	29329	98	-1	72
2301	20232	14576	187	3	3
2302	19419	1882	213	-1	59
2303	17653	27476	142	23	23
2304	17909	25777	182	-1	57
2305	21305	29498	296	44	44
2306	13220	1954	63	-1	60
2307	15814	22165	227	11	11
2308	2099	9415	39	-1	73
2309	32443	22934	147	32	32
2310	20180	14613	224	3	3
2311	42585	11084	234	39	39
2312	17610	24515	300	48	48
2313	42547	10956	162	39	39
2314	12461	19766	331	-1	85
2315	41653	26429	98	-1	52
2316	29797	11473	83	47	47
2317	44365	25652	205	-1	74
2318	29650	11654	328	47	47
2319	40158	32786	179	-1	91
2320	7220	9589	96	-1	84
2321	21655	13326	207	31	31
2322	32977	10932	134	38	38
2323	40094	2735	242	49	49
2324	29784	11621	262	47	47
2325	19246	1747	321	-1	59
2326	15621	22073	336	11	11
2327	29822	29284	151	-1	72
2328	32123	6554	197	-1	80
2329	38847	12952	321	4	4
2330	19960	14626	309	3	3
2331	41715	26691	262	-1	52
2332	34763	10710	108	-1	68
2333	30032	17452	190	-1	66
2334	38419	10768	143	40	40
2335	19340	1713	112	-1	59
2336	14662	8948	125	-1	82
2337	39734	4661	316	27	27
2338	16099	15720	305	29	29
2339	32046	6392	123	-1	80
2340	3986	16333	221	28	28
2341	6983	33562	218	1	1
2342	36592	12362	27	-1	81
2343	20543	25143	212	-1	88
2344	41588	26654	262	-1	52
2345	21468	29385	194	44	44
2346	5438	31148	258	14	14
2347	13686	19904	350	15	15
2348	25414	3757	69	-1	58
2349	12816	15296	272	-1	98
2350	8811	33276	205	-1	89
2351	11031	11574	341	-1	65
2352	44257	25614	224	-1	74
2353	5412	8867	53	-1	86
2354	2466	26012	214	26	26
2355	9570	32669	156	22	22
2356	21480	13418	334	31	31
2357	20249	17964	321	43	43
2358	30856	10807	226	-1	55
2359	41891	7964	53	-1	99
2360	5264	31946	60	-1	94
2361	11083	1263	308	8	8
2362	21466	29334	116	44	44
2363	8683	33300	313	-1	89
2364	38780	16525	329	5	5
2365	16347	15700	192	29	29
2366	36711	27518	334	-1	62
2367	34674	32635	268	-1	53
2368	42569	32392	206	-1	78
2369	30760	10894	233	-1	55
2370	17661	27415	105	23	23
2371	38997	12842	239	4	4
2372	6768	33618	272	1	1
2373	39645	4658	317	27	27
2374	13370	2134	281	-1	60
2375	2461	29380	55	36	36
2376	12849	15059	70	-1	98
2377	41496	26534	352	-1	52
2378	5641	8994	233	-1	86
2379	14378	10156	45	45	45
2380	4052	15568	260	-1	95
2381	8675	33028	46	-1	89
2382	3741	2170	168	-1	76
2383	43405	32190	28	-1	100
2384	3464	30535	126	42	42
2385	13135	14689	141	10	10
2386	20348	17913	329	43	43
2387	42132	7974	136	-1	99
2388	21507	29341	179	44	44
2389	11768	3482	114	-1	75
2390	20058	31374	316	37	37
2391	20567	28662	59	-1	79
2392	17794	24326	140	48	48
2393	44195	25537	81	-1	74
2394	16159	15783	262	29	29
2395	15511	22178	338	11	11
2396	7290	30026	153	34	34
2397	6880	33570	269	1	1
2398	2439	26035	226	26	26
2399	14309	10102	59	45	45
2400	29797	17375	359	-1	66
2401	20509	28879	326	-1	79
2402	25424	23105	49	-1	70
2403	17746	24320	105	48	48
2404	26311	5092	149	50	50
2405	25618	12181	134	19	19
2406	32391	11690	35	-1	64
2407	5586	9012	230	-1	86
2408	21377	29333	54	44	44
2409	38356	10840	66	40	40
2410	36793	12564	215	-1	81
2411	12763	15178	14	-1	98
2412	42593	32240	153	-1	78
2413	13812	12821	219	13	13
2414	9731	10903	311	9	9
2415	25517	12271	83	19	19
2416	7311	29904	125	34	34
2417	21268	12528	311	-1	69
2418	2054	9338	18	-1	73
2419	8843	33194	195	-1	89
2420	14425	21297	201	25	25
2421	21668	13332	189	31	31
2422	8874	33080	121	-1	89
2423	21450	17781	118	17	17
2424	7293	29997	165	34	34
2425	12928	14642	69	10	10
2426	20082	14649	277	3	3
2427	15114	15179	137	30	30
2428	11217	11631	220	-1	65
2429	3873	16306	274	28	28
2430	30857	10906	214	-1	55
2431	25632	23057	135	-1	70
2432	3254	30560	24	42	42
2433	6947	33559	204	1	1
2434	7318	30156	219	34	34
2435	5424	9060	308	-1	86
2436	21379	18075	228	17	17
2437	40083	2510	117	49	49
2438	25441	3736	77	-1	58
2439	11046	11527	331	-1	65
2440	20284	17904	308	43	43
2441	9420	12953	124	-1	67
2442	42403	9825	260	33	33
2443	34673	10792	347	-1	68
2444	32805	11037	314	38	38
2445	2372	25900	90	26	26
2446	30760	10590	94	-1	55
2447	3957	15407	66	-1	95
2448	9391	32865	289	22	22
2449	15127	15349	242	30	30
2450	31877	6522	7	-1	80
2451	17570	30224	188	-1	56
2452	29779	11519	102	47	47
2453	38983	16368	146	5	5
2454	32977	10854	114	38	38
2455	5529	9031	250	-1	86
2456	30117	14756	158	-1	96
2457	17808	24541	251	48	48
2458	21450	17999	236	17	17
2459	20488	17707	151	43	43
2460	11788	3614	242	-1	75
2461	12807	15286	279	-1	98
2462	20604	25019	118	-1	88
2463	36713	27568	337	-1	62
2464	3751	2193	158	-1	76
2465	20594	28686	80	-1	79
2466	11132	1238	290	8	8
2467	6886	33477	195	1	1
2468	16017	6989	85	35	35
2469	17347	30121	55	-1	56
2470	34818	32487	136	-1	53
2471	9346	32801	337	22	22
2472	41519	26420	74	-1	52
2473	21187	12580	322	-1	69
2474	15811	7037	49	35	35
2475	36743	12587	268	-1	81
2476	25570	12230	105	19	19
2477	2317	9321	150	-1	73
2478	40145	7271	57	-1	51
2479	29791	11603	253	47	47
2480	6786	33522	316	1	1
2481	32503	11719	127	-1	64
2482	22909	31902	167	12	12
2483	3784	16174	352	28	28
2484	14379	21348	252	25	25
2485	11176	1195	226	8	8
2486	38888	12809	34	4	4
2487	7290	29982	123	34	34
2488	39730	4455	57	27	27
2489	41457	26620	311	-1	52
2490	16091	15674	345	29	29
2491	21591	13425	267	31	31
2492	9492	27952	88	2	2
2493	3419	30756	221	42	42
2494	12388	19709	349	-1	85
2495	41533	26616	312	-1	52
2496	4946	29931	78	16	16
2497	17600	27450	133	23	23
2498	4902	30034	356	16	16
2499	28009	10939	73	-1	87
2500	18836	14455	131	21	21
