Message stats for scenario Photo_1250-Scenario_6-ActualPOI_50
sim_time: 86400.0000

Photo List Size: 399
coverageValue-----------------	209	117	60	115	180	219	151	145	87	168	145	162	166	160	119	173	180	120	257	105	172	96	180	203	180	120	128	231	213	160	133	60	320	144	234	180	124	154	261	286	223	133	134	153	162	147	144	323	60	134	152	210	174	177	128	120	120	208	207	120	258	196	294	91	125	122	180	140	120	120	236	131	230	230	201	226	180	60	244	176	180	275	128	337	308	298	128	120	180	120	69	180	297	175	188	0	120	240	120	245	
redundantCoverageValue--------	31	3	0	5	0	201	29	35	33	132	155	198	14	20	61	7	0	0	163	15	128	24	0	97	0	0	52	69	87	80	107	0	100	216	6	0	56	26	99	554	197	47	46	27	78	33	96	217	0	46	28	30	6	3	52	0	0	32	93	0	222	44	66	149	175	58	0	40	0	0	124	109	70	70	159	74	60	0	56	124	0	145	52	203	112	182	112	0	0	0	51	0	303	65	112	0	0	0	0	55	
halfCoverageTime--------------	79858.0	.0	.0	.0	46514.0	82340.0	.0	.0	.0	.0	.0	.0	.0	.0	.0	.0	80294.0	.0	53772.0	.0	.0	.0	79712.0	79346.0	79228.0	.0	.0	806.0	75256.0	.0	.0	.0	16284.0	.0	54792.0	79222.0	.0	.0	43822.0	45078.0	74218.0	.0	.0	.0	.0	.0	.0	684.0	.0	.0	.0	75462.0	.0	.0	.0	.0	.0	79730.0	75160.0	.0	53784.0	79724.0	45090.0	.0	.0	.0	75226.0	.0	.0	.0	79370.0	.0	75328.0	44090.0	79816.0	32090.0	80268.0	.0	46520.0	.0	79686.0	594.0	.0	596.0	75062.0	48268.0	.0	.0	43816.0	.0	.0	74206.0	36270.0	.0	79870.0	.0	.0	52202.0	.0	53778.0	
numberOfPoint-----------------	1	1	1	1	1	1	1	1	1	1	1	1	1	1	1	1	1	1	1	1	1	1	1	1	1	1	1	1	1	1	1	1	1	1	1	1	1	1	1	1	1	1	1	1	1	1	1	1	1	1	1	1	1	1	1	1	1	1	1	0	1	1	1	1	1	0	1	1	0	1	2	0	1	1	2	2	1	0	1	2	0	1	0	1	1	2	2	0	1	0	0	1	2	1	1	0	0	1	0	2	
standardDeviation-------------	.0	.0	.0	.0	.0	.0	.0	.0	.0	.0	.0	.0	.0	.0	.0	.0	.0	.0	.0	.0	.0	.0	.0	.0	.0	.0	.0	.0	.0	.0	.0	.0	.0	.0	.0	.0	.0	.0	.0	.0	.0	.0	.0	.0	.0	.0	.0	.0	.0	.0	2.14	5.76	9.3	6.93	7.78	4.05	11.68	8.68	10.52	.0	.5	2.15	6.38	3.97	1.0	.0	5.13	7.36	.0	4.27	6.92	.0	8.0	4.36	10.86	6.21	7.28	.0	10.71	8.96	.0	.4	.0	1.3	3.8	5.56	7.34	.0	5.53	.0	.0	2.51	6.2	12.69	3.32	.0	.0	8.45	.0	8.23	
initialCoverageValue----------	360	360	173	341	339	360	270	292	300	205	328	358	317	356	242	349	306	360	360	324	285	360	319	224	298	225	206	300	360	253	298	269	334	324	303	293	292	325	360	286	307	360	359	355	329	345	293	360	351	344	323	360	294	261	264	325	360	271	332	309	360	325	352	278	304	284	360	238	256	358	346	309	320	360	349	293	242	336	316	331	291	355	231	351	360	356	265	349	274	312	359	301	340	356	312	173	355	304	360	312	
initialRedundantCoverageValue-	540	360	187	319	501	480	270	428	540	395	812	782	343	184	178	371	234	600	600	276	555	720	221	256	362	135	154	300	420	347	302	271	626	636	237	187	248	455	420	914	413	780	721	485	511	495	487	600	429	556	337	600	486	219	336	215	360	389	328	471	780	395	548	442	536	256	540	362	224	422	374	231	580	900	671	367	298	204	404	329	309	485	309	489	600	484	455	371	326	348	541	299	500	484	528	67	365	236	480	408	
additionalPoiTime-------------	15600.1
algorithmTime-----------------	1.97341265E7
Total Transferred Metadata----	8101

Photo List Size: 399
Gained Coverage %-------------	0.5459185300966538
Gained Redundancy %-----------	0.16125298244785147
Total Cluster Created---------	0
Total Transferred Photo-------	5954
Coverage Group----------------	1-30	31-60	61-90	91-120	121-150	151-180	181-210	211-240	241-270	271-300	301-330	331-360	
Coverage Distribution---------	1	4	2	17	18	26	8	10	5	5	3	1	
Ratio Group-------------------	.0	.1	.2	.3	.4	.5	.6	.7	.8	.9	1.0	
Coverage Ratio----------------	1	0	3	3	17	23	15	14	14	6	4	
Redundant Ratio---------------	26	23	16	17	12	4	0	2	0	0	0	
NumberOfPoint Group-----------	0	1	2	
NumOfPoint Distribution-------	13	29	8	
SD Group----------------------	0-1	1-2	2-3	3-4	4-5	5-6	6-7	7-8	8-9	9-10	10-11	11-12	12-13	
SD Distribution---------------	65	2	3	3	3	4	5	4	5	1	3	1	1	
Half Coverage Group-----------	0-1000	1000-2000	2000-3000	3000-4000	4000-5000	5000-6000	6000-7000	7000-8000	8000-9000	9000-10000	10000-11000	11000-12000	12000-13000	13000-14000	14000-15000	15000-16000	16000-17000	17000-18000	18000-19000	19000-20000	20000-21000	21000-22000	22000-23000	23000-24000	24000-25000	25000-26000	26000-27000	27000-28000	28000-29000	29000-30000	30000-31000	31000-32000	32000-33000	33000-34000	34000-35000	35000-36000	36000-37000	37000-38000	38000-39000	39000-40000	40000-41000	41000-42000	42000-43000	43000-44000	44000-45000	45000-46000	46000-47000	47000-48000	48000-49000	49000-50000	50000-51000	51000-52000	52000-53000	53000-54000	54000-55000	55000-56000	56000-57000	57000-58000	58000-59000	59000-60000	60000-61000	61000-62000	62000-63000	63000-64000	64000-65000	65000-66000	66000-67000	67000-68000	68000-69000	69000-70000	70000-71000	71000-72000	72000-73000	73000-74000	74000-75000	75000-76000	76000-77000	77000-78000	78000-79000	79000-80000	80000-81000	81000-82000	82000-83000	83000-84000	84000-85000	85000-86000	86000-87000	
Half Cvg Time Distribution----	4	0	0	0	0	0	0	0	0	0	0	0	0	0	0	0	1	0	0	0	0	0	0	0	0	0	0	0	0	0	0	0	1	0	0	0	1	0	0	0	0	0	0	2	1	2	2	0	1	0	0	0	1	3	1	0	0	0	0	0	0	0	0	0	0	0	0	0	0	0	0	0	0	0	2	6	0	0	0	11	2	0	1	0	0	0	0	
Transferred Photo Group-------	0-1000	1000-2000	2000-3000	3000-4000	4000-5000	5000-6000	6000-7000	7000-8000	8000-9000	9000-10000	10000-11000	11000-12000	12000-13000	13000-14000	14000-15000	15000-16000	16000-17000	17000-18000	18000-19000	19000-20000	20000-21000	21000-22000	22000-23000	23000-24000	24000-25000	25000-26000	26000-27000	27000-28000	28000-29000	29000-30000	30000-31000	31000-32000	32000-33000	33000-34000	34000-35000	35000-36000	36000-37000	37000-38000	38000-39000	39000-40000	40000-41000	41000-42000	42000-43000	43000-44000	44000-45000	45000-46000	46000-47000	47000-48000	48000-49000	49000-50000	50000-51000	51000-52000	52000-53000	53000-54000	54000-55000	55000-56000	56000-57000	57000-58000	58000-59000	59000-60000	60000-61000	61000-62000	62000-63000	63000-64000	64000-65000	65000-66000	66000-67000	67000-68000	68000-69000	69000-70000	70000-71000	71000-72000	72000-73000	73000-74000	74000-75000	75000-76000	76000-77000	77000-78000	78000-79000	79000-80000	80000-81000	81000-82000	82000-83000	83000-84000	84000-85000	85000-86000	86000-87000	
Photo Time Distribution-------	535	98	81	49	61	113	114	36	101	24	101	24	37	17	48	42	32	49	40	76	44	12	78	40	13	74	145	85	109	155	107	42	174	83	156	167	60	187	76	18	39	110	87	87	96	83	44	38	25	18	48	31	97	140	151	98	191	93	63	86	59	161	116	101	61	83	77	92	4	118	148	127	142	120	188	171	94	83	76	111	25	11	21	0	0	0	0	

