Message stats for scenario Photo_5000-Scenario_8-ActualPOI_50
sim_time: 86400.0000

Photo List Size: 1106
coverageValue-----------------	253	330	319	280	329	318	341	338	320	274	360	353	327	360	348	294	360	276	360	313	307	325	354	348	303	360	213	324	357	253	345	343	303	338	341	360	351	351	342	357	360	326	342	279	348	344	341	357	339	357	256	276	255	110	321	304	255	240	322	335	247	256	278	239	253	268	265	332	217	335	302	236	360	211	351	258	222	308	286	242	252	252	322	180	314	206	351	333	240	288	123	275	271	235	133	270	200	324	205	322	
redundantCoverageValue--------	347	270	341	620	511	342	499	322	460	326	600	547	213	780	612	366	540	444	840	587	413	275	426	612	597	720	267	336	663	407	495	677	537	382	559	780	189	549	558	723	480	274	378	261	612	616	319	663	561	423	44	204	345	70	279	116	405	60	338	205	173	224	142	181	107	272	275	508	83	385	298	124	360	89	189	102	198	172	254	178	48	168	338	0	286	514	309	147	0	552	57	385	269	245	47	150	280	336	155	338	
halfCoverageTime--------------	42398.0	8252.0	54780.0	52158.0	17008.0	7692.0	5862.0	52146.0	17014.0	17050.0	48256.0	8024.0	73378.0	430.0	5420.0	8216.0	976.0	48352.0	934.0	6166.0	32774.0	7698.0	44270.0	8174.0	1516.0	8102.0	79346.0	44432.0	684.0	73284.0	8246.0	16888.0	5444.0	16990.0	1774.0	7912.0	6172.0	994.0	7852.0	1228.0	5892.0	32780.0	44162.0	806.0	1504.0	760.0	44264.0	6112.0	824.0	1834.0	.0	8132.0	42386.0	.0	1354.0	800.0	73560.0	16870.0	5874.0	75460.0	75364.0	75376.0	37864.0	80288.0	75394.0	16972.0	16930.0	1528.0	74914.0	5462.0	1246.0	516.0	804.0	1198.0	42284.0	7894.0	48388.0	76102.0	48280.0	74962.0	43852.0	1510.0	1870.0	8336.0	6118.0	5880.0	16852.0	1072.0	970.0	1168.0	.0	73626.0	16906.0	79876.0	.0	75508.0	1810.0	1858.0	75076.0	1294.0	
numberOfPoint-----------------	1	1	1	1	1	1	1	1	1	1	1	1	1	1	1	1	1	1	1	1	1	1	1	1	1	1	1	1	1	1	1	1	1	1	1	1	1	1	1	1	1	1	1	1	1	1	1	1	1	1	1	2	0	0	1	2	1	1	2	1	1	1	0	1	2	2	2	2	0	3	3	1	1	2	2	2	1	1	2	0	1	1	2	0	1	1	1	1	1	2	1	1	1	1	1	2	1	2	0	2	
standardDeviation-------------	.0	.0	.0	.0	.0	.0	.0	.0	.0	.0	.0	.0	.0	.0	.0	.0	.0	.0	.0	.0	.0	.0	.0	.0	.0	.0	.0	.0	.0	.0	.0	.0	.0	.0	.0	.0	.0	.0	.0	.0	.0	.0	.0	.0	.0	.0	.0	.0	.0	.0	.72	5.03	.0	.0	1.49	5.79	3.51	10.23	9.46	4.22	3.58	.85	.0	7.21	10.48	8.64	7.18	6.43	.0	9.24	9.45	4.7	1.08	5.13	7.74	6.15	1.0	4.3	7.94	.0	7.62	8.7	7.88	.0	6.72	2.84	1.87	6.23	6.15	9.43	1.58	5.32	10.69	5.03	7.71	5.08	3.51	10.3	.0	4.95	
initialCoverageValue----------	360	360	360	360	360	360	360	360	360	360	360	360	360	360	360	360	360	360	360	360	360	360	360	360	360	360	360	360	360	360	360	360	360	360	360	360	360	360	360	360	360	360	360	360	360	360	360	360	360	360	360	360	360	360	360	360	360	360	360	360	360	360	360	360	360	360	360	360	360	360	360	360	360	360	360	360	360	360	360	360	360	360	360	360	360	360	360	360	360	360	360	360	360	360	360	360	360	360	360	360	
initialRedundantCoverageValue-	2700	2160	2280	3000	2280	2280	2580	2760	2280	2400	2820	2580	2100	2820	2100	2280	2220	1800	2580	2400	2160	2580	2400	2340	2220	2520	1800	1620	2340	2520	2040	2640	2940	2700	2400	3240	2760	2880	3000	2580	2340	2520	2160	2400	2160	2400	1920	3180	3000	2520	2520	2640	2100	1920	2280	2220	2280	2400	2760	3180	2160	2880	2580	2100	2100	2640	3120	2580	1860	1980	2460	1380	3000	2160	2580	2160	2580	2760	1920	2400	1980	2640	2460	2040	2400	2400	2040	2220	2640	2460	1860	3240	2760	2940	2160	2340	1920	3060	2280	2280	
additionalPoiTime-------------	327602.1
algorithmTime-----------------	3.1046961249444E10
Total Transferred Metadata----	5674

Photo List Size: 1106
Gained Coverage %-------------	0.8238055555555556
Gained Redundancy %-----------	0.1456498433118918
Total Cluster Created---------	0
Total Transferred Photo-------	66261
Coverage Group----------------	1-30	31-60	61-90	91-120	121-150	151-180	181-210	211-240	241-270	271-300	301-330	331-360	
Coverage Distribution---------	0	0	0	1	2	1	3	9	15	11	22	36	
Ratio Group-------------------	.0	.1	.2	.3	.4	.5	.6	.7	.8	.9	1.0	
Coverage Ratio----------------	0	0	0	0	3	1	5	11	21	18	41	
Redundant Ratio---------------	2	30	41	26	1	0	0	0	0	0	0	
NumberOfPoint Group-----------	0	1	2	3	
NumOfPoint Distribution-------	7	25	16	2	
SD Group----------------------	0-1	1-2	2-3	3-4	4-5	5-6	6-7	7-8	8-9	9-10	10-11	
SD Distribution---------------	59	5	1	3	4	6	5	7	2	4	4	
Half Coverage Group-----------	0-1000	1000-2000	2000-3000	3000-4000	4000-5000	5000-6000	6000-7000	7000-8000	8000-9000	9000-10000	10000-11000	11000-12000	12000-13000	13000-14000	14000-15000	15000-16000	16000-17000	17000-18000	18000-19000	19000-20000	20000-21000	21000-22000	22000-23000	23000-24000	24000-25000	25000-26000	26000-27000	27000-28000	28000-29000	29000-30000	30000-31000	31000-32000	32000-33000	33000-34000	34000-35000	35000-36000	36000-37000	37000-38000	38000-39000	39000-40000	40000-41000	41000-42000	42000-43000	43000-44000	44000-45000	45000-46000	46000-47000	47000-48000	48000-49000	49000-50000	50000-51000	51000-52000	52000-53000	53000-54000	54000-55000	55000-56000	56000-57000	57000-58000	58000-59000	59000-60000	60000-61000	61000-62000	62000-63000	63000-64000	64000-65000	65000-66000	66000-67000	67000-68000	68000-69000	69000-70000	70000-71000	71000-72000	72000-73000	73000-74000	74000-75000	75000-76000	76000-77000	77000-78000	78000-79000	79000-80000	80000-81000	81000-82000	82000-83000	83000-84000	84000-85000	85000-86000	86000-87000	
Half Cvg Time Distribution----	12	16	0	0	0	7	4	5	8	0	0	0	0	0	0	0	7	3	0	0	0	0	0	0	0	0	0	0	0	0	0	0	2	0	0	0	0	1	0	0	0	0	3	1	4	0	0	0	4	0	0	0	2	0	1	0	0	0	0	0	0	0	0	0	0	0	0	0	0	0	0	0	0	4	2	6	1	0	0	2	1	0	0	0	0	0	0	
Transferred Photo Group-------	0-1000	1000-2000	2000-3000	3000-4000	4000-5000	5000-6000	6000-7000	7000-8000	8000-9000	9000-10000	10000-11000	11000-12000	12000-13000	13000-14000	14000-15000	15000-16000	16000-17000	17000-18000	18000-19000	19000-20000	20000-21000	21000-22000	22000-23000	23000-24000	24000-25000	25000-26000	26000-27000	27000-28000	28000-29000	29000-30000	30000-31000	31000-32000	32000-33000	33000-34000	34000-35000	35000-36000	36000-37000	37000-38000	38000-39000	39000-40000	40000-41000	41000-42000	42000-43000	43000-44000	44000-45000	45000-46000	46000-47000	47000-48000	48000-49000	49000-50000	50000-51000	51000-52000	52000-53000	53000-54000	54000-55000	55000-56000	56000-57000	57000-58000	58000-59000	59000-60000	60000-61000	61000-62000	62000-63000	63000-64000	64000-65000	65000-66000	66000-67000	67000-68000	68000-69000	69000-70000	70000-71000	71000-72000	72000-73000	73000-74000	74000-75000	75000-76000	76000-77000	77000-78000	78000-79000	79000-80000	80000-81000	81000-82000	82000-83000	83000-84000	84000-85000	85000-86000	86000-87000	
Photo Time Distribution-------	3924	1288	846	614	718	1462	1167	835	924	477	1399	500	717	464	662	655	666	678	418	699	1057	369	1415	917	680	979	1970	1360	2109	2889	2526	2027	2693	2353	2925	3030	3607	2891	1682	1263	1873	1820	1812	1985	2564	1569	1968	1304	693	713	1629	1596	1003	1395	1896	1966	2419	2385	1553	1390	1567	2122	2141	1411	1794	1967	1765	1757	593	1729	2208	1836	2362	1442	2226	1883	1079	1119	1042	974	552	327	312	0	0	0	0	

