Message stats for scenario Photo_10000-Scenario_5-ActualPOI_50
sim_time: 86400.0000

Photo List Size: 9423
coverageValue-----------------	343	360	357	360	360	345	327	326	360	347	347	360	360	322	339	360	360	360	360	360	274	323	320	327	338	360	360	327	346	360	360	343	338	353	360	360	327	360	354	336	354	360	352	337	360	354	360	360	325	326	219	213	123	232	204	220	262	267	188	142	352	304	245	284	237	266	348	339	286	125	263	324	261	296	360	300	302	200	294	317	196	351	272	306	241	245	254	251	315	339	257	340	239	328	281	355	287	199	293	313	
redundantCoverageValue--------	377	180	243	360	660	195	273	394	240	433	193	300	300	458	261	300	420	120	300	240	326	157	280	273	322	300	240	273	314	300	480	377	202	187	180	360	273	420	186	384	426	540	308	383	180	486	240	300	275	454	261	87	117	248	96	80	338	393	52	98	608	356	235	436	243	274	432	201	314	115	457	396	339	124	420	180	298	40	246	343	104	309	208	294	239	295	226	169	225	501	223	320	181	212	259	485	313	161	307	167	
halfCoverageTime--------------	52158.0	1374.0	16360.0	8468.0	1146.0	8540.0	43804.0	44044.0	1320.0	8408.0	8366.0	8238.0	16246.0	79680.0	38270.0	8378.0	1034.0	678.0	1254.0	1106.0	16432.0	7936.0	8294.0	8504.0	8288.0	44450.0	37828.0	8024.0	1452.0	8300.0	43912.0	1236.0	1524.0	1134.0	1314.0	8306.0	806.0	1512.0	38294.0	7982.0	1404.0	1356.0	1518.0	26958.0	1440.0	43828.0	7924.0	8534.0	710.0	7864.0	7772.0	38288.0	.0	8196.0	43978.0	1464.0	16480.0	590.0	42356.0	.0	782.0	3636.0	1494.0	42326.0	27024.0	1302.0	944.0	728.0	818.0	.0	16318.0	8048.0	836.0	8492.0	766.0	758.0	1566.0	75146.0	43852.0	16456.0	79358.0	596.0	1308.0	896.0	16330.0	32780.0	16468.0	6154.0	8108.0	884.0	43888.0	458.0	32744.0	5456.0	38318.0	426.0	8318.0	16264.0	7900.0	1392.0	
numberOfPoint-----------------	1	1	1	1	1	1	1	1	1	1	1	1	1	1	1	1	1	1	1	1	1	1	1	1	1	1	1	1	1	1	1	1	1	1	1	1	1	1	1	1	1	1	1	1	1	1	1	1	1	1	5	2	1	3	4	3	5	5	1	1	3	4	3	4	1	2	3	7	2	1	4	2	2	2	2	2	3	6	2	2	7	3	1	4	5	2	2	1	4	7	3	4	2	2	5	2	4	2	3	2	
standardDeviation-------------	.0	.0	.0	.0	.0	.0	.0	.0	.0	.0	.0	.0	.0	.0	.0	.0	.0	.0	.0	.0	.0	.0	.0	.0	.0	.0	.0	.0	.0	.0	.0	.0	.0	.0	.0	.0	.0	.0	.0	.0	.0	.0	.0	.0	.0	.0	.0	.0	.0	.0	7.53	6.64	5.3	6.09	7.8	8.82	8.06	9.15	8.79	6.32	7.13	8.37	8.14	9.32	6.16	7.78	8.0	6.83	5.8	8.26	9.14	7.58	5.92	7.25	10.67	8.01	5.25	8.52	9.08	6.6	9.28	8.17	7.97	6.84	7.82	5.4	5.68	9.13	8.06	8.59	8.94	9.88	7.16	4.6	8.52	4.94	8.78	5.01	6.45	4.18	
initialCoverageValue----------	360	360	360	360	360	360	360	360	360	360	360	360	360	360	360	360	360	360	360	360	360	360	360	360	360	360	360	360	360	360	360	360	360	360	360	360	360	360	360	360	360	360	360	360	360	360	360	360	360	360	360	360	360	360	360	360	360	360	360	360	360	360	360	360	360	360	360	360	360	360	360	360	360	360	360	360	360	360	360	360	360	360	360	360	360	360	360	360	360	360	360	360	360	360	360	360	360	360	360	360	
initialRedundantCoverageValue-	4320	5400	4500	4860	4920	4800	5160	4920	4800	4440	4920	4920	4680	4320	5220	4200	4500	4020	4800	5460	5100	4440	4920	4560	4380	4920	4320	4500	4680	4680	4620	6000	4740	5040	3960	5280	4260	4740	4740	5040	4620	5580	4860	4140	5340	4680	3900	4320	4140	5820	4260	5160	4500	3600	4500	5340	4860	5340	4860	4380	5940	5220	4800	5340	4380	6000	5400	4740	5160	5040	5640	4980	4800	4380	6000	4500	5160	3780	5520	4680	3960	5340	4380	5880	4920	4740	5040	5580	4680	4920	4980	5160	4620	4200	4860	4140	5760	5280	5340	5640	
additionalPoiTime-------------	0.0
algorithmTime-----------------	2.848422259E8
Total Transferred Metadata----	13183

Photo List Size: 9423
Gained Coverage %-------------	0.8545
Gained Redundancy %-----------	0.05915162008409597
Total Cluster Created---------	50
Total Transferred Photo-------	2507
Coverage Group----------------	1-30	31-60	61-90	91-120	121-150	151-180	181-210	211-240	241-270	271-300	301-330	331-360	
Coverage Distribution---------	0	0	0	0	3	0	5	6	11	10	18	47	
Ratio Group-------------------	.0	.1	.2	.3	.4	.5	.6	.7	.8	.9	1.0	
Coverage Ratio----------------	0	0	0	0	3	0	6	9	13	14	55	
Redundant Ratio---------------	0	93	7	0	0	0	0	0	0	0	0	
NumberOfPoint Group-----------	0	1	2	3	4	5	6	7	
NumOfPoint Distribution-------	0	7	17	9	8	5	1	3	
SD Group----------------------	0-1	1-2	2-3	3-4	4-5	5-6	6-7	7-8	8-9	9-10	10-11	
SD Distribution---------------	50	0	0	0	3	7	8	10	14	7	1	
Half Coverage Group-----------	0-1000	1000-2000	2000-3000	3000-4000	4000-5000	5000-6000	6000-7000	7000-8000	8000-9000	9000-10000	10000-11000	11000-12000	12000-13000	13000-14000	14000-15000	15000-16000	16000-17000	17000-18000	18000-19000	19000-20000	20000-21000	21000-22000	22000-23000	23000-24000	24000-25000	25000-26000	26000-27000	27000-28000	28000-29000	29000-30000	30000-31000	31000-32000	32000-33000	33000-34000	34000-35000	35000-36000	36000-37000	37000-38000	38000-39000	39000-40000	40000-41000	41000-42000	42000-43000	43000-44000	44000-45000	45000-46000	46000-47000	47000-48000	48000-49000	49000-50000	50000-51000	51000-52000	52000-53000	53000-54000	54000-55000	55000-56000	56000-57000	57000-58000	58000-59000	59000-60000	60000-61000	61000-62000	62000-63000	63000-64000	64000-65000	65000-66000	66000-67000	67000-68000	68000-69000	69000-70000	70000-71000	71000-72000	72000-73000	73000-74000	74000-75000	75000-76000	76000-77000	77000-78000	78000-79000	79000-80000	80000-81000	81000-82000	82000-83000	83000-84000	84000-85000	85000-86000	86000-87000	
Half Cvg Time Distribution----	16	22	0	1	0	1	1	6	18	0	0	0	0	0	0	0	9	0	0	0	0	0	0	0	0	0	1	1	0	0	0	0	2	0	0	0	0	1	4	0	0	0	2	6	2	0	0	0	0	0	0	0	1	0	0	0	0	0	0	0	0	0	0	0	0	0	0	0	0	0	0	0	0	0	0	1	0	0	0	2	0	0	0	0	0	0	0	
Transferred Photo Group-------	0-1000	1000-2000	2000-3000	3000-4000	4000-5000	5000-6000	6000-7000	7000-8000	8000-9000	9000-10000	10000-11000	11000-12000	12000-13000	13000-14000	14000-15000	15000-16000	16000-17000	17000-18000	18000-19000	19000-20000	20000-21000	21000-22000	22000-23000	23000-24000	24000-25000	25000-26000	26000-27000	27000-28000	28000-29000	29000-30000	30000-31000	31000-32000	32000-33000	33000-34000	34000-35000	35000-36000	36000-37000	37000-38000	38000-39000	39000-40000	40000-41000	41000-42000	42000-43000	43000-44000	44000-45000	45000-46000	46000-47000	47000-48000	48000-49000	49000-50000	50000-51000	51000-52000	52000-53000	53000-54000	54000-55000	55000-56000	56000-57000	57000-58000	58000-59000	59000-60000	60000-61000	61000-62000	62000-63000	63000-64000	64000-65000	65000-66000	66000-67000	67000-68000	68000-69000	69000-70000	70000-71000	71000-72000	72000-73000	73000-74000	74000-75000	75000-76000	76000-77000	77000-78000	78000-79000	79000-80000	80000-81000	81000-82000	82000-83000	83000-84000	84000-85000	85000-86000	86000-87000	
Photo Time Distribution-------	852	283	33	53	0	244	37	238	43	0	386	0	0	0	0	0	47	17	0	0	0	0	0	0	0	0	44	79	0	0	0	0	284	0	0	0	688	39	154	0	0	0	0	61	35	196	26	0	16	0	0	0	160	81	198	0	0	0	0	0	0	0	0	117	0	64	64	0	0	22	0	0	0	85	251	187	0	0	16	198	28	0	1	0	0	0	0	

