Message stats for scenario Photo_2500-Scenario_5-ActualPOI_50
sim_time: 86400.0000

Photo List Size: 2427
coverageValue-----------------	259	226	260	200	232	174	298	148	308	255	143	241	273	329	249	216	360	319	208	136	349	180	204	295	181	351	287	191	180	235	187	261	216	120	252	188	240	248	244	161	273	236	169	296	171	199	145	328	218	314	119	60	173	232	180	206	244	267	199	263	103	281	235	60	140	223	215	193	309	170	128	283	249	228	180	264	240	217	127	238	180	196	161	286	283	198	120	120	231	196	182	60	70	112	236	313	173	159	185	188	
redundantCoverageValue--------	101	74	160	100	188	126	122	32	52	105	157	59	267	91	171	144	180	101	92	44	311	0	96	65	119	129	133	49	0	125	53	99	144	0	108	52	120	172	296	79	147	184	71	124	69	41	95	152	142	106	61	0	67	8	0	154	116	33	41	157	17	139	125	0	40	77	145	47	291	70	52	77	231	132	0	96	0	23	53	62	0	104	19	74	17	102	0	0	69	104	58	0	50	68	184	47	7	81	55	232	
halfCoverageTime--------------	52212.0	75180.0	43828.0	16276.0	52188.0	.0	54768.0	.0	42326.0	44126.0	.0	74902.0	5880.0	52102.0	1254.0	79864.0	6136.0	8012.0	79806.0	.0	812.0	75006.0	43852.0	75118.0	75486.0	546.0	48256.0	43786.0	74946.0	608.0	80268.0	16330.0	75040.0	.0	7858.0	816.0	48262.0	44090.0	43858.0	.0	80118.0	53772.0	.0	37898.0	.0	44408.0	.0	7920.0	44120.0	75094.0	.0	.0	.0	846.0	840.0	37840.0	52224.0	73410.0	32750.0	7586.0	.0	262.0	52252.0	.0	.0	43834.0	43798.0	73422.0	36264.0	.0	.0	53784.0	32786.0	768.0	36270.0	736.0	32756.0	754.0	.0	42314.0	766.0	45078.0	.0	7544.0	7982.0	744.0	.0	.0	43792.0	79340.0	52136.0	.0	.0	.0	16312.0	684.0	.0	.0	32090.0	74914.0	
numberOfPoint-----------------	1	1	1	1	1	1	1	1	1	1	1	1	1	1	1	1	1	1	1	1	1	1	1	1	1	1	1	1	1	1	1	1	1	1	1	1	1	1	1	1	1	1	1	1	1	1	1	1	1	1	4	2	5	0	3	4	3	3	2	3	1	3	4	3	3	2	12	3	2	2	3	1	2	2	4	3	3	2	4	6	3	2	3	3	5	2	6	2	1	3	1	2	1	1	2	2	1	3	1	7	
standardDeviation-------------	.0	.0	.0	.0	.0	.0	.0	.0	.0	.0	.0	.0	.0	.0	.0	.0	.0	.0	.0	.0	.0	.0	.0	.0	.0	.0	.0	.0	.0	.0	.0	.0	.0	.0	.0	.0	.0	.0	.0	.0	.0	.0	.0	.0	.0	.0	.0	.0	.0	.0	6.6	6.35	9.3	.0	7.04	7.57	8.48	5.5	7.4	3.42	5.41	9.48	6.44	9.67	7.78	5.15	7.34	7.75	7.73	6.48	6.44	2.34	5.13	5.34	7.58	5.85	9.19	4.71	8.77	6.8	6.17	5.29	7.72	7.66	5.65	6.34	5.9	6.32	2.97	7.09	6.58	4.7	3.75	2.55	5.49	6.55	2.52	4.5	2.01	6.75	
initialCoverageValue----------	353	337	360	351	341	351	340	360	360	360	360	360	359	340	358	356	360	360	341	360	360	360	356	360	357	360	360	360	360	360	360	349	360	360	357	360	360	360	348	329	360	360	329	339	360	357	360	360	350	360	360	354	360	360	327	360	360	360	360	336	344	360	360	360	360	354	349	360	360	357	308	360	360	360	360	360	360	360	360	360	360	360	358	360	360	360	360	360	360	360	360	344	284	358	358	360	358	360	360	360	
initialRedundantCoverageValue-	1147	863	1380	1269	1039	1089	1040	1380	1260	1200	960	1680	1201	740	1262	1144	1320	960	799	1260	1620	840	1084	1680	783	900	1080	780	660	1260	660	1211	1380	720	1263	840	1620	1260	1212	751	1380	1200	871	921	1320	603	1140	1200	1330	1020	1020	546	1080	1080	813	1440	1260	840	1080	924	676	1320	1140	1140	1260	906	1331	900	1260	1263	772	1380	1740	1020	1080	1320	840	840	1020	840	960	1380	1502	1140	1320	1080	1080	1140	1080	780	1440	616	796	782	1082	900	1082	1140	1260	1620	
additionalPoiTime-------------	0.0
algorithmTime-----------------	1.61773037E7
Total Transferred Metadata----	13248

Photo List Size: 2427
Gained Coverage %-------------	0.6038267534590132
Gained Redundancy %-----------	0.08400899056354817
Total Cluster Created---------	50
Total Transferred Photo-------	1545
Coverage Group----------------	1-30	31-60	61-90	91-120	121-150	151-180	181-210	211-240	241-270	271-300	301-330	331-360	
Coverage Distribution---------	0	3	1	6	7	14	17	18	14	10	7	3	
Ratio Group-------------------	.0	.1	.2	.3	.4	.5	.6	.7	.8	.9	1.0	
Coverage Ratio----------------	0	0	3	2	9	15	19	23	16	8	5	
Redundant Ratio---------------	12	51	34	3	0	0	0	0	0	0	0	
NumberOfPoint Group-----------	0	1	2	3	4	5	6	7	8	9	10	11	12	
NumOfPoint Distribution-------	1	8	14	16	5	2	2	1	0	0	0	0	1	
SD Group----------------------	0-1	1-2	2-3	3-4	4-5	5-6	6-7	7-8	8-9	9-10	
SD Distribution---------------	51	0	5	2	3	10	12	11	2	4	
Half Coverage Group-----------	0-1000	1000-2000	2000-3000	3000-4000	4000-5000	5000-6000	6000-7000	7000-8000	8000-9000	9000-10000	10000-11000	11000-12000	12000-13000	13000-14000	14000-15000	15000-16000	16000-17000	17000-18000	18000-19000	19000-20000	20000-21000	21000-22000	22000-23000	23000-24000	24000-25000	25000-26000	26000-27000	27000-28000	28000-29000	29000-30000	30000-31000	31000-32000	32000-33000	33000-34000	34000-35000	35000-36000	36000-37000	37000-38000	38000-39000	39000-40000	40000-41000	41000-42000	42000-43000	43000-44000	44000-45000	45000-46000	46000-47000	47000-48000	48000-49000	49000-50000	50000-51000	51000-52000	52000-53000	53000-54000	54000-55000	55000-56000	56000-57000	57000-58000	58000-59000	59000-60000	60000-61000	61000-62000	62000-63000	63000-64000	64000-65000	65000-66000	66000-67000	67000-68000	68000-69000	69000-70000	70000-71000	71000-72000	72000-73000	73000-74000	74000-75000	75000-76000	76000-77000	77000-78000	78000-79000	79000-80000	80000-81000	81000-82000	82000-83000	83000-84000	84000-85000	85000-86000	86000-87000	
Half Cvg Time Distribution----	13	1	0	0	0	1	1	5	1	0	0	0	0	0	0	0	3	0	0	0	0	0	0	0	0	0	0	0	0	0	0	0	4	0	0	0	2	2	0	0	0	0	2	7	4	1	0	0	2	0	0	0	6	2	1	0	0	0	0	0	0	0	0	0	0	0	0	0	0	0	0	0	0	2	3	6	0	0	0	3	2	0	0	0	0	0	0	
Transferred Photo Group-------	0-1000	1000-2000	2000-3000	3000-4000	4000-5000	5000-6000	6000-7000	7000-8000	8000-9000	9000-10000	10000-11000	11000-12000	12000-13000	13000-14000	14000-15000	15000-16000	16000-17000	17000-18000	18000-19000	19000-20000	20000-21000	21000-22000	22000-23000	23000-24000	24000-25000	25000-26000	26000-27000	27000-28000	28000-29000	29000-30000	30000-31000	31000-32000	32000-33000	33000-34000	34000-35000	35000-36000	36000-37000	37000-38000	38000-39000	39000-40000	40000-41000	41000-42000	42000-43000	43000-44000	44000-45000	45000-46000	46000-47000	47000-48000	48000-49000	49000-50000	50000-51000	51000-52000	52000-53000	53000-54000	54000-55000	55000-56000	56000-57000	57000-58000	58000-59000	59000-60000	60000-61000	61000-62000	62000-63000	63000-64000	64000-65000	65000-66000	66000-67000	67000-68000	68000-69000	69000-70000	70000-71000	71000-72000	72000-73000	73000-74000	74000-75000	75000-76000	76000-77000	77000-78000	78000-79000	79000-80000	80000-81000	81000-82000	82000-83000	83000-84000	84000-85000	85000-86000	86000-87000	
Photo Time Distribution-------	476	65	16	19	0	43	18	104	0	0	81	0	0	0	0	0	17	6	4	0	0	0	0	0	0	0	8	11	0	0	0	0	75	0	0	0	230	13	40	0	0	0	0	17	15	108	9	0	3	0	0	0	72	27	47	15	0	0	0	0	0	0	0	33	0	11	11	0	0	6	0	0	0	17	79	88	0	0	0	69	10	0	1	0	0	0	0	

