Message stats for scenario Photo_1250-Scenario_5-ActualPOI_50
sim_time: 86400.0000

Photo List Size: 1214
coverageValue-----------------	229	256	170	160	265	179	60	201	127	214	60	120	120	155	235	125	60	195	60	236	264	180	159	246	238	312	220	256	237	180	254	191	201	233	60	204	104	0	141	133	122	177	267	224	215	106	158	199	180	238	120	195	197	177	231	249	189	170	120	97	261	120	120	213	120	131	180	60	120	168	180	60	120	142	60	173	180	279	0	259	180	93	189	220	201	189	112	123	180	60	180	291	271	180	252	247	249	120	145	233	
redundantCoverageValue--------	71	104	70	140	95	1	0	39	53	26	0	0	0	85	5	55	0	45	0	64	36	0	21	54	62	108	140	104	123	0	166	109	39	7	0	36	16	0	39	47	58	3	153	16	145	14	82	101	0	2	0	105	43	63	9	51	111	10	0	23	99	0	0	27	0	109	0	0	0	72	0	0	0	98	0	67	0	21	0	41	0	27	51	20	39	51	188	57	0	0	0	189	149	0	108	53	51	0	35	67	
halfCoverageTime--------------	75124.0	32084.0	.0	.0	16288.0	.0	.0	74914.0	.0	75136.0	.0	.0	.0	.0	7856.0	.0	.0	80294.0	.0	80300.0	74212.0	79820.0	.0	7820.0	75142.0	5420.0	43846.0	54774.0	75232.0	75082.0	75064.0	75058.0	79782.0	74978.0	.0	75038.0	.0	.0	.0	.0	.0	.0	560.0	52208.0	79692.0	.0	.0	79334.0	79152.0	48268.0	.0	79766.0	75182.0	.0	16276.0	75112.0	44096.0	.0	.0	.0	7766.0	.0	.0	6118.0	.0	.0	43828.0	.0	.0	.0	74946.0	.0	.0	.0	.0	.0	684.0	43786.0	.0	32750.0	75176.0	.0	44390.0	32774.0	63240.0	1212.0	.0	.0	44084.0	.0	79704.0	7568.0	32762.0	63222.0	73248.0	16300.0	7550.0	.0	.0	73416.0	
numberOfPoint-----------------	1	1	1	1	1	1	1	1	1	1	1	1	1	1	1	1	1	1	1	1	1	1	1	1	1	1	1	1	1	1	1	1	1	1	1	1	1	1	1	1	1	1	1	1	1	1	1	1	1	1	2	18	2	2	1	2	2	2	1	4	3	3	2	3	1	7	1	1	1	11	2	4	2	2	2	3	2	3	5	2	3	1	5	2	3	4	1	13	2	1	2	2	3	2	4	4	5	4	3	2	
standardDeviation-------------	.0	.0	.0	.0	.0	.0	.0	.0	.0	.0	.0	.0	.0	.0	.0	.0	.0	.0	.0	.0	.0	.0	.0	.0	.0	.0	.0	.0	.0	.0	.0	.0	.0	.0	.0	.0	.0	.0	.0	.0	.0	.0	.0	.0	.0	.0	.0	.0	.0	.0	6.52	6.09	6.39	7.3	12.43	7.24	6.31	9.1	4.1	8.35	5.51	4.47	7.39	8.4	1.3	5.16	2.59	4.12	2.59	6.24	5.73	6.62	5.4	4.57	9.83	5.51	6.05	7.44	5.66	10.21	7.86	3.04	6.3	2.69	4.44	8.9	7.5	8.82	6.41	7.0	2.56	5.25	9.81	5.79	4.08	8.57	9.0	5.53	4.59	6.35	
initialCoverageValue----------	354	327	358	274	360	343	315	353	345	344	343	360	303	284	358	247	319	296	228	314	360	288	219	248	360	352	329	296	340	316	286	275	355	360	346	350	279	249	346	273	322	323	295	297	274	289	360	313	287	348	334	308	311	305	345	341	307	347	326	347	307	343	357	285	246	313	337	287	317	341	334	296	271	319	357	337	296	341	267	340	324	352	359	336	301	333	314	313	318	317	338	360	346	241	326	338	331	199	291	317	
initialRedundantCoverageValue-	546	693	482	446	660	437	525	487	375	256	557	180	177	496	542	353	281	364	132	706	600	252	201	292	660	428	751	304	500	404	434	385	545	720	254	370	201	111	434	387	338	637	665	483	686	311	540	707	313	312	386	532	289	235	315	319	233	493	514	493	413	317	303	435	234	347	383	373	283	499	446	184	149	461	483	323	244	559	33	320	936	368	601	384	359	447	646	587	162	283	262	1080	434	119	514	382	689	101	429	463	
additionalPoiTime-------------	0.0
algorithmTime-----------------	1.17312752E7
Total Transferred Metadata----	13276

Photo List Size: 1214
Gained Coverage %-------------	0.5471650460916783
Gained Redundancy %-----------	0.10937649650416627
Total Cluster Created---------	50
Total Transferred Photo-------	1169
Coverage Group----------------	1-30	31-60	61-90	91-120	121-150	151-180	181-210	211-240	241-270	271-300	301-330	331-360	
Coverage Distribution---------	2	9	0	15	9	21	12	15	13	3	1	0	
Ratio Group-------------------	.0	.1	.2	.3	.4	.5	.6	.7	.8	.9	1.0	
Coverage Ratio----------------	2	0	6	5	13	11	18	21	16	6	2	
Redundant Ratio---------------	31	26	26	11	5	1	0	0	0	0	0	
NumberOfPoint Group-----------	0	1	2	3	4	5	6	7	8	9	10	11	12	13	14	15	16	17	18	
NumOfPoint Distribution-------	0	9	19	9	6	3	0	1	0	0	0	1	0	1	0	0	0	0	1	
SD Group----------------------	0-1	1-2	2-3	3-4	4-5	5-6	6-7	7-8	8-9	9-10	10-11	11-12	12-13	
SD Distribution---------------	50	1	4	1	7	9	10	7	5	4	1	0	1	
Half Coverage Group-----------	0-1000	1000-2000	2000-3000	3000-4000	4000-5000	5000-6000	6000-7000	7000-8000	8000-9000	9000-10000	10000-11000	11000-12000	12000-13000	13000-14000	14000-15000	15000-16000	16000-17000	17000-18000	18000-19000	19000-20000	20000-21000	21000-22000	22000-23000	23000-24000	24000-25000	25000-26000	26000-27000	27000-28000	28000-29000	29000-30000	30000-31000	31000-32000	32000-33000	33000-34000	34000-35000	35000-36000	36000-37000	37000-38000	38000-39000	39000-40000	40000-41000	41000-42000	42000-43000	43000-44000	44000-45000	45000-46000	46000-47000	47000-48000	48000-49000	49000-50000	50000-51000	51000-52000	52000-53000	53000-54000	54000-55000	55000-56000	56000-57000	57000-58000	58000-59000	59000-60000	60000-61000	61000-62000	62000-63000	63000-64000	64000-65000	65000-66000	66000-67000	67000-68000	68000-69000	69000-70000	70000-71000	71000-72000	72000-73000	73000-74000	74000-75000	75000-76000	76000-77000	77000-78000	78000-79000	79000-80000	80000-81000	81000-82000	82000-83000	83000-84000	84000-85000	85000-86000	86000-87000	
Half Cvg Time Distribution----	2	1	0	0	0	1	1	5	0	0	0	0	0	0	0	0	3	0	0	0	0	0	0	0	0	0	0	0	0	0	0	0	4	0	0	0	0	0	0	0	0	0	0	3	3	0	0	0	1	0	0	0	1	0	1	0	0	0	0	0	0	0	0	2	0	0	0	0	0	0	0	0	0	2	4	11	0	0	0	7	2	0	0	0	0	0	0	
Transferred Photo Group-------	0-1000	1000-2000	2000-3000	3000-4000	4000-5000	5000-6000	6000-7000	7000-8000	8000-9000	9000-10000	10000-11000	11000-12000	12000-13000	13000-14000	14000-15000	15000-16000	16000-17000	17000-18000	18000-19000	19000-20000	20000-21000	21000-22000	22000-23000	23000-24000	24000-25000	25000-26000	26000-27000	27000-28000	28000-29000	29000-30000	30000-31000	31000-32000	32000-33000	33000-34000	34000-35000	35000-36000	36000-37000	37000-38000	38000-39000	39000-40000	40000-41000	41000-42000	42000-43000	43000-44000	44000-45000	45000-46000	46000-47000	47000-48000	48000-49000	49000-50000	50000-51000	51000-52000	52000-53000	53000-54000	54000-55000	55000-56000	56000-57000	57000-58000	58000-59000	59000-60000	60000-61000	61000-62000	62000-63000	63000-64000	64000-65000	65000-66000	66000-67000	67000-68000	68000-69000	69000-70000	70000-71000	71000-72000	72000-73000	73000-74000	74000-75000	75000-76000	76000-77000	77000-78000	78000-79000	79000-80000	80000-81000	81000-82000	82000-83000	83000-84000	84000-85000	85000-86000	86000-87000	
Photo Time Distribution-------	444	37	3	0	0	5	8	47	0	0	37	0	0	0	0	0	13	0	2	0	0	0	0	0	0	0	1	2	0	0	0	0	65	0	0	0	156	6	44	0	0	0	0	18	8	43	6	0	3	0	0	0	55	15	33	9	0	0	0	0	0	0	0	22	0	7	1	0	0	3	0	0	0	14	51	44	0	0	0	42	7	0	3	0	0	0	0	

