Message stats for scenario Photo_5000-Scenario_6-ActualPOI_50
sim_time: 86400.0000

Photo List Size: 1037
coverageValue-----------------	218	300	360	313	280	326	355	285	324	286	240	248	342	336	255	320	251	257	352	312	315	319	276	346	330	238	310	340	324	298	229	291	269	173	346	299	345	285	234	296	330	292	360	340	346	229	309	326	360	329	176	331	60	288	312	346	218	317	258	300	251	252	289	294	247	322	294	213	302	299	283	360	296	315	256	325	268	341	305	275	302	318	343	324	312	312	287	323	360	311	200	327	242	344	320	355	342	348	279	195	
redundantCoverageValue--------	142	240	300	167	320	274	845	315	396	194	180	352	498	324	165	400	49	223	488	228	405	281	204	434	390	182	410	440	756	362	191	189	211	127	314	361	375	75	426	184	510	488	480	680	314	371	291	394	480	571	184	509	0	72	288	434	142	283	222	120	169	168	551	306	173	98	306	267	418	241	317	540	484	465	224	275	392	319	175	85	418	342	557	516	468	288	313	217	360	529	100	453	238	256	400	425	258	372	141	105	
halfCoverageTime--------------	75576.0	73324.0	7796.0	52310.0	5022.0	38450.0	952.0	7882.0	928.0	546.0	43888.0	75896.0	8018.0	75078.0	48376.0	634.0	75042.0	75260.0	712.0	37906.0	16622.0	38330.0	75418.0	7942.0	694.0	75114.0	658.0	7580.0	5916.0	45072.0	73318.0	52298.0	75284.0	.0	7834.0	7704.0	37834.0	73454.0	8114.0	38306.0	618.0	8192.0	7924.0	892.0	42308.0	16532.0	7550.0	37822.0	904.0	7562.0	.0	838.0	.0	76028.0	652.0	73460.0	48280.0	898.0	53778.0	7888.0	43828.0	52230.0	742.0	76328.0	75352.0	75430.0	43804.0	73306.0	8036.0	42374.0	452.0	772.0	856.0	736.0	8174.0	48334.0	1194.0	32084.0	800.0	75588.0	44174.0	8198.0	766.0	54780.0	1098.0	75206.0	73442.0	52304.0	880.0	8090.0	48304.0	7816.0	43846.0	530.0	7790.0	5910.0	38246.0	75490.0	16544.0	44432.0	
numberOfPoint-----------------	1	1	1	1	1	1	1	1	1	1	1	1	1	1	1	1	1	1	1	1	1	1	1	1	1	1	1	1	1	1	1	1	1	1	1	1	1	1	1	1	1	1	1	1	1	1	1	1	1	1	1	1	0	2	2	1	1	2	2	2	0	0	1	1	1	1	3	1	1	1	2	2	2	2	0	2	1	1	0	1	2	1	3	2	1	1	2	2	2	2	0	1	1	1	1	2	1	1	0	2	
standardDeviation-------------	.0	.0	.0	.0	.0	.0	.0	.0	.0	.0	.0	.0	.0	.0	.0	.0	.0	.0	.0	.0	.0	.0	.0	.0	.0	.0	.0	.0	.0	.0	.0	.0	.0	.0	.0	.0	.0	.0	.0	.0	.0	.0	.0	.0	.0	.0	.0	.0	.0	.0	3.86	10.31	.0	5.32	4.29	2.22	5.63	7.69	5.84	5.14	.0	.0	4.06	4.88	3.72	8.56	7.22	5.7	4.52	1.26	7.05	6.45	8.11	10.35	.0	10.85	7.72	2.2	.0	6.82	6.78	3.98	8.01	5.03	7.06	5.55	8.02	6.93	5.91	8.79	.0	7.92	1.61	1.63	1.49	4.94	4.8	1.5	.0	10.02	
initialCoverageValue----------	360	360	360	360	360	360	360	360	360	360	360	360	360	360	360	360	360	360	360	360	360	360	360	360	360	360	360	360	360	360	360	360	360	360	360	360	360	360	360	360	360	360	360	360	360	360	360	360	360	360	360	360	360	360	360	360	360	360	360	360	360	360	360	360	355	360	360	360	360	360	360	360	360	360	360	360	360	360	360	359	360	360	360	360	360	360	360	360	360	360	360	360	360	360	360	360	360	360	360	360	
initialRedundantCoverageValue-	1920	2520	2040	2220	2580	2760	2580	2760	2700	3120	2160	2520	2820	2340	2100	2340	2400	2220	1980	2040	2520	2520	1980	1740	2340	2100	2580	2580	2820	2520	2400	2460	2100	2100	2520	2040	2160	2340	3000	1860	2160	2580	2460	2700	2640	2520	2700	2280	3360	2400	2100	2940	1380	2040	2520	2640	1920	2700	2340	2160	1980	2160	2280	2280	1505	2340	2220	2100	3000	2400	2700	2460	2280	2640	2160	1440	3120	2400	2580	2221	2640	2400	2880	2820	2640	2640	3000	2280	2280	2340	1860	2460	2580	2160	3060	2760	2820	2280	2940	2160	
additionalPoiTime-------------	93600.6
algorithmTime-----------------	7.613628805E8
Total Transferred Metadata----	7891

Photo List Size: 1037
Gained Coverage %-------------	0.8218314163471689
Gained Redundancy %-----------	0.1329102349899836
Total Cluster Created---------	0
Total Transferred Photo-------	15108
Coverage Group----------------	1-30	31-60	61-90	91-120	121-150	151-180	181-210	211-240	241-270	271-300	301-330	331-360	
Coverage Distribution---------	0	1	0	0	0	2	2	8	12	22	30	23	
Ratio Group-------------------	.0	.1	.2	.3	.4	.5	.6	.7	.8	.9	1.0	
Coverage Ratio----------------	0	0	1	0	0	2	3	13	16	35	30	
Redundant Ratio---------------	1	30	58	10	1	0	0	0	0	0	0	
NumberOfPoint Group-----------	0	1	2	3	
NumOfPoint Distribution-------	7	23	18	2	
SD Group----------------------	0-1	1-2	2-3	3-4	4-5	5-6	6-7	7-8	8-9	9-10	10-11	
SD Distribution---------------	57	5	2	3	6	8	4	6	5	0	4	
Half Coverage Group-----------	0-1000	1000-2000	2000-3000	3000-4000	4000-5000	5000-6000	6000-7000	7000-8000	8000-9000	9000-10000	10000-11000	11000-12000	12000-13000	13000-14000	14000-15000	15000-16000	16000-17000	17000-18000	18000-19000	19000-20000	20000-21000	21000-22000	22000-23000	23000-24000	24000-25000	25000-26000	26000-27000	27000-28000	28000-29000	29000-30000	30000-31000	31000-32000	32000-33000	33000-34000	34000-35000	35000-36000	36000-37000	37000-38000	38000-39000	39000-40000	40000-41000	41000-42000	42000-43000	43000-44000	44000-45000	45000-46000	46000-47000	47000-48000	48000-49000	49000-50000	50000-51000	51000-52000	52000-53000	53000-54000	54000-55000	55000-56000	56000-57000	57000-58000	58000-59000	59000-60000	60000-61000	61000-62000	62000-63000	63000-64000	64000-65000	65000-66000	66000-67000	67000-68000	68000-69000	69000-70000	70000-71000	71000-72000	72000-73000	73000-74000	74000-75000	75000-76000	76000-77000	77000-78000	78000-79000	79000-80000	80000-81000	81000-82000	82000-83000	83000-84000	84000-85000	85000-86000	86000-87000	
Half Cvg Time Distribution----	22	2	0	0	0	3	0	12	7	0	0	0	0	0	0	0	3	0	0	0	0	0	0	0	0	0	0	0	0	0	0	0	1	0	0	0	0	3	4	0	0	0	2	4	2	1	0	0	4	0	0	0	4	1	1	0	0	0	0	0	0	0	0	0	0	0	0	0	0	0	0	0	0	6	0	13	2	0	0	0	0	0	0	0	0	0	0	
Transferred Photo Group-------	0-1000	1000-2000	2000-3000	3000-4000	4000-5000	5000-6000	6000-7000	7000-8000	8000-9000	9000-10000	10000-11000	11000-12000	12000-13000	13000-14000	14000-15000	15000-16000	16000-17000	17000-18000	18000-19000	19000-20000	20000-21000	21000-22000	22000-23000	23000-24000	24000-25000	25000-26000	26000-27000	27000-28000	28000-29000	29000-30000	30000-31000	31000-32000	32000-33000	33000-34000	34000-35000	35000-36000	36000-37000	37000-38000	38000-39000	39000-40000	40000-41000	41000-42000	42000-43000	43000-44000	44000-45000	45000-46000	46000-47000	47000-48000	48000-49000	49000-50000	50000-51000	51000-52000	52000-53000	53000-54000	54000-55000	55000-56000	56000-57000	57000-58000	58000-59000	59000-60000	60000-61000	61000-62000	62000-63000	63000-64000	64000-65000	65000-66000	66000-67000	67000-68000	68000-69000	69000-70000	70000-71000	71000-72000	72000-73000	73000-74000	74000-75000	75000-76000	76000-77000	77000-78000	78000-79000	79000-80000	80000-81000	81000-82000	82000-83000	83000-84000	84000-85000	85000-86000	86000-87000	
Photo Time Distribution-------	1061	374	318	171	232	642	493	267	287	125	403	81	180	81	262	285	181	214	134	276	225	50	346	253	94	206	567	539	519	643	448	182	887	460	671	725	305	611	309	119	155	518	348	404	473	353	161	144	89	73	180	161	349	390	637	416	787	385	183	384	179	568	577	306	246	356	282	362	44	454	577	636	581	379	607	776	362	258	469	442	87	32	48	0	0	0	0	

