Message stats for scenario Photo_2500-Scenario_7-ActualPOI_50
sim_time: 337500.0000

Photo List Size: 2476
coverageValue-----------------	360	360	292	360	360	360	302	326	226	351	357	360	359	360	344	360	343	324	331	231	360	321	360	312	360	326	360	335	354	357	360	349	336	312	339	360	360	360	360	347	360	360	308	357	360	296	360	333	360	360	360	332	261	360	360	334	299	357	360	323	307	280	286	358	338	360	359	307	349	324	358	268	360	336	344	315	360	331	342	360	360	331	339	290	292	311	276	360	336	316	349	317	250	344	321	285	320	360	299	341	
redundantCoverageValue--------	720	480	548	960	720	360	298	514	254	729	723	720	481	480	376	480	617	576	569	249	960	399	480	468	420	334	780	685	606	303	660	311	504	648	201	780	840	840	660	433	720	360	712	723	420	124	840	87	540	720	780	328	399	480	420	326	121	663	420	457	233	440	494	722	322	420	361	353	551	456	722	392	540	444	376	465	480	689	558	900	720	329	621	490	128	229	324	480	444	464	371	283	530	196	639	435	340	600	421	619	
halfCoverageTime--------------	57104.0	71150.0	139046.0	75646.0	138252.0	138231.0	149877.0	137420.0	167102.0	75603.0	75630.0	65358.0	144894.0	139655.0	139713.0	60642.0	128789.0	136582.0	144074.0	141886.0	71246.0	71335.0	65342.0	142828.0	136588.0	142868.0	128678.0	57093.0	65380.0	136610.0	139034.0	138288.0	134456.0	75624.0	136304.0	57054.0	137094.0	2634.0	136331.0	136254.0	134462.0	153918.0	65391.0	137008.0	146932.0	71226.0	71145.0	134558.0	136946.0	71278.0	74187.0	74224.0	136384.0	136440.0	19794.0	19816.0	136108.0	57098.0	145104.0	146354.0	142802.0	136886.0	134444.0	56198.0	134514.0	139108.0	153934.0	71134.0	137072.0	2564.0	75598.0	143349.0	2540.0	128702.0	75593.0	138325.0	128650.0	134524.0	128696.0	1908.0	19676.0	136914.0	56218.0	75568.0	136341.0	143395.0	136487.0	65364.0	128662.0	134450.0	2617.0	19760.0	136518.0	134496.0	134434.0	137014.0	1802.0	74213.0	75618.0	57024.0	
numberOfPoint-----------------	1	1	1	1	1	1	1	1	1	1	1	1	1	1	1	1	1	1	1	1	1	1	1	1	1	1	1	1	1	1	1	1	1	1	1	1	1	1	1	1	1	1	1	1	1	1	1	1	1	1	3	2	3	4	4	2	4	3	4	4	2	3	3	4	3	3	2	3	2	6	2	2	3	3	3	2	2	2	4	2	2	4	2	5	2	2	2	2	3	4	2	2	2	3	4	2	2	3	4	1	
standardDeviation-------------	.0	.0	.0	.0	.0	.0	.0	.0	.0	.0	.0	.0	.0	.0	.0	.0	.0	.0	.0	.0	.0	.0	.0	.0	.0	.0	.0	.0	.0	.0	.0	.0	.0	.0	.0	.0	.0	.0	.0	.0	.0	.0	.0	.0	.0	.0	.0	.0	.0	.0	9.44	4.92	7.31	9.82	9.48	5.0	9.69	7.76	9.45	9.47	5.69	6.41	8.78	9.64	9.79	8.43	5.76	7.46	5.55	11.45	5.75	5.67	6.32	6.29	10.35	5.74	6.55	6.67	8.85	5.29	5.61	10.79	5.78	9.97	4.69	6.13	5.0	5.66	6.4	9.76	7.4	7.27	7.22	9.45	8.84	5.41	10.0	6.82	8.56	.4	
initialCoverageValue----------	360	360	354	360	360	360	351	360	339	360	360	360	360	360	344	360	360	324	360	286	360	360	360	312	360	355	360	360	354	360	360	360	336	312	359	360	360	360	360	360	360	360	360	360	360	331	360	337	360	360	360	360	360	360	360	360	357	360	360	340	360	349	338	358	346	360	360	319	360	360	360	356	360	360	360	351	360	345	360	360	360	352	360	344	360	332	360	360	343	360	360	348	360	352	344	354	360	360	360	360	
initialRedundantCoverageValue-	1020	900	1086	1500	1320	1200	909	1020	921	1080	1140	1560	900	1020	616	1020	960	1116	900	554	1740	900	1260	708	900	1085	1260	1740	1146	1080	1320	1020	624	1668	661	1800	1620	1140	1020	960	1260	900	1380	1200	1200	449	1380	383	1020	1620	1440	840	1320	1200	1020	840	1023	1500	720	1100	1020	911	922	1022	614	1200	1140	761	900	1440	1380	964	1260	660	780	909	1080	1215	1260	1560	1800	1028	1200	1156	900	988	1080	960	1097	1140	1020	612	1080	848	1216	1206	1260	1020	1020	1380	
additionalPoiTime-------------	1.1856076E7
algorithmTime-----------------	3.40862185E7
serverTime--------------------	748804.8
Total Transferred Metadata----	15356

Photo List Size: 2476
Gained Coverage %-------------	0.944381673351788
Gained Redundancy %-----------	0.46142786497921207
Total Cluster Created---------	51
Total Transferred Photo-------	13717
Total Photo at Destination----	1426
Coverage Group----------------	1-30	31-60	61-90	91-120	121-150	151-180	181-210	211-240	241-270	271-300	301-330	331-360	
Coverage Distribution---------	0	0	0	0	0	0	0	2	3	10	18	67	
Ratio Group-------------------	.0	.1	.2	.3	.4	.5	.6	.7	.8	.9	1.0	
Coverage Ratio----------------	0	0	0	0	0	0	0	2	3	18	77	
Redundant Ratio---------------	0	0	2	10	20	28	23	13	3	1	0	
NumberOfPoint Group-----------	0	1	2	3	4	5	6	
NumOfPoint Distribution-------	0	1	22	14	11	1	1	
SD Group----------------------	0-1	1-2	2-3	3-4	4-5	5-6	6-7	7-8	8-9	9-10	10-11	11-12	
SD Distribution---------------	51	0	0	0	2	13	8	6	5	11	3	1	
Half Coverage Group-----------	0-33750	33750-67500	67500-101250	101250-135000	135000-168750	168750-202500	202500-236250	236250-270000	270000-303750	303750-337500	337500-371250	
Half Cvg Time Distribution----	10	13	18	15	44	0	0	0	0	0	0	
Transferred Photo Group-------	0-33750	33750-67500	67500-101250	101250-135000	135000-168750	168750-202500	202500-236250	236250-270000	270000-303750	303750-337500	337500-371250	
Photo Time Distribution-------	1408	3531	1569	122	11546	506	1403	448	0	49	0	

Cvg&Red Distribution----------	0.0	2.0	33750.0	67500.0	135000.0	270000.0	168750.0	337500.0	101250.0	202500.0	303750.0	236250.0	
Average PhotoNum--------------	25.52577319587629	25.52577319587629	25.814432989690722	28.072164948453608	28.670103092783506	37.608247422680414	37.63917525773196	36.98969072164948	28.608247422680414	37.45360824742268	37.608247422680414	37.36082474226804	
Nodes Above Average-----------	51	51	49	41	43	61	60	63	43	60	61	60	
Nodes Below Average-----------	46	46	48	56	54	36	37	34	54	37	36	37	

Average Coverage--------------	1496.9381443298969	1496.9381443298969	1512.1340206185566	1637.8762886597938	1669.0103092783504	2182.2680412371133	2188.3092783505153	2147.979381443299	1665.5567010309278	2176.7113402061855	2182.2680412371133	2169.783505154639	
Nodes Above Average-----------	52	52	46	43	43	61	62	62	43	62	61	61	
Nodes Below Average-----------	45	45	51	54	54	36	35	35	54	35	36	36	
Photos Above Average----------	30	30	31	37	39	48	48	47	39	48	48	48	
Photos Below Average----------	19	19	20	20	19	19	18	19	20	18	19	19	
Network Coverage--------------	35398	35398	35285	35212	35199	35121	35140	35121	35199	35136	35121	35124	

Average Redundancy------------	34.608247422680414	34.608247422680414	36.7319587628866	46.45360824742268	51.1958762886598	74.22680412371135	70.04123711340206	71.4020618556701	50.93814432989691	70.50515463917526	74.22680412371135	71.8659793814433	
Nodes Above Average-----------	41	41	41	39	36	47	45	47	38	47	47	49	
Nodes Below Average-----------	56	56	56	58	61	50	52	50	59	50	50	48	
Photos Above Average----------	28	28	29	33	36	47	47	46	35	47	47	47	
Photos Below Average----------	23	23	22	24	24	28	28	27	23	27	28	27	
Network Redundancy------------	113162	113162	114955	128168	131661	183759	183920	180159	131301	182844	183759	182316	

