Message stats for scenario Photo_10000-Scenario_7-ActualPOI_50
sim_time: 337500.0000

Photo List Size: 9903
coverageValue-----------------	346	329	360	354	360	267	360	360	342	339	360	310	293	344	268	345	317	300	304	350	326	301	356	360	285	332	322	360	358	360	336	360	344	355	342	360	343	360	336	313	340	305	344	359	354	341	320	321	315	360	360	360	360	329	349	360	311	331	360	348	323	342	360	352	352	360	323	341	334	360	339	360	336	360	360	360	360	345	284	360	324	360	360	360	335	359	360	360	338	315	351	332	357	360	344	360	352	360	322	351	
redundantCoverageValue--------	194	511	1020	666	1020	453	420	780	618	861	780	710	487	676	332	615	523	360	596	910	754	479	844	840	615	508	638	1080	782	900	744	1140	616	725	378	840	1097	1140	384	467	560	355	736	601	366	319	280	579	345	960	780	720	1320	991	611	1080	649	629	660	972	817	438	1260	1088	788	1140	637	739	386	540	861	780	804	1260	780	780	660	675	316	600	756	840	480	1140	805	661	900	1260	742	645	909	988	423	600	736	1020	608	1020	938	729	
halfCoverageTime--------------	65348.0	146886.0	75700.0	136864.0	65312.0	139670.0	137062.0	65337.0	136477.0	65358.0	74172.0	144914.0	71116.0	139828.0	146246.0	128678.0	134580.0	65342.0	137398.0	134530.0	139157.0	144930.0	138364.0	128702.0	139162.0	142765.0	1514.0	75694.0	128810.0	136102.0	74213.0	134514.0	1490.0	71278.0	128756.0	65370.0	678.0	136374.0	134434.0	137002.0	75705.0	136418.0	139696.0	136288.0	142849.0	137078.0	136450.0	146876.0	146456.0	74166.0	75738.0	128626.0	2607.0	136379.0	134586.0	65353.0	128632.0	1932.0	136042.0	19748.0	136969.0	139082.0	60670.0	1785.0	1624.0	1894.0	144962.0	128662.0	71330.0	128620.0	75635.0	71306.0	56229.0	1926.0	71188.0	1746.0	75562.0	71145.0	137392.0	71134.0	19770.0	1920.0	71256.0	19688.0	71177.0	136936.0	75743.0	65281.0	134541.0	65375.0	134598.0	1728.0	19730.0	136646.0	57076.0	136048.0	128762.0	134444.0	56208.0	19736.0	
numberOfPoint-----------------	1	1	1	1	1	1	1	1	1	1	1	1	1	1	1	1	1	1	1	1	1	1	1	1	1	1	1	1	1	1	1	1	1	1	1	1	1	1	1	1	1	1	1	1	1	1	1	1	1	1	6	6	4	5	4	7	4	5	6	6	5	3	4	4	4	3	5	6	6	4	5	4	5	3	5	4	5	5	4	6	5	4	5	4	5	4	5	5	4	4	4	5	4	4	3	5	4	4	3	5	
standardDeviation-------------	.0	.0	.0	.0	.0	.0	.0	.0	.0	.0	.0	.0	.0	.0	.0	.0	.0	.0	.0	.0	.0	.0	.0	.0	.0	.0	.0	.0	.0	.0	.0	.0	.0	.0	.0	.0	.0	.0	.0	.0	.0	.0	.0	.0	.0	.0	.0	.0	.0	.0	10.2	10.2	8.31	10.69	8.26	10.98	8.84	10.46	10.04	11.31	9.77	8.62	8.63	9.03	9.1	8.45	9.15	10.16	10.14	7.76	9.55	7.78	9.48	8.52	8.24	7.04	9.57	8.82	8.24	9.74	8.53	8.0	8.73	8.53	8.64	6.9	9.37	9.22	9.81	9.32	8.41	10.19	8.74	7.86	8.82	9.39	8.53	9.27	9.09	9.76	
initialCoverageValue----------	360	360	360	360	360	360	360	360	360	360	360	360	360	360	360	360	360	360	360	360	360	360	360	360	360	360	360	360	360	360	360	360	360	360	360	360	360	360	360	360	360	360	360	360	360	360	360	360	360	360	360	360	360	360	360	360	360	360	360	360	360	360	360	360	360	360	360	360	360	360	360	360	360	360	360	360	360	360	360	360	360	360	360	360	360	360	360	360	360	360	360	360	360	360	360	360	360	360	360	360	
initialRedundantCoverageValue-	4500	4440	5340	4740	4800	4920	4140	4980	4380	5160	4140	6000	4380	4800	4920	4920	5580	4680	5880	4560	4500	5880	5160	4740	5160	4860	5040	5220	4620	4860	4620	4740	5040	4680	4860	5340	4980	4680	4800	4440	5160	4440	4680	4800	4680	3840	4140	4740	3960	4860	5520	3960	5100	5040	5580	5520	5520	5160	4560	4920	5100	4860	4920	5040	4620	5760	4140	4800	5160	5340	5040	3900	4860	5220	4380	4980	4260	4740	4200	5160	5400	4500	4680	5280	5340	4860	5880	5340	4560	4080	5100	5280	4500	4920	4020	4500	4560	5040	5880	5820	
additionalPoiTime-------------	7.385399342E8
algorithmTime-----------------	6.99040481E8
serverTime--------------------	1.36656876E7
Total Transferred Metadata----	15322

Photo List Size: 9903
Gained Coverage %-------------	0.9476388888888889
Gained Redundancy %-----------	0.14879634186351706
Total Cluster Created---------	51
Total Transferred Photo-------	18716
Total Photo at Destination----	1825
Coverage Group----------------	1-30	31-60	61-90	91-120	121-150	151-180	181-210	211-240	241-270	271-300	301-330	331-360	
Coverage Distribution---------	0	0	0	0	0	0	0	0	2	4	19	75	
Ratio Group-------------------	.0	.1	.2	.3	.4	.5	.6	.7	.8	.9	1.0	
Coverage Ratio----------------	0	0	0	0	0	0	0	0	4	18	78	
Redundant Ratio---------------	0	17	70	13	0	0	0	0	0	0	0	
NumberOfPoint Group-----------	0	1	2	3	4	5	6	7	
NumOfPoint Distribution-------	0	0	0	5	20	17	7	1	
SD Group----------------------	0-1	1-2	2-3	3-4	4-5	5-6	6-7	7-8	8-9	9-10	10-11	11-12	
SD Distribution---------------	50	0	0	0	0	0	1	4	19	16	9	1	
Half Coverage Group-----------	0-33750	33750-67500	67500-101250	101250-135000	135000-168750	168750-202500	202500-236250	236250-270000	270000-303750	303750-337500	337500-371250	
Half Cvg Time Distribution----	17	13	19	17	34	0	0	0	0	0	0	
Transferred Photo Group-------	0-33750	33750-67500	67500-101250	101250-135000	135000-168750	168750-202500	202500-236250	236250-270000	270000-303750	303750-337500	337500-371250	
Photo Time Distribution-------	3940	13752	6545	560	51584	2673	7514	3066	0	368	0	

Cvg&Red Distribution----------	0.0	2.0	33750.0	67500.0	135000.0	270000.0	168750.0	337500.0	101250.0	202500.0	303750.0	236250.0	
Average PhotoNum--------------	102.09278350515464	102.09278350515464	104.76288659793815	112.4020618556701	117.71134020618557	156.61855670103094	152.35051546391753	155.68041237113403	117.34020618556701	152.4536082474227	156.61855670103094	155.02061855670104	
Nodes Above Average-----------	50	50	50	46	45	60	58	61	45	58	60	59	
Nodes Below Average-----------	47	47	47	51	52	37	39	36	52	39	37	38	

Average Coverage--------------	5626.072164948454	5626.072164948454	5754.59793814433	6111.711340206186	6349.7525773195875	8182.639175257732	7977.948453608247	8138.876288659794	6335.237113402062	7983.360824742268	8182.639175257732	8100.546391752578	
Nodes Above Average-----------	52	52	52	49	44	60	58	61	44	58	60	59	
Nodes Below Average-----------	45	45	45	48	53	37	39	36	53	39	37	38	
Photos Above Average----------	122	122	126	141	156	193	193	192	155	193	193	194	
Photos Below Average----------	78	78	79	82	85	96	91	93	85	91	96	93	
Network Coverage--------------	36000	36000	36000	36000	36000	36000	36000	36000	36000	36000	36000	36000	

Average Redundancy------------	499.49484536082474	499.49484536082474	531.1752577319587	632.4123711340206	712.9278350515464	1214.4742268041236	1163.0824742268042	1201.9484536082475	705.1752577319587	1163.8556701030927	1214.4742268041236	1200.6907216494844	
Nodes Above Average-----------	43	43	38	38	42	58	55	58	42	55	58	57	
Nodes Below Average-----------	54	54	59	59	55	39	42	39	55	42	39	40	
Photos Above Average----------	124	124	130	147	157	194	194	193	156	194	194	195	
Photos Below Average----------	84	84	88	89	87	100	96	99	87	97	100	97	
Network Redundancy------------	558180	558180	573720	618180	649080	875520	850680	870060	646920	851280	875520	866220	

