Message stats for scenario Photo_10000-Scenario_8-ActualPOI_50
sim_time: 337500.0000

Photo List Size: 1680
coverageValue-----------------	360	360	360	340	360	355	339	360	360	360	360	360	360	325	357	338	360	360	360	360	360	360	280	360	360	331	336	360	346	358	360	360	360	360	360	360	360	352	360	360	360	360	360	344	334	360	360	341	353	360	335	326	330	327	260	301	360	288	280	331	287	337	285	275	248	270	241	335	317	322	213	360	145	285	275	343	228	306	306	278	342	336	343	340	281	267	239	224	352	225	337	332	291	243	225	352	315	210	237	217	
redundantCoverageValue--------	1380	960	1140	1280	960	1145	741	960	960	1020	960	1200	1020	575	483	862	1140	780	1020	1140	1080	900	440	1140	1200	989	804	1200	854	662	1020	840	1140	840	480	1260	840	968	1320	900	1380	900	1440	496	1046	1140	1080	739	487	900	445	394	450	393	460	359	720	492	140	329	133	383	315	85	292	510	239	745	403	338	207	780	35	135	325	317	192	354	474	502	498	504	557	500	319	333	181	196	428	75	263	388	129	357	375	308	345	210	243	323	
halfCoverageTime--------------	71256.0	136434.0	137140.0	71340.0	136618.0	65322.0	128696.0	139691.0	136265.0	139515.0	128656.0	65307.0	75603.0	56229.0	136667.0	128614.0	75598.0	136477.0	134574.0	71231.0	139429.0	56170.0	145099.0	75731.0	128868.0	142839.0	136396.0	136864.0	84182.0	139708.0	75562.0	136886.0	71140.0	136941.0	134405.0	136326.0	136992.0	137432.0	71246.0	128608.0	136120.0	2534.0	65327.0	128799.0	84239.0	136466.0	128662.0	84218.0	145012.0	136042.0	1576.0	138984.0	75613.0	134422.0	156520.0	71172.0	144936.0	143411.0	136652.0	71177.0	136613.0	136331.0	84223.0	136952.0	136450.0	146364.0	239262.0	138978.0	156602.0	145784.0	137601.0	56160.0	.0	136456.0	75752.0	153918.0	157892.0	134546.0	139765.0	137134.0	136336.0	134484.0	2570.0	139770.0	71221.0	137408.0	239302.0	139655.0	1618.0	148110.0	720.0	138941.0	139124.0	145191.0	161831.0	134563.0	142844.0	158064.0	139838.0	143339.0	
numberOfPoint-----------------	1	1	1	1	1	1	1	1	1	1	1	1	1	1	1	1	1	1	1	1	1	1	1	1	1	1	1	1	1	1	1	1	1	1	1	1	1	1	1	1	1	1	1	1	1	1	1	1	1	1	3	1	2	2	2	2	4	2	1	1	2	4	2	2	1	3	2	1	3	1	2	2	1	2	2	1	2	1	3	3	3	3	3	2	2	1	1	2	2	1	1	3	2	1	2	2	2	1	1	4	
standardDeviation-------------	.0	.0	.0	.0	.0	.0	.0	.0	.0	.0	.0	.0	.0	.0	.0	.0	.0	.0	.0	.0	.0	.0	.0	.0	.0	.0	.0	.0	.0	.0	.0	.0	.0	.0	.0	.0	.0	.0	.0	.0	.0	.0	.0	.0	.0	.0	.0	.0	.0	.0	7.7	2.67	6.27	4.92	7.22	6.92	10.13	5.5	.22	.81	4.69	8.28	6.79	10.51	3.91	6.36	5.98	1.9	8.15	2.3	5.81	5.75	3.64	5.72	4.68	.81	6.0	1.6	6.47	8.4	8.39	9.67	8.06	4.74	10.27	.51	8.19	6.08	9.65	.54	.5	8.63	6.97	4.49	7.21	5.84	6.72	8.18	6.69	10.49	
initialCoverageValue----------	360	360	360	360	360	360	360	360	360	360	360	360	360	360	360	360	360	360	360	360	360	360	360	360	360	360	360	360	360	360	360	360	360	360	360	360	360	360	360	360	360	360	360	360	360	360	360	360	360	360	360	360	360	360	360	360	360	360	360	360	360	360	360	360	360	360	360	360	360	360	360	360	360	360	360	360	360	360	360	360	360	360	360	360	360	360	360	360	360	360	360	360	360	360	360	360	360	360	360	360	
initialRedundantCoverageValue-	6600	4380	4500	4740	5520	5340	4140	4980	4440	4500	5220	5100	3900	5160	4800	4080	5160	4140	5100	3960	4500	4740	4500	4440	4860	5100	5460	4740	5640	4020	4800	4080	5280	5400	4620	5460	4620	4320	4980	4380	5820	4440	5040	4080	5100	5340	5580	3960	4020	4860	4920	4980	5340	4620	4500	5160	5340	4200	4980	5520	3900	4620	4380	4440	4320	4740	4560	6360	5160	5940	5580	5400	4560	4680	4980	4560	4500	4740	5280	4500	5220	5820	4980	5880	4560	4980	6120	4740	5280	4740	4800	4500	5760	4980	4620	4860	4260	3840	4260	3780	
additionalPoiTime-------------	1669210.7
algorithmTime-----------------	2.17564646727508E11
serverTime--------------------	171601.1
Total Transferred Metadata----	7781

Photo List Size: 1680
Gained Coverage %-------------	0.8936388888888889
Gained Redundancy %-----------	0.13553065940414294
Total Cluster Created---------	0
Total Transferred Photo-------	143969
Total Photo at Destination----	1680
Coverage Group----------------	1-30	31-60	61-90	91-120	121-150	151-180	181-210	211-240	241-270	271-300	301-330	331-360	
Coverage Distribution---------	0	0	0	0	1	0	1	8	6	11	10	63	
Ratio Group-------------------	.0	.1	.2	.3	.4	.5	.6	.7	.8	.9	1.0	
Coverage Ratio----------------	0	0	0	0	0	1	2	10	13	7	67	
Redundant Ratio---------------	0	43	29	28	0	0	0	0	0	0	0	
NumberOfPoint Group-----------	0	1	2	3	4	
NumOfPoint Distribution-------	0	16	22	9	3	
SD Group----------------------	0-1	1-2	2-3	3-4	4-5	5-6	6-7	7-8	8-9	9-10	10-11	
SD Distribution---------------	56	2	2	2	5	6	10	3	8	2	4	
Half Coverage Group-----------	0-33750	33750-67500	67500-101250	101250-135000	135000-168750	168750-202500	202500-236250	236250-270000	270000-303750	303750-337500	337500-371250	
Half Cvg Time Distribution----	5	6	18	13	55	0	0	2	0	0	0	
Transferred Photo Group-------	0-33750	33750-67500	67500-101250	101250-135000	135000-168750	168750-202500	202500-236250	236250-270000	270000-303750	303750-337500	337500-371250	
Photo Time Distribution-------	226056	243352	106379	10329	192366	17546	32449	24182	1866	13059	0	

Cvg&Red Distribution----------	0.0	2.0	33750.0	67500.0	135000.0	270000.0	168750.0	337500.0	101250.0	202500.0	303750.0	236250.0	
Average PhotoNum--------------	102.09278350515464	102.09278350515464	178.39175257731958	195.95876288659792	198.15463917525773	199.98969072164948	200.0	200.0	198.15463917525773	200.0	200.0	200.0	
Nodes Above Average-----------	50	50	72	92	94	96	0	0	94	0	0	0	
Nodes Below Average-----------	47	47	25	5	3	1	97	97	3	97	97	97	

Average Coverage--------------	5588.783505154639	5588.783505154639	8947.340206185567	9674.092783505155	9755.309278350516	9821.432989690722	9866.927835051547	9825.98969072165	9752.865979381444	9851.01030927835	9819.01030927835	9832.113402061856	
Nodes Above Average-----------	51	51	72	68	56	49	48	49	56	49	47	47	
Nodes Below Average-----------	46	46	25	29	41	48	49	48	41	48	50	50	
Photos Above Average----------	123	123	199	200	200	200	200	200	200	200	200	200	
Photos Below Average----------	78	78	117	186	195	199	200	200	195	200	200	200	
Network Coverage--------------	36000	36000	36000	36000	36000	36000	36000	36000	36000	36000	36000	36000	

Average Redundancy------------	536.7835051546392	536.7835051546392	1756.1649484536083	2083.4329896907216	2133.9690721649486	2177.9484536082473	2133.0721649484535	2174.0103092783506	2136.4123711340208	2148.9896907216494	2180.9896907216494	2167.8865979381444	
Nodes Above Average-----------	47	47	64	53	52	48	49	48	52	48	50	50	
Nodes Below Average-----------	50	50	33	44	45	49	48	49	45	49	47	47	
Photos Above Average----------	122	122	199	199	200	199	200	200	200	200	200	200	
Photos Below Average----------	82	82	136	191	196	200	200	200	196	200	200	200	
Network Redundancy------------	558180	558180	1002240	1104480	1117260	1127940	1128000	1128000	1117260	1128000	1128000	1128000	

