Message stats for scenario Photo_1250-Scenario_8-ActualPOI_50
sim_time: 337500.0000

Photo List Size: 834
coverageValue-----------------	224	345	344	271	89	276	288	313	295	298	360	324	285	267	330	262	297	248	347	199	316	344	193	348	321	291	300	317	337	267	278	330	284	319	245	260	345	273	336	249	332	307	349	190	330	274	329	267	318	241	255	120	229	271	120	348	305	293	341	310	83	330	320	119	254	256	273	194	256	240	320	228	246	360	216	283	197	319	214	337	195	194	193	323	120	313	343	323	263	180	280	285	60	221	298	300	266	301	120	261	
redundantCoverageValue--------	316	195	196	389	31	264	252	527	305	542	540	336	195	513	270	158	183	52	673	161	344	436	47	432	159	189	180	223	383	213	262	270	196	161	175	160	195	87	264	231	208	653	431	230	390	146	331	93	282	299	165	0	311	269	0	492	175	187	379	110	37	210	340	61	166	284	207	106	164	180	220	132	114	480	204	257	103	161	86	203	165	46	107	97	120	107	257	277	157	0	200	375	0	79	242	120	274	59	0	279	
halfCoverageTime--------------	136472.0	139660.0	136282.0	136320.0	.0	134462.0	136693.0	138946.0	136299.0	56234.0	136502.0	136896.0	134484.0	136074.0	136507.0	136854.0	141874.0	145062.0	75583.0	149806.0	144899.0	71166.0	158026.0	74230.0	134472.0	137372.0	137408.0	71210.0	75646.0	136482.0	128644.0	65380.0	136930.0	136331.0	224452.0	145759.0	136260.0	141896.0	71161.0	136941.0	137432.0	136304.0	19730.0	136315.0	128626.0	239687.0	75635.0	128608.0	144957.0	136658.0	136456.0	.0	134490.0	155857.0	.0	139028.0	136859.0	136986.0	139034.0	139414.0	.0	143365.0	139456.0	.0	230900.0	142796.0	144894.0	241318.0	145194.0	164185.0	139022.0	230938.0	155868.0	74202.0	136533.0	146296.0	153918.0	161707.0	227179.0	138961.0	146262.0	145805.0	161770.0	56198.0	.0	136466.0	139655.0	136648.0	137029.0	154144.0	136864.0	144048.0	.0	144876.0	139419.0	143380.0	145822.0	143375.0	.0	65327.0	
numberOfPoint-----------------	1	1	1	1	1	1	1	1	1	1	1	1	1	1	1	1	1	1	1	1	1	1	1	1	1	1	1	1	1	1	1	1	1	1	1	1	1	1	1	1	1	1	1	1	1	1	1	1	1	1	2	1	2	3	1	3	2	1	1	3	1	3	2	1	1	2	2	2	2	2	1	2	1	2	1	2	1	1	1	1	1	2	2	2	2	2	2	3	1	2	1	1	1	2	3	2	2	2	1	2	
standardDeviation-------------	.0	.0	.0	.0	.0	.0	.0	.0	.0	.0	.0	.0	.0	.0	.0	.0	.0	.0	.0	.0	.0	.0	.0	.0	.0	.0	.0	.0	.0	.0	.0	.0	.0	.0	.0	.0	.0	.0	.0	.0	.0	.0	.0	.0	.0	.0	.0	.0	.0	.0	4.55	5.41	7.03	7.7	4.83	11.22	5.86	2.15	.4	8.7	4.6	7.9	5.96	3.42	1.6	6.71	9.5	11.27	5.79	5.58	4.81	7.14	2.1	7.92	1.81	9.22	1.21	2.69	2.22	4.05	2.52	7.62	10.98	9.86	5.73	5.31	8.87	9.49	.64	8.06	3.92	2.97	3.47	5.8	8.0	10.16	7.96	7.37	7.09	5.34	
initialCoverageValue----------	237	360	344	307	113	351	296	333	318	298	360	325	308	319	338	265	351	328	347	290	325	344	287	348	338	318	300	360	360	283	280	338	358	350	260	260	357	273	342	285	336	330	360	190	348	335	329	330	319	242	334	223	290	341	220	360	305	313	360	360	127	332	359	322	290	297	331	325	298	343	337	241	331	360	335	334	263	360	261	358	321	313	269	360	223	317	343	340	279	235	331	333	271	341	314	355	333	352	234	269	
initialRedundantCoverageValue-	363	480	196	473	67	309	364	807	522	782	660	575	292	581	562	215	489	272	1033	310	455	676	73	552	262	282	180	540	660	377	320	382	422	370	340	220	543	267	498	375	384	930	780	230	552	325	511	330	401	358	206	77	430	499	140	1080	235	287	780	420	113	388	841	458	370	843	509	395	362	317	503	419	329	1200	445	446	397	420	399	362	279	227	271	360	137	403	377	620	441	65	329	627	149	319	526	485	627	188	246	451	
additionalPoiTime-------------	624004.0
algorithmTime-----------------	2.9970820100352E10
serverTime--------------------	78000.5
Total Transferred Metadata----	7938

Photo List Size: 834
Gained Coverage %-------------	0.8686206453271629
Gained Redundancy %-----------	0.5271383118098446
Total Cluster Created---------	0
Total Transferred Photo-------	90553
Total Photo at Destination----	834
Coverage Group----------------	1-30	31-60	61-90	91-120	121-150	151-180	181-210	211-240	241-270	271-300	301-330	331-360	
Coverage Distribution---------	0	1	2	5	0	1	8	7	17	21	22	16	
Ratio Group-------------------	.0	.1	.2	.3	.4	.5	.6	.7	.8	.9	1.0	
Coverage Ratio----------------	0	0	0	1	1	0	5	8	12	21	52	
Redundant Ratio---------------	5	0	2	10	12	18	16	15	10	9	3	
NumberOfPoint Group-----------	0	1	2	3	
NumOfPoint Distribution-------	0	20	24	6	
SD Group----------------------	0-1	1-2	2-3	3-4	4-5	5-6	6-7	7-8	8-9	9-10	10-11	11-12	
SD Distribution---------------	52	3	6	3	5	9	1	9	4	4	2	2	
Half Coverage Group-----------	0-33750	33750-67500	67500-101250	101250-135000	135000-168750	168750-202500	202500-236250	236250-270000	270000-303750	303750-337500	337500-371250	
Half Cvg Time Distribution----	1	4	8	7	66	0	4	2	0	0	0	
Transferred Photo Group-------	0-33750	33750-67500	67500-101250	101250-135000	135000-168750	168750-202500	202500-236250	236250-270000	270000-303750	303750-337500	337500-371250	
Photo Time Distribution-------	34284	33008	12356	1165	22512	1886	3905	2586	287	1690	0	

Cvg&Red Distribution----------	0.0	2.0	33750.0	67500.0	135000.0	270000.0	168750.0	337500.0	101250.0	202500.0	303750.0	236250.0	
Average PhotoNum--------------	12.762886597938145	12.762886597938145	23.90721649484536	24.989690721649485	25.0	25.0	25.0	25.0	25.0	25.0	25.0	25.0	
Nodes Above Average-----------	54	54	90	96	0	0	0	0	0	0	0	0	
Nodes Below Average-----------	43	43	7	1	97	97	97	97	97	97	97	97	

Average Coverage--------------	758.3917525773196	758.3917525773196	1395.659793814433	1461.1958762886597	1464.278350515464	1467.1752577319587	1463.298969072165	1462.7319587628865	1462.7422680412371	1464.020618556701	1466.1546391752577	1465.041237113402	
Nodes Above Average-----------	50	50	83	51	53	55	53	56	55	51	56	53	
Nodes Below Average-----------	47	47	14	46	44	42	44	41	42	46	41	44	
Photos Above Average----------	15	15	25	25	25	25	25	25	25	25	25	25	
Photos Below Average----------	10	10	17	24	25	25	25	25	25	25	25	25	
Network Coverage--------------	31043	31043	31043	31043	31043	31043	31043	31043	31043	31043	31043	31043	

Average Redundancy------------	7.381443298969073	7.381443298969073	38.77319587628866	38.18556701030928	35.72164948453608	32.824742268041234	36.70103092783505	37.2680412371134	37.25773195876289	35.97938144329897	33.845360824742265	34.95876288659794	
Nodes Above Average-----------	21	21	43	45	44	42	44	41	42	46	41	44	
Nodes Below Average-----------	76	76	54	52	53	55	53	56	55	51	56	53	
Photos Above Average----------	14	14	25	25	25	25	25	25	25	25	25	25	
Photos Below Average----------	12	12	23	24	25	25	25	25	25	25	25	25	
Network Redundancy------------	43237	43237	108097	114397	114457	114457	114457	114457	114457	114457	114457	114457	

