Message stats for scenario Photo_1250-Scenario_7-ActualPOI_50
sim_time: 337500.0000

Photo List Size: 1242
coverageValue-----------------	260	241	235	151	276	252	339	277	257	255	244	221	290	259	305	236	259	293	162	131	266	231	261	283	60	242	133	294	293	314	180	282	325	215	170	180	218	312	137	78	223	242	263	215	263	249	263	311	195	302	345	328	215	158	255	223	94	175	339	60	166	180	242	302	264	141	108	284	156	294	278	278	270	263	260	223	313	190	355	117	193	234	235	194	262	311	261	319	333	192	217	198	267	180	325	222	234	248	275	345	
redundantCoverageValue--------	220	119	305	149	84	168	81	143	163	225	176	199	190	161	295	64	161	187	18	49	94	9	99	197	0	118	47	246	127	286	0	18	275	25	70	0	202	168	43	42	257	178	277	145	97	111	277	169	105	118	315	272	25	82	225	137	146	125	321	0	14	0	58	298	276	39	72	196	84	366	82	82	90	97	220	437	347	110	365	243	107	186	185	46	98	169	159	341	267	288	23	42	153	0	35	78	66	172	85	675	
halfCoverageTime--------------	12706.0	16878.0	17492.0	.0	10247.0	11124.0	10717.0	7752.0	20920.0	9081.0	12472.0	13932.0	10668.0	8306.0	14014.0	12556.0	13961.0	10816.0	.0	.0	8258.0	235298.0	10242.0	10662.0	.0	17528.0	.0	22049.0	14020.0	10563.0	235380.0	17498.0	9886.0	17468.0	.0	12616.0	11642.0	48562.0	.0	.0	9962.0	10784.0	13944.0	21888.0	20932.0	48586.0	11140.0	8060.0	9862.0	17350.0	10650.0	10534.0	21941.0	.0	12506.0	21924.0	.0	.0	3708.0	.0	.0	11621.0	11637.0	7702.0	9092.0	.0	.0	20972.0	.0	7130.0	10690.0	21958.0	13838.0	12748.0	13796.0	10073.0	8016.0	12730.0	9846.0	.0	8028.0	8300.0	22066.0	20954.0	22138.0	5709.0	8033.0	10116.0	5773.0	10727.0	85042.0	9812.0	12493.0	7644.0	12718.0	20948.0	12566.0	22044.0	19654.0	3760.0	
numberOfPoint-----------------	1	1	1	1	1	1	1	1	1	1	1	1	1	1	1	1	1	1	1	1	1	1	1	1	1	1	1	1	1	1	1	1	1	1	1	1	1	1	1	1	1	1	1	1	1	1	1	1	1	1	3	2	2	3	3	3	2	3	3	2	2	2	2	2	3	2	2	2	1	3	2	3	1	2	2	1	2	2	3	2	1	2	1	1	2	2	1	2	3	2	2	3	1	1	3	3	2	2	2	4	
standardDeviation-------------	.0	.0	.0	.0	.0	.0	.0	.0	.0	.0	.0	.0	.0	.0	.0	.0	.0	.0	.0	.0	.0	.0	.0	.0	.0	.0	.0	.0	.0	.0	.0	.0	.0	.0	.0	.0	.0	.0	.0	.0	.0	.0	.0	.0	.0	.0	.0	.0	.0	.0	9.1	7.6	9.92	7.65	7.95	9.29	8.28	8.85	8.32	10.53	6.81	10.66	5.61	5.71	8.72	8.25	5.35	5.29	1.7	9.71	7.38	6.19	.81	6.45	5.05	2.12	9.76	5.42	6.68	7.41	1.0	6.14	.86	.57	6.71	5.42	1.61	7.07	6.25	4.46	7.14	11.49	1.5	4.88	8.91	7.97	7.35	5.77	4.61	7.03	
initialCoverageValue----------	333	296	235	297	337	301	357	309	263	288	287	301	326	299	318	277	360	333	348	263	360	304	309	309	288	286	244	327	349	314	304	340	349	277	359	285	287	313	287	229	349	360	325	269	333	280	285	360	354	348	358	347	246	274	290	310	286	294	360	284	318	340	327	327	329	326	325	360	295	294	326	344	343	348	320	348	320	293	360	214	342	258	280	299	337	357	350	352	360	284	324	312	351	316	350	343	332	331	339	349	
initialRedundantCoverageValue-	447	304	365	363	383	359	543	411	397	372	373	299	574	241	522	263	720	747	372	97	660	296	531	351	72	674	56	453	491	466	176	320	551	443	421	375	553	407	253	131	611	720	455	451	267	440	435	660	366	372	482	553	294	146	550	230	254	426	780	76	222	260	333	573	331	334	215	600	305	366	454	496	377	372	460	792	580	247	600	266	498	582	440	241	323	603	370	488	720	496	336	468	249	224	310	557	208	449	561	1091	
additionalPoiTime-------------	1996812.8
algorithmTime-----------------	8439654.1
Total Transferred Metadata----	15400

Photo List Size: 1242
Gained Coverage %-------------	0.7555963651331412
Gained Redundancy %-----------	0.3650022728903988
Total Cluster Created---------	50
Total Transferred Photo-------	7709
Total Photo at Destination----	663
Coverage Group----------------	1-30	31-60	61-90	91-120	121-150	151-180	181-210	211-240	241-270	271-300	301-330	331-360	
Coverage Distribution---------	0	2	1	3	4	11	6	16	26	13	12	6	
Ratio Group-------------------	.0	.1	.2	.3	.4	.5	.6	.7	.8	.9	1.0	
Coverage Ratio----------------	0	0	0	2	3	5	12	10	19	28	21	
Redundant Ratio---------------	6	8	14	15	15	15	11	11	0	3	2	
NumberOfPoint Group-----------	0	1	2	3	4	
NumOfPoint Distribution-------	0	9	26	14	1	
SD Group----------------------	0-1	1-2	2-3	3-4	4-5	5-6	6-7	7-8	8-9	9-10	10-11	11-12	
SD Distribution---------------	53	4	1	0	3	8	7	10	6	5	2	1	
Half Coverage Group-----------	0-33750	33750-67500	67500-101250	101250-135000	135000-168750	168750-202500	202500-236250	236250-270000	270000-303750	303750-337500	337500-371250	
Half Cvg Time Distribution----	78	2	1	0	0	0	2	0	0	0	0	
Transferred Photo Group-------	0-33750	33750-67500	67500-101250	101250-135000	135000-168750	168750-202500	202500-236250	236250-270000	270000-303750	303750-337500	337500-371250	
Photo Time Distribution-------	1466	2849	1652	0	1102	114	47	212	0	0	0	

Cvg&Red Distribution----------	0.0	2.0	33750.0	67500.0	135000.0	270000.0	168750.0	337500.0	101250.0	202500.0	303750.0	236250.0	
Average PhotoNum--------------	12.804123711340207	12.804123711340207	14.103092783505154	16.432989690721648	16.762886597938145	18.103092783505154	17.75257731958763	17.628865979381445	16.762886597938145	17.762886597938145	18.103092783505154	17.75257731958763	
Nodes Above Average-----------	54	54	33	42	44	55	52	54	44	52	55	52	
Nodes Below Average-----------	43	43	64	55	53	42	45	43	53	45	42	45	

Average Coverage--------------	760.5876288659794	760.5876288659794	835.1443298969073	969.3505154639175	986.8041237113403	1064.6701030927834	1042.0	1038.3298969072166	986.8041237113403	1042.360824742268	1064.6701030927834	1041.7422680412371	
Nodes Above Average-----------	51	51	38	42	44	55	52	54	44	52	55	52	
Nodes Below Average-----------	46	46	59	55	53	42	45	43	53	45	42	45	
Photos Above Average----------	15	15	20	24	24	24	24	23	24	24	24	24	
Photos Below Average----------	10	10	10	10	10	9	9	9	10	9	9	9	
Network Coverage--------------	31538	31538	31004	30790	30790	30705	30705	30705	30790	30705	30705	30705	

Average Redundancy------------	7.65979381443299	7.65979381443299	11.041237113402062	16.628865979381445	18.969072164948454	21.515463917525775	23.15463917525773	19.4020618556701	18.969072164948454	23.412371134020617	21.515463917525775	23.412371134020617	
Nodes Above Average-----------	21	21	27	35	42	37	32	33	42	34	37	34	
Nodes Below Average-----------	76	76	70	62	55	60	65	64	55	63	60	63	
Photos Above Average----------	14	14	18	20	21	22	21	21	21	22	22	22	
Photos Below Average----------	12	12	12	14	13	15	15	15	13	15	15	15	
Network Redundancy------------	42982	42982	51076	64850	66770	74655	72615	71895	66770	72675	74655	72615	

