Message stats for scenario Photo_5000-Scenario_8-ActualPOI_50
sim_time: 337500.0000

Photo List Size: 1584
coverageValue-----------------	335	360	353	353	321	354	360	348	360	320	349	360	360	360	344	360	354	293	360	360	349	360	356	360	345	360	360	360	360	360	358	358	360	360	339	360	308	360	360	360	347	351	309	360	353	342	360	360	306	360	291	253	250	279	311	328	326	298	331	300	360	307	342	360	360	332	285	283	336	346	309	281	343	312	331	227	307	352	286	248	285	321	287	302	326	242	292	319	356	350	345	276	302	293	360	292	350	268	297	258	
redundantCoverageValue--------	565	900	727	787	579	1026	540	672	540	340	851	1140	960	540	856	720	966	427	780	1320	1091	1020	724	1200	555	840	900	780	1020	1140	662	1022	780	1380	741	660	412	1020	1080	900	613	969	531	1020	967	798	1080	1020	774	720	309	107	290	321	289	452	394	182	509	180	600	293	318	480	540	328	135	257	444	314	351	259	257	408	509	313	713	608	254	352	255	219	73	58	754	298	368	641	604	670	255	384	178	487	720	488	310	512	243	282	
halfCoverageTime--------------	11277.0	7071.0	7826.0	8953.0	8282.0	8258.0	5811.0	9016.0	10002.0	8619.0	9172.0	7880.0	8636.0	8306.0	8938.0	11850.0	3666.0	12990.0	7136.0	8044.0	10218.0	8441.0	9130.0	9081.0	8998.0	5952.0	7832.0	7175.0	9476.0	5816.0	7932.0	7154.0	7010.0	5828.0	7190.0	12874.0	11135.0	8348.0	7743.0	9543.0	11016.0	7241.0	8402.0	7748.0	5700.0	11022.0	9183.0	8436.0	9124.0	6840.0	8890.0	11448.0	11710.0	9532.0	8446.0	11514.0	9034.0	14221.0	12743.0	10130.0	7914.0	10749.0	9650.0	10582.0	10822.0	8842.0	21174.0	8896.0	9588.0	9136.0	6856.0	11106.0	10285.0	7212.0	8624.0	17604.0	7148.0	10556.0	8368.0	6935.0	11386.0	15284.0	21946.0	14102.0	5862.0	11246.0	10274.0	10290.0	9188.0	9527.0	15428.0	9594.0	9644.0	10566.0	8318.0	12461.0	10511.0	10760.0	17474.0	17558.0	
numberOfPoint-----------------	1	1	1	1	1	1	1	1	1	1	1	1	1	1	1	1	1	1	1	1	1	1	1	1	1	1	1	1	1	1	1	1	1	1	1	1	1	1	1	1	1	1	1	1	1	1	1	1	1	1	1	2	3	1	2	2	2	2	3	2	2	1	3	3	2	3	2	3	2	2	2	3	2	2	2	2	3	2	1	2	2	3	2	2	2	2	2	2	3	2	3	1	3	2	3	2	2	2	3	1	
standardDeviation-------------	.0	.0	.0	.0	.0	.0	.0	.0	.0	.0	.0	.0	.0	.0	.0	.0	.0	.0	.0	.0	.0	.0	.0	.0	.0	.0	.0	.0	.0	.0	.0	.0	.0	.0	.0	.0	.0	.0	.0	.0	.0	.0	.0	.0	.0	.0	.0	.0	.0	.0	4.05	5.16	8.97	1.43	6.75	5.32	5.88	6.9	6.73	5.26	4.8	.81	9.43	9.29	8.49	10.33	8.6	8.35	6.26	8.14	5.63	10.32	6.53	7.8	5.49	9.08	8.93	5.32	1.04	5.39	5.7	9.9	8.74	6.65	5.33	4.67	6.84	6.69	8.07	5.39	9.82	2.21	9.59	5.95	5.87	6.07	6.34	4.87	9.2	2.97	
initialCoverageValue----------	360	360	360	360	360	360	360	360	360	360	360	360	360	360	360	360	360	360	360	360	360	360	360	360	360	360	360	360	360	360	360	360	360	360	360	360	360	360	360	360	360	360	360	360	360	360	360	360	360	360	360	360	360	360	360	360	360	360	360	360	360	360	360	360	360	360	360	360	360	360	360	360	360	360	360	360	360	360	360	360	360	360	339	360	360	360	360	360	360	360	357	360	360	360	360	360	360	360	360	360	
initialRedundantCoverageValue-	2160	2520	2340	3000	2220	2460	1860	2460	1800	1980	2220	2580	2340	2400	2400	2520	1980	2280	2220	2520	2760	2340	2040	3360	1980	2400	2940	2100	2880	2580	2400	2760	2640	2580	2220	2460	2040	2580	2820	2340	2580	2460	1920	2820	2460	2400	2640	2940	1920	2640	2280	2460	2580	2460	2520	2400	1860	1980	2280	1800	1920	2220	2160	3000	2220	2220	1860	2220	2880	2700	2640	2160	2340	2160	2640	2460	2760	2160	2760	2340	2220	2040	1761	2760	3180	2160	2820	3300	2760	2580	2223	2100	2460	2340	2700	2460	3240	2580	2820	1920	
additionalPoiTime-------------	967206.2
algorithmTime-----------------	1.11043859025792E11
Total Transferred Metadata----	7805

Photo List Size: 1584
Gained Coverage %-------------	0.9144985545919502
Gained Redundancy %-----------	0.2487155341890932
Total Cluster Created---------	0
Total Transferred Photo-------	142157
Total Photo at Destination----	1584
Coverage Group----------------	1-30	31-60	61-90	91-120	121-150	151-180	181-210	211-240	241-270	271-300	301-330	331-360	
Coverage Distribution---------	0	0	0	0	0	0	0	1	6	16	17	60	
Ratio Group-------------------	.0	.1	.2	.3	.4	.5	.6	.7	.8	.9	1.0	
Coverage Ratio----------------	0	0	0	0	0	0	0	4	10	23	63	
Redundant Ratio---------------	0	10	31	26	23	8	2	0	0	0	0	
NumberOfPoint Group-----------	0	1	2	3	
NumOfPoint Distribution-------	0	6	30	14	
SD Group----------------------	0-1	1-2	2-3	3-4	4-5	5-6	6-7	7-8	8-9	9-10	10-11	
SD Distribution---------------	51	2	2	0	4	13	10	1	8	7	2	
Half Coverage Group-----------	0-33750	33750-67500	67500-101250	101250-135000	135000-168750	168750-202500	202500-236250	236250-270000	270000-303750	303750-337500	337500-371250	
Half Cvg Time Distribution----	100	0	0	0	0	0	0	0	0	0	0	
Transferred Photo Group-------	0-33750	33750-67500	67500-101250	101250-135000	135000-168750	168750-202500	202500-236250	236250-270000	270000-303750	303750-337500	337500-371250	
Photo Time Distribution-------	113616	124449	54094	4979	98476	9055	15421	10975	859	6688	0	

Cvg&Red Distribution----------	0.0	2.0	33750.0	67500.0	135000.0	270000.0	168750.0	337500.0	101250.0	202500.0	303750.0	236250.0	
Average PhotoNum--------------	51.24742268041237	51.24742268041237	92.54639175257732	99.94845360824742	99.94845360824742	100.0	100.0	100.0	99.94845360824742	100.0	100.0	100.0	
Nodes Above Average-----------	50	50	80	95	95	0	0	0	95	0	0	0	
Nodes Below Average-----------	47	47	17	2	2	97	97	97	2	97	97	97	

Average Coverage--------------	2937.917525773196	2937.917525773196	5052.18556701031	5422.979381443299	5395.484536082474	5408.773195876289	5436.340206185567	5402.690721649485	5393.443298969072	5440.257731958763	5409.278350515464	5424.041237113402	
Nodes Above Average-----------	49	49	80	47	50	47	48	51	49	50	50	48	
Nodes Below Average-----------	48	48	17	50	47	50	49	46	48	47	47	49	
Photos Above Average----------	62	62	99	100	100	100	100	100	100	100	100	100	
Photos Below Average----------	39	39	57	99	99	100	100	100	99	100	100	100	
Network Coverage--------------	35976	35976	35976	35976	35976	35976	35976	35976	35976	35976	35976	35976	

Average Redundancy------------	136.9278350515464	136.9278350515464	500.5979381443299	573.9278350515464	601.4226804123712	591.2268041237113	563.659793814433	597.3092783505155	603.4639175257732	559.7422680412371	590.7216494845361	575.9587628865979	
Nodes Above Average-----------	41	41	51	50	49	50	49	46	48	47	47	49	
Nodes Below Average-----------	56	56	46	47	48	47	48	51	49	50	50	48	
Photos Above Average----------	60	60	99	99	99	100	100	100	99	100	100	100	
Photos Below Average----------	44	44	84	100	100	100	100	100	100	100	100	100	
Network Redundancy------------	262284	262284	502644	545724	545724	546024	546024	546024	545724	546024	546024	546024	

