Message stats for scenario Photo_10000-Scenario_5-ActualPOI_50
sim_time: 337500.0000

Photo List Size: 9903
coverageValue-----------------	360	360	360	360	360	360	360	324	360	360	360	360	360	360	360	338	360	342	360	355	360	360	360	360	345	360	346	360	360	360	360	360	360	360	360	360	354	360	360	360	360	360	357	360	360	360	360	360	360	360	360	360	360	360	360	360	360	360	360	353	360	346	360	360	360	360	360	360	360	360	360	360	360	360	359	360	360	360	360	360	360	330	360	360	360	357	360	346	360	360	360	360	360	360	360	360	360	360	360	360	
redundantCoverageValue--------	360	360	480	240	420	480	420	276	240	480	240	420	240	420	600	502	300	318	360	365	360	240	360	240	255	480	374	240	360	420	480	360	300	480	420	480	306	360	300	480	300	180	303	540	420	360	240	360	360	420	660	1080	1200	1140	1080	1320	1080	1020	1140	607	1260	914	900	720	840	780	1020	900	840	840	960	1080	480	900	1021	1080	900	720	840	1080	1320	870	1020	1200	1080	663	1020	1154	1200	840	900	960	1320	960	1380	1320	960	1080	1200	720	
halfCoverageTime--------------	1808.0	134552.0	134574.0	136980.0	134428.0	136908.0	57002.0	128784.0	138214.0	144888.0	142869.0	136288.0	136881.0	139854.0	136566.0	134405.0	75573.0	134558.0	143360.0	136886.0	142780.0	138252.0	75583.0	75568.0	136533.0	136600.0	138257.0	71182.0	128614.0	57014.0	136058.0	145110.0	57048.0	136657.0	139635.0	74177.0	136299.0	134439.0	136615.0	74213.0	137158.0	134598.0	136102.0	71283.0	136294.0	137072.0	75710.0	142931.0	1540.0	786.0	136859.0	75784.0	137094.0	134456.0	128868.0	136936.0	56229.0	19665.0	128768.0	137361.0	57042.0	136434.0	19765.0	136986.0	19670.0	56198.0	71198.0	56154.0	137112.0	136423.0	71216.0	65271.0	56203.0	19600.0	1618.0	143354.0	136930.0	2607.0	136048.0	136952.0	75667.0	136282.0	19654.0	1764.0	19612.0	139466.0	57030.0	19688.0	75738.0	128673.0	71210.0	128750.0	19742.0	134563.0	71318.0	1928.0	57110.0	71166.0	136310.0	139082.0	
numberOfPoint-----------------	1	1	1	1	1	1	1	1	1	1	1	1	1	1	1	1	1	1	1	1	1	1	1	1	1	1	1	1	1	1	1	1	1	1	1	1	1	1	1	1	1	1	1	1	1	1	1	1	1	1	3	5	4	4	4	5	7	4	5	4	5	5	4	5	5	4	5	4	4	4	4	6	2	5	6	5	5	4	4	4	3	5	5	5	4	4	6	5	5	6	4	3	5	5	6	6	4	5	5	3	
standardDeviation-------------	.0	.0	.0	.0	.0	.0	.0	.0	.0	.0	.0	.0	.0	.0	.0	.0	.0	.0	.0	.0	.0	.0	.0	.0	.0	.0	.0	.0	.0	.0	.0	.0	.0	.0	.0	.0	.0	.0	.0	.0	.0	.0	.0	.0	.0	.0	.0	.0	.0	.0	9.7	9.25	9.11	7.26	8.49	9.48	10.88	7.7	8.22	8.67	8.92	9.38	9.48	9.99	9.44	7.47	10.5	8.65	8.01	8.53	8.16	10.47	8.57	9.83	9.62	8.28	9.61	9.28	8.34	8.23	7.47	10.21	9.85	9.37	8.54	7.94	10.43	8.92	8.98	10.27	7.9	6.67	8.78	9.25	10.29	10.68	8.62	9.79	10.71	9.48	
initialCoverageValue----------	360	360	360	360	360	360	360	360	360	360	360	360	360	360	360	360	360	360	360	360	360	360	360	360	360	360	360	360	360	360	360	360	360	360	360	360	360	360	360	360	360	360	360	360	360	360	360	360	360	360	360	360	360	360	360	360	360	360	360	360	360	360	360	360	360	360	360	360	360	360	360	360	360	360	360	360	360	360	360	360	360	360	360	360	360	360	360	360	360	360	360	360	360	360	360	360	360	360	360	360	
initialRedundantCoverageValue-	4860	5400	4680	4800	4980	5100	4440	4260	4500	4140	5280	4200	5040	4560	4440	6120	4680	4800	4500	3960	4440	5160	5400	4800	4260	4800	4200	5280	4560	5220	5760	5100	4800	4920	5520	4560	5280	4860	4620	4860	4380	5340	4560	5760	4500	4500	5040	4680	4320	5580	4140	3660	4680	4620	4620	5100	4200	4800	4920	5100	5820	4860	4500	4800	4320	4680	4800	4920	4740	5520	5460	4980	4920	4140	5340	5220	4920	4620	4680	4740	5760	5820	5160	5460	5880	4380	5340	4380	4500	4260	4620	4680	5400	4260	5100	5400	4920	5040	5100	4500	
additionalPoiTime-------------	0.0
algorithmTime-----------------	6.807571638E8
serverTime--------------------	1.3884089E7
Total Transferred Metadata----	15324

Photo List Size: 9903
Gained Coverage %-------------	0.9947777777777778
Gained Redundancy %-----------	0.13976687672474156
Total Cluster Created---------	50
Total Transferred Photo-------	18714
Total Photo at Destination----	1757
Coverage Group----------------	1-30	31-60	61-90	91-120	121-150	151-180	181-210	211-240	241-270	271-300	301-330	331-360	
Coverage Distribution---------	0	0	0	0	0	0	0	0	0	0	2	98	
Ratio Group-------------------	.0	.1	.2	.3	.4	.5	.6	.7	.8	.9	1.0	
Coverage Ratio----------------	0	0	0	0	0	0	0	0	0	1	99	
Redundant Ratio---------------	0	47	28	25	0	0	0	0	0	0	0	
NumberOfPoint Group-----------	0	1	2	3	4	5	6	7	
NumOfPoint Distribution-------	0	0	1	4	18	20	6	1	
SD Group----------------------	0-1	1-2	2-3	3-4	4-5	5-6	6-7	7-8	8-9	9-10	10-11	
SD Distribution---------------	50	0	0	0	0	0	1	6	17	17	9	
Half Coverage Group-----------	0-33750	33750-67500	67500-101250	101250-135000	135000-168750	168750-202500	202500-236250	236250-270000	270000-303750	303750-337500	337500-371250	
Half Cvg Time Distribution----	15	11	16	15	43	0	0	0	0	0	0	
Transferred Photo Group-------	0-33750	33750-67500	67500-101250	101250-135000	135000-168750	168750-202500	202500-236250	236250-270000	270000-303750	303750-337500	337500-371250	
Photo Time Distribution-------	6816	9829	6175	402	50502	2553	7311	2513	0	221	0	

Cvg&Red Distribution----------	0.0	2.0	33750.0	67500.0	135000.0	270000.0	168750.0	337500.0	101250.0	202500.0	303750.0	236250.0	
Average PhotoNum--------------	102.09278350515464	102.09278350515464	104.71134020618557	112.36082474226804	117.82474226804123	156.64948453608247	152.41237113402062	155.24742268041237	117.48453608247422	152.4536082474227	156.64948453608247	154.7835051546392	
Nodes Above Average-----------	50	50	50	44	45	61	58	61	45	58	61	59	
Nodes Below Average-----------	47	47	47	53	52	36	39	36	52	39	36	38	

Average Coverage--------------	5610.721649484536	5610.721649484536	5735.237113402062	6091.587628865979	6351.783505154639	8172.061855670103	7970.144329896907	8107.40206185567	6331.237113402062	7971.659793814433	8172.061855670103	8075.835051546392	
Nodes Above Average-----------	51	51	51	48	45	59	58	60	45	58	59	59	
Nodes Below Average-----------	46	46	46	49	52	38	39	37	52	39	38	38	
Photos Above Average----------	123	123	126	141	155	193	193	191	155	193	193	193	
Photos Below Average----------	78	78	80	83	84	98	91	96	85	92	98	93	
Network Coverage--------------	36000	36000	36000	36000	36000	36000	36000	36000	36000	36000	36000	36000	

Average Redundancy------------	514.8453608247422	514.8453608247422	547.4432989690722	650.0618556701031	717.7010309278351	1226.9072164948454	1174.5979381443299	1207.4432989690722	717.8350515463917	1175.5567010309278	1226.9072164948454	1211.1752577319587	
Nodes Above Average-----------	47	47	45	35	35	57	56	58	35	56	57	57	
Nodes Below Average-----------	50	50	52	62	62	40	41	39	62	41	40	40	
Photos Above Average----------	122	122	125	150	164	193	194	192	163	194	193	195	
Photos Below Average----------	83	83	86	91	91	104	94	100	91	95	104	97	
Network Redundancy------------	558180	558180	573420	617940	649740	875700	851040	867540	647760	851280	875700	864840	

