Message stats for scenario Photo_5000-Scenario_6-ActualPOI_50
sim_time: 337500.0000

Photo List Size: 1534
coverageValue-----------------	348	359	343	360	360	303	360	335	348	330	338	341	330	360	360	318	353	283	360	252	295	326	347	327	358	360	292	311	349	264	360	351	336	305	331	360	325	324	283	354	360	354	337	357	347	315	360	315	321	343	332	337	360	357	360	334	344	360	335	325	346	333	338	332	312	358	360	346	349	346	300	262	360	338	360	347	326	332	343	360	344	219	289	330	334	360	340	294	335	325	300	332	344	352	349	277	347	360	326	304	
redundantCoverageValue--------	432	841	737	840	360	357	720	745	312	870	322	739	570	660	660	822	907	497	780	408	425	634	373	453	662	660	488	589	311	276	600	549	624	355	629	900	455	576	257	726	600	786	443	423	433	345	840	405	519	317	628	683	660	363	840	446	916	720	385	815	494	507	982	388	228	662	720	434	851	494	600	398	660	382	600	613	574	748	677	660	616	261	491	690	506	660	500	306	745	215	600	268	496	608	551	263	553	660	274	596	
halfCoverageTime--------------	10848.0	7508.0	10306.0	7318.0	9500.0	7297.0	7256.0	5663.0	13055.0	5925.0	10738.0	8072.0	6886.0	7545.0	5942.0	6126.0	5545.0	10456.0	12562.0	10028.0	9538.0	7354.0	5783.0	7892.0	5975.0	5915.0	10144.0	8390.0	9458.0	12498.0	6815.0	10317.0	8110.0	13808.0	10450.0	7720.0	7180.0	7550.0	11150.0	9573.0	8348.0	10322.0	5958.0	11228.0	9990.0	10043.0	6960.0	10017.0	9604.0	7380.0	6856.0	9897.0	8456.0	12790.0	7165.0	10116.0	7655.0	7832.0	7650.0	7502.0	10048.0	7743.0	6983.0	10832.0	15400.0	9996.0	10516.0	11610.0	10474.0	10184.0	6141.0	7826.0	9892.0	9098.0	7268.0	7875.0	10627.0	10468.0	11497.0	6042.0	7096.0	12834.0	11195.0	9140.0	9846.0	8363.0	7714.0	7639.0	7815.0	8066.0	8323.0	9563.0	8472.0	8100.0	10012.0	13796.0	6994.0	5724.0	9176.0	6950.0	
numberOfPoint-----------------	1	1	1	1	1	1	1	1	1	1	1	1	1	1	1	1	1	1	1	1	1	1	1	1	1	1	1	1	1	1	1	1	1	1	1	1	1	1	1	1	1	1	1	1	1	1	1	1	1	1	2	3	3	3	2	2	3	2	2	4	2	1	4	1	2	2	3	2	3	2	3	2	1	2	1	2	4	3	3	1	2	3	4	2	2	2	2	1	2	1	3	2	1	3	1	3	3	2	3	5	
standardDeviation-------------	.0	.0	.0	.0	.0	.0	.0	.0	.0	.0	.0	.0	.0	.0	.0	.0	.0	.0	.0	.0	.0	.0	.0	.0	.0	.0	.0	.0	.0	.0	.0	.0	.0	.0	.0	.0	.0	.0	.0	.0	.0	.0	.0	.0	.0	.0	.0	.0	.0	.0	4.74	6.4	7.82	9.53	9.23	8.17	8.6	5.62	7.34	9.39	5.48	.92	9.14	6.17	6.13	7.4	7.05	6.16	9.54	7.89	8.3	5.43	.61	5.75	1.82	4.51	11.51	9.33	8.39	1.26	5.25	7.26	10.02	5.31	5.21	6.52	5.51	.36	4.54	1.06	9.41	6.12	.58	5.93	2.81	7.6	10.9	8.23	7.96	9.52	
initialCoverageValue----------	360	360	360	360	360	360	360	360	360	360	360	360	360	360	360	360	360	360	360	360	360	360	360	360	360	360	360	360	360	360	360	360	360	360	360	360	360	360	360	360	360	360	360	360	360	360	360	360	360	360	360	360	360	360	360	360	360	360	360	360	360	360	360	360	360	360	360	360	360	360	360	360	360	360	360	360	360	360	360	360	360	360	360	360	360	360	360	360	360	360	356	360	360	360	360	360	360	360	360	360	
initialRedundantCoverageValue-	1980	2760	2400	2280	1980	2400	3060	2280	2640	2940	1740	2160	2760	2160	2760	2760	2700	2160	3060	1980	2280	2220	2460	3000	2700	2640	1860	1980	2400	2340	2280	1740	2100	2760	3000	2640	2280	2700	1980	1920	2520	2280	2580	2040	2400	2520	2820	2580	2700	2340	3000	2760	2220	2400	2760	1800	2880	2100	1860	2760	2340	2940	2640	2280	1860	2640	2880	2220	2760	2580	2760	2940	2820	2400	2460	1980	2940	2940	2400	2580	2640	2520	2520	2700	3120	2160	2340	1920	2400	2400	2224	1740	2640	1860	2640	2220	2760	2160	2400	2040	
additionalPoiTime-------------	78000.5
algorithmTime-----------------	1.28072920975E10
Total Transferred Metadata----	10012

Photo List Size: 1534
Gained Coverage %-------------	0.9267974219357706
Gained Redundancy %-----------	0.23010019482326746
Total Cluster Created---------	0
Total Transferred Photo-------	49553
Total Photo at Destination----	1534
Coverage Group----------------	1-30	31-60	61-90	91-120	121-150	151-180	181-210	211-240	241-270	271-300	301-330	331-360	
Coverage Distribution---------	0	0	0	0	0	0	0	1	3	9	20	67	
Ratio Group-------------------	.0	.1	.2	.3	.4	.5	.6	.7	.8	.9	1.0	
Coverage Ratio----------------	0	0	0	0	0	0	0	2	5	16	77	
Redundant Ratio---------------	0	1	35	43	21	0	0	0	0	0	0	
NumberOfPoint Group-----------	0	1	2	3	4	5	
NumOfPoint Distribution-------	0	9	21	15	4	1	
SD Group----------------------	0-1	1-2	2-3	3-4	4-5	5-6	6-7	7-8	8-9	9-10	10-11	11-12	
SD Distribution---------------	54	3	1	0	3	9	6	8	5	8	2	1	
Half Coverage Group-----------	0-33750	33750-67500	67500-101250	101250-135000	135000-168750	168750-202500	202500-236250	236250-270000	270000-303750	303750-337500	337500-371250	
Half Cvg Time Distribution----	100	0	0	0	0	0	0	0	0	0	0	
Transferred Photo Group-------	0-33750	33750-67500	67500-101250	101250-135000	135000-168750	168750-202500	202500-236250	236250-270000	270000-303750	303750-337500	337500-371250	
Photo Time Distribution-------	9079	52531	16503	1254	28679	2467	5015	3398	128	1638	0	

Cvg&Red Distribution----------	0.0	2.0	33750.0	67500.0	135000.0	270000.0	168750.0	337500.0	101250.0	202500.0	303750.0	236250.0	
Average PhotoNum--------------	51.24742268041237	51.24742268041237	63.11340206185567	73.73195876288659	76.84536082474227	79.41237113402062	78.37113402061856	80.22680412371135	76.34020618556701	78.37113402061856	79.51546391752578	79.01030927835052	
Nodes Above Average-----------	50	50	42	50	56	61	59	62	55	59	61	60	
Nodes Below Average-----------	47	47	55	47	41	36	38	35	42	38	36	37	

Average Coverage--------------	2949.3298969072166	2949.3298969072166	3583.4845360824743	4146.061855670103	4312.515463917526	4445.474226804124	4389.721649484536	4484.907216494846	4286.731958762886	4389.721649484536	4449.546391752578	4423.711340206186	
Nodes Above Average-----------	52	52	42	50	56	61	59	62	55	59	61	60	
Nodes Below Average-----------	45	45	55	47	41	36	38	35	42	38	36	37	
Photos Above Average----------	61	61	87	99	99	99	100	99	99	100	100	100	
Photos Below Average----------	39	39	44	46	45	44	44	45	46	44	44	44	
Network Coverage--------------	35996	35996	35996	35979	35968	35962	35962	35962	35979	35962	35962	35962	

Average Redundancy------------	125.51546391752578	125.51546391752578	203.31958762886597	277.8556701030928	298.2061855670103	319.2680412371134	312.54639175257734	328.70103092783506	293.680412371134	312.54639175257734	321.3814432989691	316.9072164948454	
Nodes Above Average-----------	40	40	42	49	51	54	53	56	50	53	55	54	
Nodes Below Average-----------	57	57	55	48	46	43	44	41	47	44	42	43	
Photos Above Average----------	61	61	85	96	96	99	99	99	96	99	99	99	
Photos Below Average----------	44	44	46	50	54	54	53	54	55	53	53	53	
Network Redundancy------------	262264	262264	331324	393141	411272	426218	420158	430958	408321	420158	426818	423878	

