Message stats for scenario Photo_10000-Scenario_6-ActualPOI_50
sim_time: 337500.0000

Photo List Size: 1566
coverageValue-----------------	360	360	338	355	308	324	360	360	360	359	344	359	337	341	360	360	301	332	344	323	260	310	360	360	360	360	339	360	271	347	359	360	339	357	310	360	350	315	360	360	360	315	337	326	135	352	357	360	329	347	324	351	321	323	332	321	360	343	328	267	355	360	352	360	313	355	312	360	298	354	330	360	348	346	356	330	331	227	355	307	321	269	360	317	257	319	338	360	320	325	360	332	308	353	360	247	293	340	351	313	
redundantCoverageValue--------	1080	540	262	725	892	336	600	720	840	1021	376	841	383	619	540	1080	479	568	496	637	340	410	480	720	540	600	441	1020	329	853	661	540	441	723	530	720	370	525	840	540	960	405	623	394	105	788	663	720	451	493	456	489	279	337	748	459	720	617	512	153	545	840	728	960	467	485	588	840	362	726	330	600	492	494	844	690	389	433	905	113	339	391	420	523	523	941	562	840	460	335	660	748	472	607	840	473	427	320	609	947	
halfCoverageTime--------------	7690.0	7492.0	10160.0	7804.0	8038.0	9506.0	9950.0	10627.0	5970.0	5809.0	10269.0	5975.0	12611.0	10712.0	7968.0	6011.0	12874.0	7838.0	10418.0	11212.0	7776.0	7497.0	10012.0	5648.0	7639.0	7218.0	10778.0	7251.0	10679.0	6027.0	5700.0	7359.0	7781.0	7655.0	8126.0	8436.0	7136.0	7354.0	7826.0	7364.0	8105.0	12686.0	8258.0	11832.0	.0	7112.0	7765.0	5694.0	7950.0	7550.0	8467.0	7318.0	10550.0	6192.0	7236.0	10727.0	8054.0	9152.0	9576.0	11637.0	9967.0	10290.0	7726.0	5566.0	8300.0	9128.0	8343.0	7336.0	11288.0	7738.0	16902.0	8252.0	10328.0	7708.0	5942.0	10110.0	8348.0	9978.0	7519.0	9930.0	10816.0	10650.0	7990.0	7909.0	8353.0	7005.0	11670.0	5952.0	14096.0	10706.0	6912.0	7810.0	8016.0	10412.0	7660.0	6810.0	11078.0	6126.0	9104.0	7154.0	
numberOfPoint-----------------	1	1	1	1	1	1	1	1	1	1	1	1	1	1	1	1	1	1	1	1	1	1	1	1	1	1	1	1	1	1	1	1	1	1	1	1	1	1	1	1	1	1	1	1	1	1	1	1	1	1	4	2	2	2	3	2	2	4	1	1	2	2	2	2	3	2	2	4	2	3	1	3	2	1	1	4	2	3	2	2	1	1	2	3	3	3	1	3	2	4	3	3	2	2	4	1	2	3	3	4	
standardDeviation-------------	.0	.0	.0	.0	.0	.0	.0	.0	.0	.0	.0	.0	.0	.0	.0	.0	.0	.0	.0	.0	.0	.0	.0	.0	.0	.0	.0	.0	.0	.0	.0	.0	.0	.0	.0	.0	.0	.0	.0	.0	.0	.0	.0	.0	.0	.0	.0	.0	.0	.0	8.79	5.23	6.07	5.31	6.91	6.1	5.55	9.13	.78	2.08	5.24	6.7	6.88	5.84	9.84	5.08	5.95	9.48	8.66	7.24	1.61	8.51	6.41	.64	2.42	9.26	7.54	5.84	6.36	7.34	1.8	5.92	5.13	11.41	8.49	7.18	.7	7.26	5.81	11.25	6.42	6.79	5.8	5.82	10.11	4.6	5.51	9.39	7.64	8.44	
initialCoverageValue----------	360	360	360	360	360	360	360	360	360	360	360	360	360	360	360	360	360	360	360	360	360	360	360	360	360	360	360	360	360	360	360	360	360	360	360	360	360	360	360	360	360	360	360	360	360	360	360	360	360	360	360	360	360	360	360	360	360	360	360	360	360	360	360	360	360	360	360	360	360	360	360	360	360	360	360	360	360	360	360	360	360	360	360	360	360	360	360	360	360	360	360	360	360	360	360	360	360	360	360	360	
initialRedundantCoverageValue-	5160	4620	5340	4860	4440	4980	4860	4620	4320	5580	4680	5520	5460	5340	4860	4500	4800	4740	5220	4140	4440	3600	4860	5340	4980	5820	4080	5460	4680	5100	5100	5340	4620	4920	4620	5520	5040	5580	4740	4260	4680	4080	4680	4680	3720	4620	4500	5520	4380	4800	4800	5040	4740	4140	4980	4800	5400	4500	4980	4080	4680	4920	5460	5580	4860	5700	5100	5460	5460	4680	5280	4980	5040	4500	4860	5400	4860	3960	5040	4740	4680	4560	4620	4920	4920	5280	4620	5280	4980	4320	5040	4500	4320	4860	5280	4860	5100	4980	4080	5100	
additionalPoiTime-------------	140400.9
algorithmTime-----------------	7.15845376723E10
Total Transferred Metadata----	9999

Photo List Size: 1566
Gained Coverage %-------------	0.9256111111111112
Gained Redundancy %-----------	0.11992512136920924
Total Cluster Created---------	0
Total Transferred Photo-------	51747
Total Photo at Destination----	1566
Coverage Group----------------	1-30	31-60	61-90	91-120	121-150	151-180	181-210	211-240	241-270	271-300	301-330	331-360	
Coverage Distribution---------	0	0	0	0	1	0	0	1	5	3	27	63	
Ratio Group-------------------	.0	.1	.2	.3	.4	.5	.6	.7	.8	.9	1.0	
Coverage Ratio----------------	0	0	0	0	1	0	0	2	5	23	69	
Redundant Ratio---------------	0	36	60	4	0	0	0	0	0	0	0	
NumberOfPoint Group-----------	0	1	2	3	4	
NumOfPoint Distribution-------	0	9	21	13	7	
SD Group----------------------	0-1	1-2	2-3	3-4	4-5	5-6	6-7	7-8	8-9	9-10	10-11	11-12	
SD Distribution---------------	53	2	2	0	1	14	9	6	5	5	1	2	
Half Coverage Group-----------	0-33750	33750-67500	67500-101250	101250-135000	135000-168750	168750-202500	202500-236250	236250-270000	270000-303750	303750-337500	337500-371250	
Half Cvg Time Distribution----	99	0	0	0	0	0	0	0	0	0	0	
Transferred Photo Group-------	0-33750	33750-67500	67500-101250	101250-135000	135000-168750	168750-202500	202500-236250	236250-270000	270000-303750	303750-337500	337500-371250	
Photo Time Distribution-------	17537	104165	34641	2519	58983	5141	10275	7374	256	3458	0	

Cvg&Red Distribution----------	0.0	2.0	33750.0	67500.0	135000.0	270000.0	168750.0	337500.0	101250.0	202500.0	303750.0	236250.0	
Average PhotoNum--------------	102.49484536082474	102.49484536082474	120.45360824742268	145.340206185567	151.44329896907217	157.88659793814432	156.63917525773195	159.35051546391753	149.95876288659792	156.63917525773195	158.37113402061857	157.48453608247422	
Nodes Above Average-----------	50	50	42	48	53	60	59	60	51	59	60	60	
Nodes Below Average-----------	47	47	55	49	44	37	38	37	46	38	37	37	

Average Coverage--------------	5609.154639175258	5609.154639175258	6456.731958762886	7583.484536082474	7881.092783505154	8181.701030927835	8118.8247422680415	8250.896907216495	7813.865979381443	8118.8247422680415	8204.319587628866	8163.938144329897	
Nodes Above Average-----------	53	53	42	48	53	60	59	61	51	59	61	60	
Nodes Below Average-----------	44	44	55	49	44	37	38	36	46	38	36	37	
Photos Above Average----------	122	122	161	198	198	199	200	199	198	200	199	199	
Photos Below Average----------	78	78	88	93	94	90	89	91	95	89	89	89	
Network Coverage--------------	36000	36000	36000	36000	36000	36000	36000	36000	36000	36000	36000	36000	

Average Redundancy------------	540.5360824742268	540.5360824742268	770.4845360824743	1136.9278350515465	1205.5051546391753	1291.4948453608247	1279.5257731958764	1310.1340206185566	1183.659793814433	1279.5257731958764	1297.9484536082475	1285.1340206185566	
Nodes Above Average-----------	45	45	37	48	53	58	58	59	50	58	59	58	
Nodes Below Average-----------	52	52	60	49	44	39	39	38	47	39	38	39	
Photos Above Average----------	123	123	165	198	198	200	200	200	199	200	199	200	
Photos Below Average----------	84	84	92	93	94	95	92	96	97	92	94	94	
Network Redundancy------------	560520	560520	665040	809880	845400	882900	875640	891420	836760	875640	885720	880560	

