Message stats for scenario Photo_2500-Scenario_5-ActualPOI_50
sim_time: 337500.0000

Photo List Size: 2476
coverageValue-----------------	341	360	358	360	308	345	333	274	320	355	352	360	328	292	215	306	360	349	335	288	288	327	294	360	299	350	347	335	360	357	351	307	337	342	360	360	360	288	252	315	288	360	351	296	322	349	360	360	267	254	350	341	323	336	343	360	329	325	341	332	360	346	303	346	338	354	346	360	305	285	348	360	358	316	286	337	346	360	360	360	360	305	360	346	360	360	353	360	360	355	306	292	354	340	346	360	360	351	348	326	
redundantCoverageValue--------	319	300	302	360	172	195	267	86	220	125	368	300	152	308	205	174	240	191	205	72	252	393	126	540	301	190	253	265	540	363	249	113	203	318	120	240	180	132	168	165	312	420	249	124	278	191	240	420	213	166	430	379	397	624	317	480	271	575	619	268	660	554	417	314	322	306	314	660	415	375	432	600	542	524	194	623	674	840	780	480	780	415	360	194	540	900	667	840	540	425	474	308	426	500	254	480	660	429	252	454	
halfCoverageTime--------------	60665.0	136406.0	137002.0	71256.0	149822.0	128644.0	142836.0	2628.0	75598.0	136027.0	128799.0	137034.0	60597.0	136351.0	153902.0	142823.0	71306.0	136602.0	128768.0	136299.0	136476.0	128690.0	71204.0	136936.0	136108.0	139456.0	145130.0	137432.0	60617.0	71198.0	71231.0	146394.0	134558.0	136504.0	143334.0	144006.0	57024.0	136341.0	158042.0	149817.0	134546.0	65370.0	137442.0	138364.0	144024.0	137453.0	134416.0	74122.0	139000.0	143960.0	19811.0	128602.0	128632.0	136265.0	142796.0	1882.0	136930.0	138247.0	74154.0	74213.0	136346.0	1920.0	71246.0	138941.0	56224.0	136326.0	136854.0	56186.0	139408.0	138231.0	19760.0	65271.0	128696.0	134472.0	156470.0	128668.0	128608.0	71188.0	136652.0	56160.0	75588.0	143375.0	65317.0	57110.0	2592.0	19754.0	19612.0	137437.0	128708.0	128732.0	2597.0	71312.0	57076.0	56229.0	71324.0	60670.0	134456.0	2617.0	2607.0	74218.0	
numberOfPoint-----------------	1	1	1	1	1	1	1	1	1	1	1	1	1	1	1	1	1	1	1	1	1	1	1	1	1	1	1	1	1	1	1	1	1	1	1	1	1	1	1	1	1	1	1	1	1	1	1	1	1	1	4	3	3	3	2	3	3	3	4	2	3	3	2	3	2	2	3	5	3	4	2	4	3	3	1	4	5	2	3	2	4	2	3	1	2	3	3	3	3	2	4	3	4	2	1	2	3	4	2	4	
standardDeviation-------------	.0	.0	.0	.0	.0	.0	.0	.0	.0	.0	.0	.0	.0	.0	.0	.0	.0	.0	.0	.0	.0	.0	.0	.0	.0	.0	.0	.0	.0	.0	.0	.0	.0	.0	.0	.0	.0	.0	.0	.0	.0	.0	.0	.0	.0	.0	.0	.0	.0	.0	11.45	9.66	6.48	7.98	5.92	7.53	6.54	7.24	8.51	5.6	8.6	10.19	5.66	9.78	5.79	8.63	8.51	10.94	6.82	9.04	9.06	9.23	7.64	6.73	2.77	9.97	10.39	5.3	7.74	5.58	8.2	9.5	8.91	2.26	4.91	7.6	6.83	7.83	7.26	5.31	10.71	8.29	8.88	5.71	1.36	4.59	8.04	9.23	9.29	8.7	
initialCoverageValue----------	360	360	360	360	360	360	357	348	360	360	360	360	360	332	326	360	360	349	360	360	360	360	356	360	322	359	360	360	360	358	351	360	357	342	360	360	360	337	346	347	360	360	360	341	346	360	360	360	360	332	360	360	335	342	359	360	360	326	351	352	360	360	360	354	360	360	352	360	360	285	360	360	360	351	355	360	360	360	360	360	360	360	360	352	360	360	360	360	360	360	358	318	360	360	346	360	360	360	360	345	
initialRedundantCoverageValue-	1500	900	1020	1560	900	960	1083	552	1080	1440	1260	1380	840	988	994	960	1740	1091	1140	660	1140	960	604	1440	1058	601	1140	1080	1620	1502	1149	900	843	1158	780	1620	2100	743	974	613	1200	1500	1260	739	794	960	780	1140	900	928	600	840	805	1038	1201	960	660	1114	1029	788	1560	960	900	966	1080	960	668	1200	960	855	1260	1260	1200	1029	485	1080	1080	1440	1020	1560	1680	1200	1800	848	1380	1320	1680	1260	1380	1560	1382	522	900	1020	1214	1440	1200	1140	900	915	
additionalPoiTime-------------	0.0
algorithmTime-----------------	3.3696216E7
serverTime--------------------	780005.0
Total Transferred Metadata----	15357

Photo List Size: 2476
Gained Coverage %-------------	0.9419979123762237
Gained Redundancy %-----------	0.3337409763354111
Total Cluster Created---------	50
Total Transferred Photo-------	13389
Total Photo at Destination----	1174
Coverage Group----------------	1-30	31-60	61-90	91-120	121-150	151-180	181-210	211-240	241-270	271-300	301-330	331-360	
Coverage Distribution---------	0	0	0	0	0	0	0	1	3	12	17	67	
Ratio Group-------------------	.0	.1	.2	.3	.4	.5	.6	.7	.8	.9	1.0	
Coverage Ratio----------------	0	0	0	0	0	0	0	1	7	13	79	
Redundant Ratio---------------	0	2	18	28	21	16	8	5	2	0	0	
NumberOfPoint Group-----------	0	1	2	3	4	5	
NumOfPoint Distribution-------	0	3	14	21	10	2	
SD Group----------------------	0-1	1-2	2-3	3-4	4-5	5-6	6-7	7-8	8-9	9-10	10-11	11-12	
SD Distribution---------------	50	1	2	0	2	8	5	8	10	9	4	1	
Half Coverage Group-----------	0-33750	33750-67500	67500-101250	101250-135000	135000-168750	168750-202500	202500-236250	236250-270000	270000-303750	303750-337500	337500-371250	
Half Cvg Time Distribution----	11	14	15	16	44	0	0	0	0	0	0	
Transferred Photo Group-------	0-33750	33750-67500	67500-101250	101250-135000	135000-168750	168750-202500	202500-236250	236250-270000	270000-303750	303750-337500	337500-371250	
Photo Time Distribution-------	1746	2481	1508	101	11279	577	1462	469	0	47	0	

Cvg&Red Distribution----------	0.0	2.0	33750.0	67500.0	135000.0	270000.0	168750.0	337500.0	101250.0	202500.0	303750.0	236250.0	
Average PhotoNum--------------	25.52577319587629	25.52577319587629	25.79381443298969	28.082474226804123	28.75257731958763	38.25773195876289	37.44329896907217	37.44329896907217	28.690721649484537	37.329896907216494	38.25773195876289	37.65979381443299	
Nodes Above Average-----------	51	51	48	40	42	61	59	61	42	58	61	60	
Nodes Below Average-----------	46	46	49	57	55	36	38	36	55	39	36	37	

Average Coverage--------------	1495.1030927835052	1495.1030927835052	1508.1030927835052	1633.5051546391753	1667.278350515464	2202.4845360824743	2151.5876288659792	2158.1649484536083	1662.7731958762886	2147.5154639175257	2202.4845360824743	2169.1546391752577	
Nodes Above Average-----------	51	51	47	42	43	62	61	62	44	60	62	61	
Nodes Below Average-----------	46	46	50	55	54	35	36	35	53	37	35	36	
Photos Above Average----------	30	30	31	37	39	48	48	47	39	48	48	48	
Photos Below Average----------	19	19	20	21	20	20	19	20	19	19	20	20	
Network Coverage--------------	35444	35444	35444	35415	35368	35180	35264	35180	35374	35264	35180	35180	

Average Redundancy------------	36.44329896907217	36.44329896907217	39.52577319587629	51.44329896907217	57.876288659793815	92.97938144329896	95.01030927835052	88.43298969072166	58.670103092783506	92.27835051546391	92.97938144329896	90.43298969072166	
Nodes Above Average-----------	44	44	42	40	37	43	47	45	38	43	43	41	
Nodes Below Average-----------	53	53	55	57	60	54	50	52	59	54	54	56	
Photos Above Average----------	26	26	28	33	37	48	48	47	37	48	48	48	
Photos Below Average----------	24	24	24	24	23	29	27	28	22	28	29	29	
Network Redundancy------------	113116	113116	114676	128025	131972	187480	182656	182740	131606	181996	187480	184000	

