Message stats for scenario Photo_2500-Scenario_8-ActualPOI_50
sim_time: 337500.0000

Photo List Size: 1313
coverageValue-----------------	310	360	331	360	348	360	347	303	349	350	355	347	360	353	360	282	331	358	305	337	360	360	349	328	288	314	328	339	343	320	309	352	347	357	360	341	342	336	360	360	296	360	335	303	313	360	288	274	360	297	209	321	356	355	302	360	298	268	359	259	357	275	356	325	235	360	282	326	347	297	301	310	327	206	312	360	260	356	357	304	288	268	322	257	331	241	332	336	326	246	203	274	281	359	313	306	319	298	254	181	
redundantCoverageValue--------	650	720	689	480	432	660	733	537	791	730	725	313	1320	787	420	738	509	782	355	443	300	540	431	632	252	226	452	501	737	640	771	428	733	843	600	679	378	564	720	780	424	600	385	477	347	780	372	386	720	303	211	579	604	365	238	360	182	392	481	221	483	205	844	155	65	540	138	514	553	423	599	230	393	154	288	600	40	604	663	176	372	152	518	163	209	59	328	504	394	534	157	326	199	241	227	114	161	302	286	59	
halfCoverageTime--------------	7256.0	8430.0	7792.0	12722.0	5766.0	10450.0	5834.0	7714.0	6950.0	7870.0	6960.0	10434.0	3716.0	10130.0	7198.0	6835.0	10566.0	5856.0	10806.0	11780.0	9592.0	8848.0	7781.0	10033.0	9500.0	8764.0	9470.0	5874.0	9918.0	9676.0	5900.0	8333.0	5663.0	7798.0	8154.0	10627.0	7776.0	9176.0	9548.0	10407.0	11100.0	10322.0	10412.0	11228.0	6815.0	7855.0	9604.0	7262.0	7684.0	9558.0	10526.0	8784.0	9962.0	9092.0	13870.0	9098.0	10744.0	6810.0	7956.0	10506.0	9563.0	10054.0	10491.0	11145.0	252282.0	9610.0	17576.0	5684.0	10258.0	10722.0	7932.0	10038.0	9923.0	25200.0	11246.0	8084.0	9996.0	10163.0	8710.0	7084.0	8407.0	9655.0	10668.0	8837.0	8100.0	9476.0	8467.0	8727.0	10002.0	8759.0	85064.0	13014.0	16896.0	8462.0	7173.0	16878.0	11112.0	10064.0	17610.0	19630.0	
numberOfPoint-----------------	1	1	1	1	1	1	1	1	1	1	1	1	1	1	1	1	1	1	1	1	1	1	1	1	1	1	1	1	1	1	1	1	1	1	1	1	1	1	1	1	1	1	1	1	1	1	1	1	1	1	1	3	3	2	2	4	1	1	2	2	3	1	6	3	2	2	1	3	3	2	2	2	2	1	3	3	1	2	3	2	2	2	3	1	1	1	1	1	3	2	2	3	2	2	2	1	1	2	3	2	
standardDeviation-------------	.0	.0	.0	.0	.0	.0	.0	.0	.0	.0	.0	.0	.0	.0	.0	.0	.0	.0	.0	.0	.0	.0	.0	.0	.0	.0	.0	.0	.0	.0	.0	.0	.0	.0	.0	.0	.0	.0	.0	.0	.0	.0	.0	.0	.0	.0	.0	.0	.0	.0	4.21	8.0	6.35	5.03	6.38	10.2	.71	4.37	6.85	5.61	9.21	1.64	9.45	7.46	7.02	5.86	3.23	7.21	6.26	5.42	6.83	10.3	6.5	6.6	7.45	9.08	1.88	10.07	7.58	4.73	6.08	7.17	10.85	3.86	2.42	4.22	2.19	.61	8.41	7.2	5.99	8.31	4.64	5.88	9.94	4.31	2.28	9.59	8.98	9.02	
initialCoverageValue----------	360	360	355	360	360	360	360	360	360	360	360	349	360	360	360	347	339	360	326	357	360	360	360	360	360	360	359	360	360	320	340	360	360	360	360	360	360	360	360	360	360	360	342	360	331	360	340	352	360	360	334	360	356	360	360	360	360	348	360	360	360	360	360	349	352	360	348	353	360	348	360	360	360	349	360	360	360	360	360	356	360	352	360	338	360	360	360	355	360	360	339	356	340	360	350	356	360	348	360	342	
initialRedundantCoverageValue-	1200	1380	1445	900	1140	1320	1020	1020	1440	1080	1380	791	1680	1200	1080	1573	861	1260	634	963	660	1080	960	1140	660	600	901	960	960	1420	1040	1080	1200	1380	1200	1020	900	1020	1260	1140	960	1080	978	720	629	1260	740	728	1440	780	1106	1680	1384	1320	1080	1500	1140	1032	1440	900	1440	780	1620	791	848	1200	972	967	1380	1332	1440	1380	840	791	1140	1680	1140	1560	1200	1144	900	1448	1260	802	720	1080	840	785	840	1260	861	1264	860	1200	1030	1204	840	432	1140	618	
additionalPoiTime-------------	1310408.4
algorithmTime-----------------	5.848611985288E10
Total Transferred Metadata----	7851

Photo List Size: 1313
Gained Coverage %-------------	0.8963033815337872
Gained Redundancy %-----------	0.4171794918897074
Total Cluster Created---------	0
Total Transferred Photo-------	123744
Total Photo at Destination----	1313
Coverage Group----------------	1-30	31-60	61-90	91-120	121-150	151-180	181-210	211-240	241-270	271-300	301-330	331-360	
Coverage Distribution---------	0	0	0	0	0	0	4	1	8	14	24	49	
Ratio Group-------------------	.0	.1	.2	.3	.4	.5	.6	.7	.8	.9	1.0	
Coverage Ratio----------------	0	0	0	0	0	0	3	4	11	23	59	
Redundant Ratio---------------	0	5	10	13	16	21	20	11	4	0	0	
NumberOfPoint Group-----------	0	1	2	3	4	5	6	
NumOfPoint Distribution-------	0	14	21	13	1	0	1	
SD Group----------------------	0-1	1-2	2-3	3-4	4-5	5-6	6-7	7-8	8-9	9-10	10-11	
SD Distribution---------------	52	2	3	2	6	6	8	8	3	6	4	
Half Coverage Group-----------	0-33750	33750-67500	67500-101250	101250-135000	135000-168750	168750-202500	202500-236250	236250-270000	270000-303750	303750-337500	337500-371250	
Half Cvg Time Distribution----	98	0	1	0	0	0	0	1	0	0	0	
Transferred Photo Group-------	0-33750	33750-67500	67500-101250	101250-135000	135000-168750	168750-202500	202500-236250	236250-270000	270000-303750	303750-337500	337500-371250	
Photo Time Distribution-------	60423	64639	26759	2810	49263	4139	8299	5478	563	3407	0	

Cvg&Red Distribution----------	0.0	2.0	33750.0	67500.0	135000.0	270000.0	168750.0	337500.0	101250.0	202500.0	303750.0	236250.0	
Average PhotoNum--------------	25.61855670103093	25.61855670103093	47.29896907216495	49.97938144329897	49.97938144329897	50.0	50.0	50.0	49.97938144329897	50.0	50.0	50.0	
Nodes Above Average-----------	51	51	86	96	96	0	0	0	96	0	0	0	
Nodes Below Average-----------	46	46	11	1	1	97	97	97	1	97	97	97	

Average Coverage--------------	1509.6907216494844	1509.6907216494844	2712.443298969072	2861.494845360825	2860.237113402062	2867.7113402061855	2861.443298969072	2867.144329896907	2864.2061855670104	2867.082474226804	2862.659793814433	2868.773195876289	
Nodes Above Average-----------	50	50	83	56	54	51	53	52	57	51	49	50	
Nodes Below Average-----------	47	47	14	41	43	46	44	45	40	46	48	47	
Photos Above Average----------	30	30	50	50	50	50	50	50	50	50	50	50	
Photos Below Average----------	20	20	31	49	49	50	50	50	49	50	50	50	
Network Coverage--------------	35544	35544	35544	35544	35544	35544	35544	35544	35544	35544	35544	35544	

Average Redundancy------------	27.422680412371133	27.422680412371133	125.49484536082474	137.2680412371134	138.5257731958763	132.28865979381445	138.55670103092783	132.8556701030928	134.55670103092783	132.91752577319588	137.340206185567	131.22680412371133	
Nodes Above Average-----------	42	42	44	41	43	46	44	45	40	46	48	47	
Nodes Below Average-----------	55	55	53	56	54	51	53	52	57	51	49	50	
Photos Above Average----------	28	28	50	50	50	50	50	50	50	50	50	50	
Photos Below Average----------	23	23	45	49	49	50	50	50	49	50	50	50	
Network Redundancy------------	113556	113556	239736	255336	255336	255456	255456	255456	255336	255456	255456	255456	

