Message stats for scenario Photo_2500-Scenario_4-ActualPOI_50
sim_time: 337500.0000

Photo List Size: 2476
coverageValue-----------------	311	319	350	360	334	349	336	360	309	359	348	360	360	334	351	329	360	312	347	328	216	351	330	317	300	360	360	330	330	288	360	349	321	288	323	333	330	343	308	293	360	323	274	345	349	360	306	273	360	360	344	360	360	304	321	356	333	360	314	341	355	329	347	322	348	360	360	349	360	287	360	360	242	338	323	350	357	329	309	360	340	358	306	319	360	345	360	339	358	360	360	312	331	360	338	240	300	347	300	355	
redundantCoverageValue--------	289	341	250	240	146	251	264	360	111	301	192	240	300	146	249	331	360	348	313	272	204	189	90	163	420	180	240	390	270	312	120	311	159	252	157	267	270	197	112	367	180	337	86	195	191	300	234	327	420	240	436	480	360	416	459	424	447	600	226	439	305	271	613	398	252	660	600	191	540	253	660	540	358	742	457	430	483	451	351	480	500	482	234	341	960	375	480	441	362	360	600	408	689	480	502	300	240	733	240	725	
halfCoverageTime--------------	136498.0	136037.0	142785.0	136254.0	136886.0	71288.0	71204.0	134536.0	137158.0	136594.0	128714.0	137048.0	139419.0	139713.0	145165.0	145201.0	137458.0	142802.0	128702.0	136941.0	145067.0	136854.0	128762.0	128626.0	128726.0	128608.0	143334.0	71272.0	136401.0	128708.0	137382.0	139471.0	163688.0	143416.0	145094.0	136356.0	137426.0	138956.0	134456.0	145794.0	128773.0	136973.0	145789.0	136114.0	136368.0	136994.0	153918.0	128789.0	136688.0	136600.0	71346.0	1879.0	65358.0	136693.0	56148.0	75598.0	19660.0	65281.0	74235.0	2602.0	142853.0	134416.0	136336.0	71312.0	74177.0	2592.0	136058.0	134546.0	145034.0	65364.0	134530.0	1874.0	163672.0	143426.0	71111.0	136265.0	136636.0	65302.0	136315.0	74202.0	134467.0	75562.0	136288.0	143390.0	19694.0	136625.0	71161.0	74218.0	145145.0	134405.0	19788.0	19760.0	65317.0	2622.0	134496.0	139466.0	136630.0	57098.0	136299.0	65296.0	
numberOfPoint-----------------	1	1	1	1	1	1	1	1	1	1	1	1	1	1	1	1	1	1	1	1	1	1	1	1	1	1	1	1	1	1	1	1	1	1	1	1	1	1	1	1	1	1	1	1	1	1	1	1	1	1	4	2	3	2	2	2	4	2	1	3	2	2	2	4	2	3	3	1	3	2	3	3	3	3	3	2	4	2	2	4	4	3	2	3	4	4	3	3	2	3	3	3	3	3	4	3	3	4	3	3	
standardDeviation-------------	.0	.0	.0	.0	.0	.0	.0	.0	.0	.0	.0	.0	.0	.0	.0	.0	.0	.0	.0	.0	.0	.0	.0	.0	.0	.0	.0	.0	.0	.0	.0	.0	.0	.0	.0	.0	.0	.0	.0	.0	.0	.0	.0	.0	.0	.0	.0	.0	.0	.0	13.35	5.81	8.71	4.91	7.26	4.26	10.43	5.99	.42	9.32	5.68	5.86	6.2	8.38	5.78	6.28	7.36	1.52	6.29	5.08	6.59	8.48	7.05	8.03	7.84	5.94	9.16	9.01	5.69	8.79	7.9	7.64	7.3	9.02	9.04	8.26	8.58	8.13	5.33	10.56	9.98	7.01	9.58	8.61	8.32	6.33	7.97	8.07	7.54	6.95	
initialCoverageValue----------	329	360	360	360	338	360	354	360	347	360	348	360	360	360	360	360	360	360	360	344	344	360	360	360	360	360	360	344	360	360	360	349	360	348	344	344	360	360	359	293	360	360	360	352	360	360	360	343	360	360	360	360	360	360	360	356	333	360	360	341	355	355	347	360	360	360	360	352	360	342	360	360	350	356	348	358	357	360	360	360	340	360	306	355	360	360	360	339	360	360	360	360	360	360	338	310	358	347	352	360	
initialRedundantCoverageValue-	691	1200	1320	1560	1222	1200	1386	1740	1273	960	912	900	1380	1260	1500	1320	1440	780	1380	916	1156	1140	960	1020	1140	1200	900	1336	1080	1380	1080	1091	840	792	976	736	1200	1200	601	967	1440	960	1080	968	1140	1200	1200	1277	1500	1140	1260	1380	960	1320	1380	1084	687	900	900	799	785	785	1153	900	720	1440	1440	968	1260	618	1320	1200	910	1564	1272	902	1083	660	1020	840	920	1200	714	845	1800	780	1200	801	840	1140	1800	900	1140	1380	1102	950	902	973	668	1380	
additionalPoiTime-------------	1.10448708E7
algorithmTime-----------------	3.44918211E7
serverTime--------------------	826805.3
Total Transferred Metadata----	15359

Photo List Size: 2476
Gained Coverage %-------------	0.9431275603898855
Gained Redundancy %-----------	0.3205709869527663
Total Cluster Created---------	50
Total Transferred Photo-------	13530
Total Photo at Destination----	1152
Coverage Group----------------	1-30	31-60	61-90	91-120	121-150	151-180	181-210	211-240	241-270	271-300	301-330	331-360	
Coverage Distribution---------	0	0	0	0	0	0	0	2	1	9	27	61	
Ratio Group-------------------	.0	.1	.2	.3	.4	.5	.6	.7	.8	.9	1.0	
Coverage Ratio----------------	0	0	0	0	0	0	0	2	4	20	74	
Redundant Ratio---------------	0	3	19	23	25	18	7	4	1	0	0	
NumberOfPoint Group-----------	0	1	2	3	4	
NumOfPoint Distribution-------	0	2	15	23	10	
SD Group----------------------	0-1	1-2	2-3	3-4	4-5	5-6	6-7	7-8	8-9	9-10	10-11	11-12	12-13	13-14	
SD Distribution---------------	51	1	0	0	2	9	6	10	11	7	2	0	0	1	
Half Coverage Group-----------	0-33750	33750-67500	67500-101250	101250-135000	135000-168750	168750-202500	202500-236250	236250-270000	270000-303750	303750-337500	337500-371250	
Half Cvg Time Distribution----	9	8	13	17	53	0	0	0	0	0	0	
Transferred Photo Group-------	0-33750	33750-67500	67500-101250	101250-135000	135000-168750	168750-202500	202500-236250	236250-270000	270000-303750	303750-337500	337500-371250	
Photo Time Distribution-------	1711	3263	1547	119	11355	589	1424	462	0	45	0	

Cvg&Red Distribution----------	0.0	2.0	33750.0	67500.0	135000.0	270000.0	168750.0	337500.0	101250.0	202500.0	303750.0	236250.0	
Average PhotoNum--------------	25.52577319587629	25.52577319587629	25.804123711340207	28.15463917525773	28.938144329896907	38.422680412371136	37.95876288659794	38.0	28.896907216494846	37.72164948453608	38.422680412371136	38.04123711340206	
Nodes Above Average-----------	51	51	50	40	41	60	62	60	41	59	60	60	
Nodes Below Average-----------	46	46	47	57	56	37	35	37	56	38	37	37	

Average Coverage--------------	1497.8041237113403	1497.8041237113403	1510.9896907216496	1640.0309278350514	1685.1855670103093	2224.5876288659792	2195.092783505155	2200.226804123711	1683.701030927835	2181.257731958763	2224.5876288659792	2199.896907216495	
Nodes Above Average-----------	51	51	46	42	40	59	62	61	40	60	59	61	
Nodes Below Average-----------	46	46	51	55	57	38	35	36	57	37	38	36	
Photos Above Average----------	30	30	31	37	40	49	48	48	40	48	49	48	
Photos Below Average----------	19	19	20	21	20	21	19	20	20	19	21	20	
Network Coverage--------------	35369	35369	35313	35247	35144	34960	35003	34954	35160	34964	34960	34961	

Average Redundancy------------	33.74226804123711	33.74226804123711	37.25773195876289	49.24742268041237	51.103092783505154	80.77319587628865	82.43298969072166	79.77319587628865	50.11340206185567	82.04123711340206	80.77319587628865	82.57731958762886	
Nodes Above Average-----------	43	43	45	40	38	43	38	43	38	41	43	43	
Nodes Below Average-----------	54	54	52	57	59	54	59	54	59	56	54	54	
Photos Above Average----------	28	28	29	35	37	48	47	47	37	48	48	48	
Photos Below Average----------	23	23	22	23	23	30	31	30	23	29	30	29	
Network Redundancy------------	113191	113191	114867	128613	133276	188660	185917	186206	133020	184576	188660	186439	

