Message stats for scenario Photo_2500-Scenario_6-ActualPOI_50
sim_time: 337500.0000

Photo List Size: 1377
coverageValue-----------------	360	300	360	340	326	305	352	357	315	354	331	266	348	353	311	319	360	264	358	329	306	342	355	301	333	304	335	313	350	360	351	336	355	255	344	330	223	343	305	346	339	312	359	332	349	323	346	325	360	312	296	360	308	315	342	257	327	357	274	326	304	329	286	357	353	360	359	360	296	339	360	338	360	347	314	322	322	301	355	313	332	304	300	286	281	334	335	309	296	352	331	330	299	302	275	308	317	360	353	312	
redundantCoverageValue--------	840	540	660	560	634	415	1148	603	825	366	449	394	612	547	289	581	540	36	422	631	294	558	785	119	447	356	625	287	550	540	669	264	845	405	496	330	17	977	415	434	501	588	541	628	551	517	554	815	360	288	604	900	352	465	498	343	513	543	206	274	116	391	434	363	547	720	901	420	364	321	480	562	540	733	346	458	278	719	485	467	508	296	480	254	439	566	505	471	304	248	329	330	481	238	145	292	343	660	727	228	
halfCoverageTime--------------	128732.0	134462.0	136519.0	71231.0	56234.0	139686.0	134558.0	134541.0	60661.0	2552.0	142946.0	145810.0	136618.0	65342.0	128744.0	146312.0	71182.0	169012.0	137014.0	136652.0	139108.0	136016.0	128714.0	136976.0	134410.0	136032.0	137089.0	71150.0	136288.0	75562.0	2587.0	144084.0	143380.0	136346.0	65386.0	74154.0	139752.0	1848.0	128620.0	139765.0	145076.0	65337.0	136662.0	56208.0	134490.0	137034.0	71267.0	144947.0	153886.0	142823.0	1746.0	137158.0	71172.0	144048.0	134574.0	136336.0	71246.0	71128.0	141956.0	128804.0	158216.0	19600.0	136891.0	136981.0	136466.0	128678.0	56198.0	137106.0	141891.0	71177.0	75662.0	134502.0	74144.0	65364.0	136577.0	136641.0	134478.0	139077.0	136848.0	137078.0	74230.0	137170.0	74208.0	145216.0	139708.0	74182.0	136677.0	128778.0	141941.0	136406.0	137164.0	139466.0	136624.0	145743.0	145031.0	134536.0	134405.0	128602.0	128632.0	71166.0	
numberOfPoint-----------------	1	1	1	1	1	1	1	1	1	1	1	1	1	1	1	1	1	1	1	1	1	1	1	1	1	1	1	1	1	1	1	1	1	1	1	1	1	1	1	1	1	1	1	1	1	1	1	1	1	1	2	3	4	4	1	2	3	2	2	3	1	1	2	1	3	2	1	1	3	2	2	4	1	3	2	2	2	2	2	3	2	1	2	2	2	2	2	2	2	2	2	2	2	2	3	2	4	3	2	1	
standardDeviation-------------	.0	.0	.0	.0	.0	.0	.0	.0	.0	.0	.0	.0	.0	.0	.0	.0	.0	.0	.0	.0	.0	.0	.0	.0	.0	.0	.0	.0	.0	.0	.0	.0	.0	.0	.0	.0	.0	.0	.0	.0	.0	.0	.0	.0	.0	.0	.0	.0	.0	.0	5.02	8.46	7.47	9.43	2.22	8.34	7.59	5.63	9.59	9.03	2.79	3.07	6.05	.6	7.91	5.69	.2	1.5	9.92	6.83	5.35	8.67	1.43	8.39	6.37	5.68	10.13	6.14	5.58	7.63	5.0	3.07	5.83	4.3	6.27	6.55	10.29	6.34	8.06	5.09	5.84	9.34	4.16	5.29	9.34	5.35	9.0	8.14	4.92	4.49	
initialCoverageValue----------	360	360	360	360	360	360	360	360	360	360	360	360	360	360	360	356	360	316	360	360	360	342	360	308	349	360	355	360	350	360	360	360	360	360	360	345	356	360	360	360	360	348	360	360	360	353	346	358	360	360	310	360	357	324	360	348	360	360	349	357	337	360	319	360	360	360	359	360	360	360	360	360	360	360	360	360	360	360	360	341	360	355	351	360	360	341	360	360	345	360	348	360	353	357	360	359	320	360	360	360	
initialRedundantCoverageValue-	1560	960	1560	1260	1200	840	1740	1140	1200	1020	1140	840	960	1440	1020	1384	1320	464	1080	1260	840	1338	1020	712	1091	1140	1325	960	1030	1560	1440	600	1380	1140	1140	855	604	1260	1380	1080	1080	972	1080	1200	1320	847	1094	1742	900	900	1010	1560	1023	876	1140	972	960	1440	671	843	383	1140	821	1200	1260	1500	1081	780	1020	1200	960	1140	1380	1320	840	1200	1140	1500	960	1219	1080	605	729	1020	1140	919	1140	1200	795	1260	672	840	1147	783	840	1021	760	1380	1260	900	
additionalPoiTime-------------	0.0
algorithmTime-----------------	1.754387246E8
serverTime--------------------	280801.8
Total Transferred Metadata----	8990

Photo List Size: 1377
Gained Coverage %-------------	0.9186577256846613
Gained Redundancy %-----------	0.442931174387725
Total Cluster Created---------	0
Total Transferred Photo-------	21011
Total Photo at Destination----	1377
Coverage Group----------------	1-30	31-60	61-90	91-120	121-150	151-180	181-210	211-240	241-270	271-300	301-330	331-360	
Coverage Distribution---------	0	0	0	0	0	0	0	1	4	11	34	50	
Ratio Group-------------------	.0	.1	.2	.3	.4	.5	.6	.7	.8	.9	1.0	
Coverage Ratio----------------	0	0	0	0	0	0	0	1	7	27	65	
Redundant Ratio---------------	0	2	3	7	29	30	18	8	2	1	0	
NumberOfPoint Group-----------	0	1	2	3	4	
NumOfPoint Distribution-------	0	9	28	9	4	
SD Group----------------------	0-1	1-2	2-3	3-4	4-5	5-6	6-7	7-8	8-9	9-10	10-11	
SD Distribution---------------	52	2	2	2	5	11	7	4	6	7	2	
Half Coverage Group-----------	0-33750	33750-67500	67500-101250	101250-135000	135000-168750	168750-202500	202500-236250	236250-270000	270000-303750	303750-337500	337500-371250	
Half Cvg Time Distribution----	5	8	16	19	51	1	0	0	0	0	0	
Transferred Photo Group-------	0-33750	33750-67500	67500-101250	101250-135000	135000-168750	168750-202500	202500-236250	236250-270000	270000-303750	303750-337500	337500-371250	
Photo Time Distribution-------	2100	4299	2684	360	13421	1356	2992	1381	28	955	0	

Cvg&Red Distribution----------	0.0	2.0	33750.0	67500.0	135000.0	270000.0	168750.0	337500.0	101250.0	202500.0	303750.0	236250.0	
Average PhotoNum--------------	25.52577319587629	25.52577319587629	26.79381443298969	29.09278350515464	31.185567010309278	42.7319587628866	41.144329896907216	43.09278350515464	30.75257731958763	41.45360824742268	42.7319587628866	42.08247422680412	
Nodes Above Average-----------	51	51	49	43	39	72	67	73	41	68	72	70	
Nodes Below Average-----------	46	46	48	54	58	25	30	24	56	29	25	27	

Average Coverage--------------	1498.4432989690722	1498.4432989690722	1569.4123711340205	1700.5670103092784	1819.2268041237114	2469.0515463917527	2378.5154639175257	2490.773195876289	1794.4845360824743	2397.1237113402062	2469.0515463917527	2434.226804123711	
Nodes Above Average-----------	51	51	48	44	38	72	67	73	41	68	72	70	
Nodes Below Average-----------	46	46	49	53	59	25	30	24	56	29	25	27	
Photos Above Average----------	30	30	33	37	43	49	49	50	42	49	49	50	
Photos Below Average----------	19	19	20	21	22	21	21	22	22	21	21	21	
Network Coverage--------------	35447	35447	35367	35298	35235	34374	34447	34358	35235	34445	34374	34407	

Average Redundancy------------	33.103092783505154	33.103092783505154	38.21649484536083	45.0	51.90721649484536	94.8659793814433	90.14432989690722	94.79381443298969	50.670103092783506	90.09278350515464	94.8659793814433	90.72164948453609	
Nodes Above Average-----------	41	41	41	38	38	46	47	45	38	47	46	46	
Nodes Below Average-----------	56	56	56	59	59	51	50	52	59	50	51	51	
Photos Above Average----------	27	27	30	37	42	49	49	49	41	49	49	49	
Photos Below Average----------	23	23	24	24	24	36	33	37	24	34	36	35	
Network Redundancy------------	113113	113113	120573	134022	146265	214326	205013	216442	143745	206815	214326	210513	

