Message stats for scenario Photo_10000-Scenario_4-ActualPOI_50
sim_time: 337500.0000

Photo List Size: 9942
coverageValue-----------------	360	360	359	360	360	360	360	360	360	344	360	358	336	343	360	326	356	312	360	360	360	360	344	360	336	360	304	360	360	360	360	360	358	360	360	336	360	360	360	339	360	349	360	360	360	360	360	360	338	354	345	360	360	360	360	360	360	360	320	358	360	360	360	360	336	360	360	350	360	341	360	344	360	310	360	346	334	360	360	345	356	355	360	360	305	360	352	328	343	355	360	343	360	350	356	360	360	350	360	360	
redundantCoverageValue--------	480	480	361	120	240	240	360	360	240	376	420	542	384	497	180	154	364	228	420	300	360	480	256	420	204	480	296	300	360	480	240	420	422	300	420	144	360	180	540	261	300	551	540	300	360	600	360	240	442	186	615	900	960	660	360	960	840	1020	580	722	720	780	840	1140	864	1200	720	850	600	679	720	556	900	530	840	734	746	960	840	495	424	605	600	600	355	660	728	632	677	485	840	977	1020	970	964	1080	420	1030	900	780	
halfCoverageTime--------------	7165.0	7010.0	12984.0	7084.0	9666.0	8095.0	6960.0	7148.0	10333.0	10391.0	7458.0	7798.0	10166.0	7743.0	6935.0	10196.0	10538.0	10269.0	10224.0	7720.0	11282.0	11228.0	7324.0	8467.0	6070.0	9522.0	10491.0	7375.0	12748.0	7832.0	11078.0	9924.0	8028.0	9452.0	9822.0	7370.0	9880.0	8338.0	8300.0	9972.0	8407.0	11155.0	10134.0	7932.0	12444.0	7236.0	8373.0	6924.0	8424.0	7944.0	11610.0	11067.0	7224.0	12880.0	7514.0	8154.0	7644.0	5576.0	11062.0	7354.0	11470.0	9990.0	6907.0	8160.0	7180.0	6156.0	6798.0	10674.0	7096.0	7497.0	5768.0	7748.0	9086.0	10848.0	5763.0	7397.0	7950.0	6016.0	8343.0	6955.0	9682.0	9622.0	7112.0	10247.0	3732.0	9458.0	9962.0	7348.0	6042.0	10301.0	9170.0	7486.0	7090.0	9116.0	6136.0	8060.0	6131.0	7990.0	7995.0	6874.0	
numberOfPoint-----------------	1	1	1	1	1	1	1	1	1	1	1	1	1	1	1	1	1	1	1	1	1	1	1	1	1	1	1	1	1	1	1	1	1	1	1	1	1	1	1	1	1	1	1	1	1	1	1	1	1	1	4	5	5	4	2	5	4	4	4	2	5	3	4	5	6	4	5	5	5	5	4	3	4	5	4	4	4	4	5	6	3	5	4	6	3	5	5	5	5	3	4	7	6	5	6	4	4	6	4	4	
standardDeviation-------------	.0	.0	.0	.0	.0	.0	.0	.0	.0	.0	.0	.0	.0	.0	.0	.0	.0	.0	.0	.0	.0	.0	.0	.0	.0	.0	.0	.0	.0	.0	.0	.0	.0	.0	.0	.0	.0	.0	.0	.0	.0	.0	.0	.0	.0	.0	.0	.0	.0	.0	7.88	9.33	9.77	8.15	5.76	9.56	10.58	7.93	7.9	5.77	8.17	8.53	8.21	10.66	10.35	7.86	9.22	8.77	9.83	10.06	9.18	8.52	8.53	9.97	8.08	10.58	8.1	9.51	9.56	10.6	8.13	8.95	8.88	10.3	7.57	11.58	10.34	9.87	10.32	7.46	8.8	10.37	9.8	8.12	11.15	7.7	9.02	10.76	8.32	8.02	
initialCoverageValue----------	360	360	360	360	360	360	360	360	360	360	360	360	360	360	360	360	360	360	360	360	360	360	360	360	360	360	360	360	360	360	360	360	360	360	360	360	360	360	360	360	360	360	360	360	360	360	360	360	360	360	360	360	360	360	360	360	360	360	360	360	360	360	360	360	360	360	360	360	360	360	360	360	360	360	360	360	360	360	360	360	360	360	360	360	360	360	360	360	360	360	360	360	360	360	360	360	360	360	360	360	
initialRedundantCoverageValue-	5820	5100	4800	4860	4380	5160	5340	5520	4440	5220	4620	4980	5160	4200	5400	4440	4920	4560	4500	5280	4740	4920	5040	4680	4860	4800	5460	4380	5100	4620	5220	5040	5100	4620	4380	3840	5160	4320	4740	4800	5040	5040	4860	3900	4260	4620	5400	4440	4680	5280	4440	4920	5220	4920	3900	4500	4800	5700	4560	4980	4800	4800	5700	5040	4500	4800	5520	5220	4980	4860	4740	4560	4560	3780	4680	4800	4620	4860	4500	4260	4020	4680	4860	5640	4860	4320	4620	4260	4980	4680	5100	5700	5340	5460	4800	4680	4440	5220	5100	5280	
additionalPoiTime-------------	6.088563029E8
algorithmTime-----------------	7.239382406E8
Total Transferred Metadata----	15317

Photo List Size: 9942
Gained Coverage %-------------	0.9798333333333333
Gained Redundancy %-----------	0.11502481389578163
Total Cluster Created---------	50
Total Transferred Photo-------	20332
Total Photo at Destination----	1542
Coverage Group----------------	1-30	31-60	61-90	91-120	121-150	151-180	181-210	211-240	241-270	271-300	301-330	331-360	
Coverage Distribution---------	0	0	0	0	0	0	0	0	0	0	7	93	
Ratio Group-------------------	.0	.1	.2	.3	.4	.5	.6	.7	.8	.9	1.0	
Coverage Ratio----------------	0	0	0	0	0	0	0	0	0	5	95	
Redundant Ratio---------------	0	46	49	5	0	0	0	0	0	0	0	
NumberOfPoint Group-----------	0	1	2	3	4	5	6	7	
NumOfPoint Distribution-------	0	0	2	5	19	17	6	1	
SD Group----------------------	0-1	1-2	2-3	3-4	4-5	5-6	6-7	7-8	8-9	9-10	10-11	11-12	
SD Distribution---------------	50	0	0	0	0	2	0	7	16	12	11	2	
Half Coverage Group-----------	0-33750	33750-67500	67500-101250	101250-135000	135000-168750	168750-202500	202500-236250	236250-270000	270000-303750	303750-337500	337500-371250	
Half Cvg Time Distribution----	100	0	0	0	0	0	0	0	0	0	0	
Transferred Photo Group-------	0-33750	33750-67500	67500-101250	101250-135000	135000-168750	168750-202500	202500-236250	236250-270000	270000-303750	303750-337500	337500-371250	
Photo Time Distribution-------	9367	31343	17732	65	15061	1241	511	2238	0	0	0	

Cvg&Red Distribution----------	0.0	2.0	33750.0	67500.0	135000.0	270000.0	168750.0	337500.0	101250.0	202500.0	303750.0	236250.0	
Average PhotoNum--------------	102.49484536082474	102.49484536082474	114.10309278350516	134.02061855670104	137.20618556701032	148.30927835051546	146.1443298969072	148.1237113402062	137.22680412371133	146.24742268041237	148.30927835051546	146.22680412371133	
Nodes Above Average-----------	50	50	42	41	43	53	51	53	43	51	53	51	
Nodes Below Average-----------	47	47	55	56	54	44	46	44	54	46	44	46	

Average Coverage--------------	5640.288659793814	5640.288659793814	6171.525773195876	7091.144329896907	7238.907216494846	7737.79381443299	7635.938144329897	7731.453608247422	7239.721649484536	7637.4639175257735	7737.79381443299	7636.680412371134	
Nodes Above Average-----------	50	50	45	42	44	53	51	53	44	51	53	51	
Nodes Below Average-----------	47	47	52	55	53	44	46	44	53	46	44	46	
Photos Above Average----------	123	123	148	191	195	197	198	197	195	198	197	198	
Photos Below Average----------	79	79	84	90	89	88	88	88	89	88	88	88	
Network Coverage--------------	36000	36000	36000	36000	36000	36000	36000	36000	36000	36000	36000	36000	

Average Redundancy------------	509.4020618556701	509.4020618556701	674.659793814433	950.0927835051547	993.4639175257732	1160.7628865979382	1132.721649484536	1155.9690721649486	993.8865979381443	1137.381443298969	1160.7628865979382	1136.9278350515465	
Nodes Above Average-----------	47	47	32	39	42	52	50	52	42	50	52	50	
Nodes Below Average-----------	50	50	65	58	55	45	47	45	55	47	45	47	
Photos Above Average----------	122	122	159	195	197	198	199	198	197	199	198	199	
Photos Below Average----------	84	84	91	92	90	90	89	90	90	89	90	89	
Network Redundancy------------	560520	560520	628080	744000	762540	827160	814560	826080	762660	815160	827160	815040	

