Message stats for scenario Photo_500-Scenario_4
sim_time: 10000.0000

Photo List Size: 500
coverageValue-----------------	270	328	331	246	120	323	332	279	285	180	283	312	210	269	230	310	313	210	212	274	310	225	327	155	357	146	194	295	247	327	120	249	304	287	193	278	167	294	333	273	353	204	254	330	340	259	276	156	311	229	
redundantCoverageValue--------	150	392	149	54	0	157	268	141	195	60	77	48	90	211	190	290	287	90	88	146	170	75	393	25	123	94	46	185	113	213	0	171	176	193	167	202	73	306	327	147	307	96	106	270	320	101	144	84	349	131	
halfCoverageTime--------------	2758.1	1981.0	2357.2	5820.4	.0	3126.1	2707.4	2589.3	4022.2	4754.5	3214.4	4651.4	3169.0	1721.4	5445.8	2373.3	3121.9	3759.1	5717.2	2217.0	4633.1	2299.2	2466.1	.0	1042.0	.0	4740.8	1570.5	2840.0	2743.0	.0	2695.3	451.1	3457.7	954.9	4531.8	.0	1585.3	1299.2	2472.0	982.9	2183.8	5348.6	4454.5	1758.3	6343.4	5769.3	.0	2330.4	9546.5	
numberOfPoint-----------------	2	2	1	1	1	2	3	2	2	2	2	1	3	1	2	2	2	3	3	2	2	2	2	2	2	1	2	3	2	2	2	2	3	1	3	2	2	2	3	2	2	3	1	3	2	2	1	2	2	2	
standardDeviation-------------	4.38	4.79	3.02	.61	4.05	2.57	4.69	3.4	3.34	4.34	2.43	1.43	4.75	.81	4.24	3.45	2.99	3.83	2.85	2.5	2.89	3.62	2.52	2.67	3.41	3.9	2.66	3.41	4.22	3.48	3.8	2.24	4.8	1.87	4.75	2.63	4.34	2.41	4.44	4.8	2.9	4.13	1.4	4.35	2.96	3.94	2.35	3.47	2.58	2.62	
initialCoverageValue----------	307	360	336	324	235	329	360	304	285	278	283	321	221	269	251	335	313	232	220	320	336	276	332	254	358	280	241	295	299	327	193	340	311	315	249	278	167	351	333	283	353	278	254	330	354	324	322	156	311	274	
initialRedundantCoverageValue-	233	720	264	456	5	211	660	296	195	262	197	219	139	211	349	625	287	428	320	340	204	204	508	106	242	140	179	245	241	213	167	260	589	225	171	262	73	369	507	317	487	202	106	390	426	276	578	144	349	446	
additionalPoiTime-------------	1232407.9
algorithmTime-----------------	1700410.9
totalMsgTransferred-----------------	7061

Photo List Size: 500
Gained Coverage %-------------	0.8944531623115235
Gained Redundancy %-----------	0.5444392740809679
Total Cluster Created---------	50
Total Transferred Photo-------	14216
Coverage Group----------------	1-30	31-60	61-90	91-120	121-150	151-180	181-210	211-240	241-270	271-300	301-330	331-360	
Coverage Distribution---------	0	0	0	2	1	4	5	4	7	10	11	6	
Ratio Group-------------------	.0	.1	.2	.3	.4	.5	.6	.7	.8	.9	1.0	
Coverage Ratio----------------	0	0	0	0	0	0	2	3	5	8	32	
Redundant Ratio---------------	2	0	1	9	3	7	5	7	5	3	8	
NumberOfPoint Group-----------	0	1	2	3	
NumOfPoint Distribution-------	0	9	31	10	
SD Group----------------------	0-1	1-2	2-3	3-4	4-5	
SD Distribution---------------	2	3	17	13	15	
Half Coverage Group-----------	0-1000	1000-2000	2000-3000	3000-4000	4000-5000	5000-6000	6000-7000	7000-8000	8000-9000	9000-10000	
Half Cvg Time Distribution----	3	7	14	6	7	5	1	0	0	1	
Transferred Photo Group-------	0-1000	1000-2000	2000-3000	3000-4000	4000-5000	5000-6000	6000-7000	7000-8000	8000-9000	9000-10000	
Photo Time Distribution-------	276	1683	4919	3516	2845	597	167	31	29	25	

