Message stats for scenario Photo_4000-Scenario_2
sim_time: 10000.0000

Photo List Size: 4000
coverageValue-----------------	238	250	120	312	330	200	250	183	197	232	190	283	188	274	274	293	203	287	268	233	273	338	142	360	302	259	291	158	317	297	238	283	255	356	216	189	295	278	275	167	175	185	142	360	159	180	250	155	270	98	
redundantCoverageValue--------	302	350	0	228	390	40	290	117	163	68	170	197	52	206	446	187	37	73	212	127	87	382	98	720	358	341	189	202	283	183	62	377	105	784	144	291	125	142	205	133	185	55	38	1140	21	0	110	25	90	202	
halfCoverageTime--------------	2079.9	2373.3	.0	2357.2	1743.4	4826.3	4814.0	2276.9	5286.6	6704.7	6300.5	9584.9	6677.7	4367.7	2017.1	2177.6	3086.3	8641.7	1967.3	4653.5	8277.1	2758.3	.0	1085.8	1049.6	3333.8	359.6	.0	2758.1	2330.4	1991.1	4756.6	5288.7	1178.9	4098.0	5875.5	4531.8	2430.8	5795.0	.0	.0	5077.7	.0	2015.0	.0	5864.3	4356.1	.0	5589.7	.0	
numberOfPoint-----------------	5	5	4	4	5	4	6	4	5	5	5	3	5	4	5	4	3	5	4	5	3	4	3	4	3	4	5	6	3	4	3	4	4	5	3	3	4	4	5	5	3	4	5	5	5	4	5	4	3	5	
standardDeviation-------------	4.53	4.93	5.05	3.76	4.86	3.98	4.73	4.56	4.86	5.57	4.53	3.01	4.56	4.47	4.74	4.46	3.81	4.92	4.37	4.58	3.85	3.43	3.74	4.27	3.43	4.64	5.28	5.3	3.35	3.44	3.26	3.93	5.46	4.64	4.69	3.9	4.55	3.67	4.42	4.76	3.68	3.98	4.46	4.74	5.13	4.47	4.8	5.51	4.27	4.66	
initialCoverageValue----------	360	360	360	360	360	360	360	360	360	360	360	360	360	360	360	360	360	360	360	360	360	360	360	360	360	360	360	360	360	360	360	360	360	360	360	360	360	360	360	360	360	360	360	360	360	360	360	360	360	360	
initialRedundantCoverageValue-	4320	3180	3660	3780	3300	3660	4020	4020	5280	3600	3900	4500	4320	4140	3540	4560	3480	4620	3960	4800	3360	4380	3360	4080	3360	4260	3900	4500	3300	3720	4140	4080	4080	3780	3420	3960	3900	3960	4080	3540	3720	4080	3600	4140	3660	3900	4140	2820	3900	4320	
additionalPoiTime-------------	2.297270726E8
algorithmTime-----------------	2.547184328E8
totalMsgTransferred-----------------	11592

Photo List Size: 4000
Gained Coverage %-------------	0.6704444444444444
Gained Redundancy %-----------	0.054732762137902895
Total Cluster Created---------	0
Total Transferred Photo-------	381257
Coverage Group----------------	1-30	31-60	61-90	91-120	121-150	151-180	181-210	211-240	241-270	271-300	301-330	331-360	
Coverage Distribution---------	0	0	0	2	2	6	8	5	7	12	4	4	
Ratio Group-------------------	.0	.1	.2	.3	.4	.5	.6	.7	.8	.9	1.0	
Coverage Ratio----------------	0	0	0	1	3	6	9	7	12	7	5	
Redundant Ratio---------------	2	41	5	2	0	0	0	0	0	0	0	
NumberOfPoint Group-----------	0	1	2	3	4	5	6	
NumOfPoint Distribution-------	0	0	0	11	18	19	2	
SD Group----------------------	0-1	1-2	2-3	3-4	4-5	5-6	
SD Distribution---------------	0	0	0	16	27	7	
Half Coverage Group-----------	0-1000	1000-2000	2000-3000	3000-4000	4000-5000	5000-6000	6000-7000	7000-8000	8000-9000	9000-10000	
Half Cvg Time Distribution----	1	6	11	2	8	7	3	0	2	1	
Transferred Photo Group-------	0-1000	1000-2000	2000-3000	3000-4000	4000-5000	5000-6000	6000-7000	7000-8000	8000-9000	9000-10000	
Photo Time Distribution-------	29556	95895	97427	55594	50005	15863	9669	8539	7033	6538	

