Message stats for scenario Photo_500-Scenario_2
sim_time: 10000.0000

Photo List Size: 500
coverageValue-----------------	351	304	270	219	305	296	212	217	239	237	177	340	180	355	284	352	324	176	248	360	305	306	320	261	230	344	289	262	129	184	324	167	357	315	279	265	209	328	205	207	298	251	274	159	204	321	217	204	292	261	
redundantCoverageValue--------	309	236	390	81	175	424	208	263	121	63	3	200	0	485	76	488	156	124	172	300	295	234	280	99	250	436	191	98	111	176	156	73	303	225	201	215	91	212	35	93	182	229	26	21	36	219	143	36	248	159	
halfCoverageTime--------------	5722.6	2763.1	2307.6	8751.6	3358.3	3335.6	3298.7	3933.2	5820.4	5044.9	.0	1978.6	5871.5	938.4	1585.3	771.2	2466.1	.0	3009.5	4382.1	6548.5	2033.1	894.3	4102.2	4832.6	3086.3	5109.2	4367.7	.0	5877.6	2017.1	.0	2670.7	1758.3	4900.0	5769.3	8277.1	2697.4	9431.2	3308.4	3759.1	5875.5	5027.1	.0	8518.2	2556.1	7551.5	5807.7	5805.5	5733.1	
numberOfPoint-----------------	2	2	1	1	3	2	2	3	1	3	3	3	2	2	1	3	3	2	2	1	2	3	3	2	3	3	2	2	1	2	1	1	1	2	1	2	1	1	2	2	1	1	2	2	2	2	2	2	2	2	
standardDeviation-------------	5.18	3.76	.72	2.2	4.8	2.64	3.6	3.79	.71	4.47	3.9	3.95	5.09	2.36	1.13	5.01	5.67	2.84	3.48	.22	3.77	3.29	3.85	3.59	4.36	4.48	2.89	2.37	1.3	4.63	.92	.41	.7	3.48	1.3	5.45	.36	.41	4.22	3.45	.76	2.94	3.61	3.33	3.83	3.23	5.4	3.16	2.86	3.16	
initialCoverageValue----------	351	304	284	279	317	344	218	217	301	244	177	341	240	355	293	352	324	323	279	360	336	317	337	298	230	344	316	281	321	227	324	223	360	336	302	265	235	328	205	207	299	251	309	246	212	321	314	248	292	305	
initialRedundantCoverageValue-	309	296	436	141	343	676	442	263	179	116	63	319	0	725	187	608	396	277	381	480	384	343	383	242	310	736	284	199	219	313	456	137	600	324	418	275	185	212	35	153	421	229	111	114	88	279	166	52	308	295	
additionalPoiTime-------------	1684810.8
algorithmTime-----------------	2168413.9
totalMsgTransferred-----------------	11575

Photo List Size: 500
Gained Coverage %-------------	0.9117444107093569
Gained Redundancy %-----------	0.6269788033270727
Total Cluster Created---------	0
Total Transferred Photo-------	78761
Coverage Group----------------	1-30	31-60	61-90	91-120	121-150	151-180	181-210	211-240	241-270	271-300	301-330	331-360	
Coverage Distribution---------	0	0	0	0	1	5	6	7	7	7	10	7	
Ratio Group-------------------	.0	.1	.2	.3	.4	.5	.6	.7	.8	.9	1.0	
Coverage Ratio----------------	0	0	0	0	0	1	1	2	4	8	34	
Redundant Ratio---------------	0	1	1	1	2	10	9	10	5	5	5	
NumberOfPoint Group-----------	0	1	2	3	
NumOfPoint Distribution-------	0	14	25	11	
SD Group----------------------	0-1	1-2	2-3	3-4	4-5	5-6	
SD Distribution---------------	9	3	8	18	6	6	
Half Coverage Group-----------	0-1000	1000-2000	2000-3000	3000-4000	4000-5000	5000-6000	6000-7000	7000-8000	8000-9000	9000-10000	
Half Cvg Time Distribution----	3	3	8	8	5	12	1	1	3	1	
Transferred Photo Group-------	0-1000	1000-2000	2000-3000	3000-4000	4000-5000	5000-6000	6000-7000	7000-8000	8000-9000	9000-10000	
Photo Time Distribution-------	4036	14624	16210	10713	10731	5895	4327	4467	3490	3180	

