Message stats for scenario Photo_250-Scenario_2
sim_time: 10000.0000

Photo List Size: 250
coverageValue-----------------	293	184	196	171	208	250	258	203	224	163	110	60	204	154	234	0	161	207	296	129	258	200	239	232	277	157	184	141	228	231	180	328	235	286	180	194	134	312	173	235	280	60	60	213	283	126	202	243	245	194	
redundantCoverageValue--------	247	56	104	9	212	110	222	97	76	77	70	0	36	86	6	0	79	93	64	51	102	100	61	128	143	83	176	39	12	129	0	92	185	194	0	106	106	108	7	125	80	0	0	27	137	54	38	117	55	46	
halfCoverageTime--------------	2314.1	4102.2	4365.6	.0	4756.3	2763.1	3455.6	3169.0	3121.9	.0	.0	.0	2133.2	.0	3759.1	.0	.0	4380.0	2682.5	.0	2691.3	2419.0	3457.7	1967.3	1261.6	.0	2015.0	.0	5417.3	2077.8	5717.2	2756.0	3166.9	4491.2	5505.7	3211.4	.0	3300.8	.0	4499.8	5333.8	.0	.0	3124.0	1049.6	.0	2950.4	2177.6	3212.3	3308.4	
numberOfPoint-----------------	1	1	2	1	2	1	1	1	2	2	1	1	2	2	2	0	1	2	3	2	1	1	1	1	2	3	1	1	3	2	3	4	2	2	1	1	2	1	1	2	2	1	1	2	2	2	2	3	2	1	
standardDeviation-------------	.51	.45	2.94	3.11	4.3	1.22	.32	3.78	2.66	5.25	2.59	4.03	4.89	2.71	5.21	.0	3.32	4.25	3.87	3.11	.72	1.8	1.03	.36	3.71	5.19	1.42	1.06	4.41	3.55	4.92	4.73	3.17	4.4	5.27	1.25	3.69	.67	.73	4.03	3.11	1.39	3.1	2.8	5.03	3.66	4.03	5.04	3.33	1.35	
initialCoverageValue----------	293	184	196	171	208	250	258	203	224	163	110	60	204	154	234	0	161	207	296	129	259	200	253	232	277	157	184	141	228	231	180	328	235	286	191	194	134	312	173	235	280	60	60	213	283	126	202	243	252	194	
initialRedundantCoverageValue-	247	116	104	9	272	110	222	97	76	77	70	0	36	86	6	0	79	93	64	51	161	160	107	128	203	83	236	39	12	129	0	92	185	194	49	106	106	168	7	125	80	0	0	27	137	54	38	117	108	46	
additionalPoiTime-------------	499203.2
algorithmTime-----------------	702004.5
totalMsgTransferred-----------------	10897

Photo List Size: 250
Gained Coverage %-------------	0.9967157643312102
Gained Redundancy %-----------	0.8796689303904923
Total Cluster Created---------	0
Total Transferred Photo-------	38059
Coverage Group----------------	1-30	31-60	61-90	91-120	121-150	151-180	181-210	211-240	241-270	271-300	301-330	331-360	
Coverage Distribution---------	1	3	0	1	4	8	11	9	5	6	2	0	
Ratio Group-------------------	.0	.1	.2	.3	.4	.5	.6	.7	.8	.9	1.0	
Coverage Ratio----------------	0	0	0	0	0	0	0	0	0	0	49	
Redundant Ratio---------------	1	0	0	0	0	1	2	3	3	0	35	
NumberOfPoint Group-----------	0	1	2	3	4	
NumOfPoint Distribution-------	1	22	21	5	1	
SD Group----------------------	0-1	1-2	2-3	3-4	4-5	5-6	
SD Distribution---------------	7	8	5	13	10	6	
Half Coverage Group-----------	0-1000	1000-2000	2000-3000	3000-4000	4000-5000	5000-6000	6000-7000	7000-8000	8000-9000	9000-10000	
Half Cvg Time Distribution----	0	3	11	11	6	4	0	0	0	0	
Transferred Photo Group-------	0-1000	1000-2000	2000-3000	3000-4000	4000-5000	5000-6000	6000-7000	7000-8000	8000-9000	9000-10000	
Photo Time Distribution-------	1993	7499	8747	5949	5739	2947	1904	1474	833	403	

