Message stats for scenario Photo_2000-Scenario_3
sim_time: 10000.0000

Photo List Size: 2000
coverageValue-----------------	269	292	247	216	226	230	202	190	244	181	154	275	223	314	266	233	218	258	180	175	236	250	250	301	254	337	345	245	239	280	322	270	147	322	196	240	275	353	211	202	275	289	334	340	232	329	248	120	216	248	
redundantCoverageValue--------	151	308	113	84	314	70	218	230	356	299	146	325	317	166	514	247	202	282	0	65	184	170	230	59	226	263	315	235	121	140	218	270	93	278	164	0	145	487	89	98	325	191	266	260	308	271	52	0	144	172	
halfCoverageTime--------------	3300.8	3144.7	5620.0	5864.3	2591.4	9431.2	4754.5	7100.0	4756.3	5877.6	.0	957.0	5419.4	3469.2	2430.8	2033.1	7790.2	5820.4	8751.6	.0	7533.8	2466.1	5566.5	3335.6	6341.0	2419.0	2031.0	8718.7	7113.7	5288.7	2837.9	3757.0	.0	5114.5	6343.1	3248.8	1444.2	1653.4	2357.2	6317.1	4382.1	1772.7	1981.0	1178.9	5044.9	1181.0	2297.1	.0	1051.7	5050.5	
numberOfPoint-----------------	3	5	4	1	3	4	4	3	5	5	3	1	4	5	3	4	3	4	2	3	2	5	2	2	2	4	4	3	3	2	1	4	3	4	4	4	1	3	4	2	4	4	4	3	2	3	3	2	3	3	
standardDeviation-------------	5.09	5.93	3.97	.72	3.34	4.91	4.79	3.88	4.88	4.81	2.83	1.36	3.88	5.02	3.27	4.38	3.11	4.3	2.9	2.79	2.67	4.5	2.97	4.55	3.14	5.2	3.86	3.97	4.09	2.7	.32	4.09	3.69	4.42	4.85	4.9	.36	4.62	4.47	4.13	4.52	4.72	5.22	3.1	2.86	3.27	3.67	3.66	4.39	3.12	
initialCoverageValue----------	360	360	360	360	360	360	360	360	360	342	360	360	336	360	360	360	360	360	360	360	360	360	360	360	360	360	360	360	360	360	360	360	358	360	360	360	360	360	360	360	360	360	360	360	360	360	360	360	360	360	
initialRedundantCoverageValue-	2100	1980	1680	1560	1860	2400	1680	2280	1980	1218	1440	1260	2004	1740	2280	1680	1980	1560	1740	1740	2580	2460	1980	1740	1560	2220	1920	1860	2220	1500	1980	2100	1862	1980	1860	2160	1500	2040	2160	1020	1500	2280	1800	2820	1200	2760	2040	1440	2160	2100	
additionalPoiTime-------------	2.81113802E7
algorithmTime-----------------	3.41486189E7
totalMsgTransferred-----------------	11597

Photo List Size: 2000
Gained Coverage %-------------	0.6960904433058588
Gained Redundancy %-----------	0.10720904763910534
Total Cluster Created---------	49
Total Transferred Photo-------	231157
Coverage Group----------------	1-30	31-60	61-90	91-120	121-150	151-180	181-210	211-240	241-270	271-300	301-330	331-360	
Coverage Distribution---------	0	0	0	1	1	3	5	12	12	6	5	5	
Ratio Group-------------------	.0	.1	.2	.3	.4	.5	.6	.7	.8	.9	1.0	
Coverage Ratio----------------	0	0	0	0	1	4	8	16	9	6	6	
Redundant Ratio---------------	3	22	19	6	0	0	0	0	0	0	0	
NumberOfPoint Group-----------	0	1	2	3	4	5	
NumOfPoint Distribution-------	0	4	9	16	16	5	
SD Group----------------------	0-1	1-2	2-3	3-4	4-5	5-6	
SD Distribution---------------	3	1	7	15	19	5	
Half Coverage Group-----------	0-1000	1000-2000	2000-3000	3000-4000	4000-5000	5000-6000	6000-7000	7000-8000	8000-9000	9000-10000	
Half Cvg Time Distribution----	1	7	9	6	3	10	3	4	2	1	
Transferred Photo Group-------	0-1000	1000-2000	2000-3000	3000-4000	4000-5000	5000-6000	6000-7000	7000-8000	8000-9000	9000-10000	
Photo Time Distribution-------	15426	52579	54924	32690	30341	12135	8380	8168	6931	6441	

