Message stats for scenario Photo_250-Scenario_5
sim_time: 10000.0000

Photo List Size: 237
coverageValue-----------------	210	314	171	137	250	120	152	275	120	180	244	195	243	137	120	271	275	83	310	234	139	241	180	248	268	235	237	212	168	240	212	234	186	245	120	212	173	116	245	155	263	115	120	215	120	68	287	180	231	186	
redundantCoverageValue--------	150	226	9	43	50	0	88	85	0	0	116	165	117	163	0	209	85	37	110	186	101	59	0	172	92	125	123	148	12	0	28	126	54	235	0	28	67	64	55	145	157	125	0	25	0	52	193	0	9	174	
halfCoverageTime--------------	5077.7	3759.1	.0	.0	2390.4	.0	.0	3814.8	.0	2357.2	3933.2	4531.8	5286.6	.0	.0	3306.3	4740.8	.0	2691.3	2403.8	.0	5871.5	3783.1	755.3	3300.8	3455.6	2419.0	5568.6	.0	5875.5	2045.4	2276.9	8518.2	2015.0	.0	5877.6	.0	.0	3086.3	.0	4764.6	.0	.0	5862.2	.0	.0	3935.3	8547.8	1967.3	2314.1	
numberOfPoint-----------------	1	2	1	2	3	2	2	1	2	2	2	1	3	2	2	1	2	1	3	3	2	2	1	2	2	2	2	1	2	1	1	3	1	3	1	1	3	1	1	2	1	2	2	1	1	1	1	1	1	3	
standardDeviation-------------	.95	3.48	.64	3.84	5.81	4.38	3.56	2.6	4.56	3.67	3.09	1.88	4.68	2.64	5.8	1.3	3.02	2.4	5.45	4.23	3.16	2.94	1.56	4.8	5.36	4.73	3.48	.58	4.68	.63	1.7	4.62	.85	4.29	.81	1.63	4.02	1.97	1.06	4.15	.76	3.67	3.64	2.14	2.72	4.2	.1	2.1	2.51	3.17	
initialCoverageValue----------	289	314	171	137	250	147	152	275	120	180	251	195	243	137	120	271	275	83	310	234	155	241	180	248	268	235	237	212	168	240	212	234	186	245	120	212	173	116	250	172	263	115	120	222	158	128	287	180	231	186	
initialRedundantCoverageValue-	191	226	9	43	50	33	88	85	0	0	169	165	117	163	0	209	85	37	110	186	145	59	0	172	92	125	123	148	12	0	28	126	54	295	0	28	67	64	110	188	157	245	0	78	22	52	193	0	9	174	
additionalPoiTime-------------	93600.6
algorithmTime-----------------	1.93909243E7
totalMsgTransferred-----------------	6744

Photo List Size: 237
Gained Coverage %-------------	0.974773354355538
Gained Redundancy %-----------	0.8892645815722738
Total Cluster Created---------	0
Total Transferred Photo-------	6946
Coverage Group----------------	1-30	31-60	61-90	91-120	121-150	151-180	181-210	211-240	241-270	271-300	301-330	331-360	
Coverage Distribution---------	0	0	2	8	3	8	4	10	9	4	2	0	
Ratio Group-------------------	.0	.1	.2	.3	.4	.5	.6	.7	.8	.9	1.0	
Coverage Ratio----------------	0	0	0	0	0	0	1	0	2	2	45	
Redundant Ratio---------------	2	0	0	0	1	1	1	2	3	0	32	
NumberOfPoint Group-----------	0	1	2	3	
NumOfPoint Distribution-------	0	22	20	8	
SD Group----------------------	0-1	1-2	2-3	3-4	4-5	5-6	
SD Distribution---------------	8	7	8	11	12	4	
Half Coverage Group-----------	0-1000	1000-2000	2000-3000	3000-4000	4000-5000	5000-6000	6000-7000	7000-8000	8000-9000	9000-10000	
Half Cvg Time Distribution----	1	1	9	9	3	7	0	0	2	0	
Transferred Photo Group-------	0-1000	1000-2000	2000-3000	3000-4000	4000-5000	5000-6000	6000-7000	7000-8000	8000-9000	9000-10000	
Photo Time Distribution-------	112	336	516	500	786	911	932	1034	960	824	

