Message stats for scenario Photo_4000-Scenario_4
sim_time: 10000.0000

Photo List Size: 4000
coverageValue-----------------	156	315	223	290	242	245	120	202	190	320	357	224	322	215	290	279	348	234	229	254	269	208	302	294	349	265	323	260	319	286	210	360	297	209	315	173	244	170	314	185	360	209	246	244	323	346	292	297	311	175	
redundantCoverageValue--------	24	285	77	70	58	55	0	218	110	280	543	76	98	85	130	141	492	186	71	106	211	92	298	186	191	155	157	340	161	74	90	300	363	91	345	247	176	130	166	175	600	91	114	296	217	554	548	363	289	65	
halfCoverageTime--------------	.0	4103.6	6338.9	2591.4	2793.4	4830.5	.0	5820.4	7440.4	2307.6	1181.0	2837.9	5359.8	7790.2	2079.9	4997.8	982.9	4754.5	5867.3	215.2	2637.0	5421.5	2556.1	3914.6	3577.8	5743.3	2179.7	3126.1	5505.7	4227.2	6704.7	2430.8	4828.4	9572.8	2131.1	.0	2691.3	.0	3169.0	8518.2	755.3	6671.1	2403.8	3009.5	3142.6	1429.0	2758.1	502.4	1764.6	.0	
numberOfPoint-----------------	3	5	5	4	3	4	3	5	4	5	5	4	4	4	4	4	4	6	5	5	3	4	6	4	5	3	3	4	3	4	5	4	5	3	4	5	5	4	4	4	4	5	3	4	3	4	3	4	5	2	
standardDeviation-------------	3.11	4.81	5.42	5.19	3.66	4.41	3.85	4.52	4.84	5.21	4.57	4.21	4.49	4.15	4.57	4.14	4.12	5.32	4.96	5.3	3.5	4.19	5.6	3.88	4.56	3.08	3.07	4.0	4.1	3.8	5.01	3.71	4.63	3.35	3.56	4.59	4.39	4.31	4.86	4.47	4.9	4.54	3.97	3.88	3.12	3.75	3.54	3.79	4.89	2.46	
initialCoverageValue----------	360	360	360	360	360	360	360	360	360	360	360	360	360	360	360	360	360	360	360	360	360	360	360	360	360	360	360	360	360	360	360	360	360	360	360	360	360	360	360	360	360	360	360	360	360	360	360	360	360	360	
initialRedundantCoverageValue-	3960	4500	3420	3900	3420	3840	3660	4020	3000	3420	3900	4320	4560	4380	4980	3780	4440	3720	4380	4560	3780	3900	3960	4020	3720	3360	3420	3420	4320	4020	4200	3900	3780	3120	3780	4140	4200	4020	3120	3780	3300	3660	3660	3420	4380	4860	3960	3300	3720	3840	
additionalPoiTime-------------	1.814447631E8
algorithmTime-----------------	2.056249181E8
totalMsgTransferred-----------------	7234

Photo List Size: 4000
Gained Coverage %-------------	0.7338888888888889
Gained Redundancy %-----------	0.052466275357841624
Total Cluster Created---------	51
Total Transferred Photo-------	77271
Coverage Group----------------	1-30	31-60	61-90	91-120	121-150	151-180	181-210	211-240	241-270	271-300	301-330	331-360	
Coverage Distribution---------	0	0	0	1	0	4	7	5	9	8	10	6	
Ratio Group-------------------	.0	.1	.2	.3	.4	.5	.6	.7	.8	.9	1.0	
Coverage Ratio----------------	0	0	0	0	1	4	8	9	6	16	6	
Redundant Ratio---------------	1	43	6	0	0	0	0	0	0	0	0	
NumberOfPoint Group-----------	0	1	2	3	4	5	6	
NumOfPoint Distribution-------	0	0	1	11	22	14	2	
SD Group----------------------	0-1	1-2	2-3	3-4	4-5	5-6	
SD Distribution---------------	0	0	1	18	24	7	
Half Coverage Group-----------	0-1000	1000-2000	2000-3000	3000-4000	4000-5000	5000-6000	6000-7000	7000-8000	8000-9000	9000-10000	
Half Cvg Time Distribution----	4	3	13	6	6	6	3	2	1	1	
Transferred Photo Group-------	0-1000	1000-2000	2000-3000	3000-4000	4000-5000	5000-6000	6000-7000	7000-8000	8000-9000	9000-10000	
Photo Time Distribution-------	2072	10335	25609	18309	15324	2954	1006	360	231	268	

