4
3
153
30
163
0
167
126
85
35
22
128
96
84
5
12
15
14
38
25
68
112
44
7
179
73
17
9
1
36
144
140
8
125
11
16
62
55
75
39
34
81
42
26
52
40
13
89
88
37
32
43
127
115
78
10
82
2
6
24
33
104
70
28
124
23
145
64
56
142
136
101
156
174
58
59
48
92
57
94
150
129
20
41
67
19
49
83
18
158
131
95
119
122
155
93
152
46
113
69
121
103
169
111
110
50
51
151
71
175
159
157
61
47
109
65
66
141
170
130
135
164
114
172
173
134
176
108
139
102
53
29
79
91
147
77
177
161
181
97
27
76
74
105
106
168
45
165
117
99
138
162
154
31
98
149
146
87
143
86
80
123
148
100
116
