Message stats for scenario Photo_5000-Scenario_7-ActualPOI_50-K_1
sim_time: 337500.0000

Photo List Size: 4952
coverageValue-----------------	342	300	360	348	357	360	334	337	331	349	201	228	351	358	303	318	354	285	346	352	356	360	266	317	292	338	344	336	309	351	293	307	271	355	238	336	292	336	351	349	332	360	352	347	360	360	360	354	359	341	360	360	342	360	331	360	360	360	360	345	360	354	360	360	346	316	355	360	360	356	360	353	360	360	360	357	346	360	355	311	360	358	343	320	360	360	342	360	360	357	339	360	351	360	360	360	360	360	352	360	
redundantCoverageValue--------	618	540	600	792	603	840	746	503	869	611	399	252	789	482	357	522	486	315	314	788	484	1020	154	223	308	802	556	444	411	489	427	413	449	665	362	744	368	384	549	671	688	900	608	913	1020	660	780	426	1021	739	900	1020	678	660	689	840	540	1200	960	1095	1320	606	360	900	614	344	1145	900	1260	964	720	847	900	1080	1020	483	854	1080	485	589	720	602	377	940	1320	840	678	660	1380	483	441	1020	1149	780	780	720	720	1200	668	840	
halfCoverageTime--------------	137098.0	128833.0	128856.0	148110.0	141921.0	56180.0	139625.0	138966.0	136027.0	75763.0	146296.0	139828.0	136351.0	149828.0	139640.0	137115.0	139665.0	138335.0	141936.0	75598.0	139022.0	75562.0	136596.0	137082.0	143416.0	136069.0	136048.0	136564.0	136703.0	57002.0	154063.0	65327.0	142886.0	136864.0	143328.0	142880.0	136086.0	128756.0	137403.0	134502.0	128810.0	128632.0	144074.0	134616.0	128789.0	75583.0	74208.0	137414.0	139142.0	143365.0	71161.0	71351.0	65266.0	71251.0	74138.0	56165.0	128626.0	2612.0	136524.0	71177.0	1926.0	128702.0	145759.0	57048.0	74154.0	239140.0	71156.0	139696.0	65391.0	128838.0	1894.0	128668.0	1588.0	75733.0	71122.0	74187.0	1775.0	19788.0	137377.0	19806.0	60670.0	57088.0	136390.0	810.0	75748.0	19654.0	2607.0	19760.0	19811.0	75667.0	136074.0	71318.0	19624.0	136630.0	60665.0	60660.0	128726.0	56246.0	19660.0	75694.0	
numberOfPoint-----------------	1	1	1	1	1	1	1	1	1	1	1	1	1	1	1	1	1	1	1	1	1	1	1	1	1	1	1	1	1	1	1	1	1	1	1	1	1	1	1	1	1	1	1	1	1	1	1	1	1	1	3	4	4	3	3	5	3	3	4	4	5	3	4	5	4	4	3	4	5	4	4	4	4	4	4	3	4	6	2	4	5	3	4	4	3	3	3	4	4	3	3	5	3	3	4	4	4	3	3	3	
standardDeviation-------------	.0	.0	.0	.0	.0	.0	.0	.0	.0	.0	.0	.0	.0	.0	.0	.0	.0	.0	.0	.0	.0	.0	.0	.0	.0	.0	.0	.0	.0	.0	.0	.0	.0	.0	.0	.0	.0	.0	.0	.0	.0	.0	.0	.0	.0	.0	.0	.0	.0	.0	8.01	8.14	7.09	6.41	9.9	9.47	9.44	6.23	8.44	9.52	10.01	7.3	10.0	8.86	7.9	7.86	6.66	7.43	9.9	8.08	8.23	8.33	8.46	7.82	7.64	8.46	8.55	10.38	6.34	8.9	9.73	7.05	10.05	9.91	8.22	9.12	6.66	10.01	8.65	8.87	5.5	9.49	8.69	6.7	8.84	9.26	7.91	6.38	6.45	8.74	
initialCoverageValue----------	360	360	360	360	360	360	360	360	360	360	360	360	360	360	360	360	360	360	360	360	360	360	360	359	360	360	360	360	360	360	360	360	360	360	360	360	360	360	360	360	360	360	360	360	360	360	360	360	360	360	360	360	360	360	360	360	360	360	360	360	360	360	360	360	360	360	355	360	360	360	360	360	360	360	360	360	360	360	360	360	360	360	360	360	360	360	360	360	360	360	360	360	360	360	360	360	360	360	360	360	
initialRedundantCoverageValue-	2880	2400	2100	2760	2400	3120	2820	2040	3000	2520	2340	1680	2520	2640	1740	2280	2460	2280	2340	2700	2040	2820	2280	1681	2340	2520	3120	2760	2400	2880	2040	2640	3060	2880	2760	2040	1860	1980	3000	2340	2400	2640	2760	2700	3120	2280	2340	2700	2940	2820	2280	1740	1980	2160	2220	2640	2520	2580	2400	2820	2820	2460	2160	2700	2280	2160	2345	2940	2160	2520	2400	2100	2160	2760	2160	2040	2520	2880	2220	1920	2640	2220	2520	2100	2220	2280	2160	2340	2520	1980	2640	2700	2520	1980	2160	1860	2280	2880	2820	2640	
additionalPoiTime-------------	8.21501266E7
algorithmTime-----------------	1.47732947E8
serverTime--------------------	6364840.8
Total Transferred Metadata----	15330

Photo List Size: 4952
Gained Coverage %-------------	0.9475190309496027
Gained Redundancy %-----------	0.28922787750445283
Total Cluster Created---------	51
Total Transferred Photo-------	17692
Total Photo at Destination----	1785
Coverage Group----------------	1-30	31-60	61-90	91-120	121-150	151-180	181-210	211-240	241-270	271-300	301-330	331-360	
Coverage Distribution---------	0	0	0	0	0	0	1	2	1	6	8	82	
Ratio Group-------------------	.0	.1	.2	.3	.4	.5	.6	.7	.8	.9	1.0	
Coverage Ratio----------------	0	0	0	0	0	0	1	2	3	12	82	
Redundant Ratio---------------	0	1	23	32	31	9	4	0	0	0	0	
NumberOfPoint Group-----------	0	1	2	3	4	5	6	
NumOfPoint Distribution-------	0	0	1	19	23	6	1	
SD Group----------------------	0-1	1-2	2-3	3-4	4-5	5-6	6-7	7-8	8-9	9-10	10-11	
SD Distribution---------------	50	0	0	0	0	1	8	9	17	11	4	
Half Coverage Group-----------	0-33750	33750-67500	67500-101250	101250-135000	135000-168750	168750-202500	202500-236250	236250-270000	270000-303750	303750-337500	337500-371250	
Half Cvg Time Distribution----	14	12	19	13	41	0	0	1	0	0	0	
Transferred Photo Group-------	0-33750	33750-67500	67500-101250	101250-135000	135000-168750	168750-202500	202500-236250	236250-270000	270000-303750	303750-337500	337500-371250	
Photo Time Distribution-------	2250	6697	3182	267	24704	1176	3343	1357	0	143	0	

Cvg&Red Distribution----------	0.0	2.0	33750.0	67500.0	135000.0	270000.0	168750.0	337500.0	101250.0	202500.0	303750.0	236250.0	
Average PhotoNum--------------	51.05154639175258	51.05154639175258	52.03092783505155	56.23711340206186	58.618556701030926	77.51546391752578	76.56701030927834	75.78350515463917	58.649484536082475	76.55670103092784	77.51546391752578	76.9381443298969	
Nodes Above Average-----------	50	50	47	46	46	62	59	63	46	60	62	62	
Nodes Below Average-----------	47	47	50	51	51	35	38	34	51	37	35	35	

Average Coverage--------------	2923.298969072165	2923.298969072165	2972.639175257732	3199.3298969072166	3318.422680412371	4303.886597938144	4256.79381443299	4215.721649484536	3319.8453608247423	4257.742268041237	4303.886597938144	4275.855670103093	
Nodes Above Average-----------	50	50	48	48	46	64	59	64	46	60	64	62	
Nodes Below Average-----------	47	47	49	49	51	33	38	33	51	37	33	35	
Photos Above Average----------	62	62	64	71	78	95	97	93	78	97	95	96	
Photos Below Average----------	39	39	40	40	40	41	43	40	41	42	41	42	
Network Coverage--------------	35994	35994	35994	35993	35993	35993	35993	35993	35993	35993	35993	35993	

Average Redundancy------------	139.79381443298968	139.79381443298968	149.2164948453608	174.89690721649484	198.69072164948454	347.0412371134021	337.22680412371136	331.2886597938144	199.1237113402062	335.659793814433	347.0412371134021	340.4329896907216	
Nodes Above Average-----------	42	42	42	40	36	53	53	50	36	53	53	54	
Nodes Below Average-----------	55	55	55	57	61	44	44	47	61	44	44	43	
Photos Above Average----------	58	58	61	70	79	96	97	94	79	96	96	96	
Photos Below Average----------	45	45	44	46	46	54	51	55	46	52	54	52	
Network Redundancy------------	261126	261126	266826	291307	305167	415147	409627	405067	305347	409567	415147	411787	

