Message stats for scenario Photo_5000-Scenario_5-ActualPOI_50-K_1
sim_time: 337500.0000

Photo List Size: 4952
coverageValue-----------------	336	358	360	351	360	326	353	337	335	360	360	349	360	357	330	352	360	306	345	354	297	360	352	315	343	305	358	357	357	353	360	337	345	341	360	354	280	332	313	340	360	360	355	360	360	360	360	341	347	273	325	360	332	359	351	308	360	356	284	360	286	357	338	360	360	360	360	336	359	354	348	360	320	360	327	335	359	359	351	340	338	360	353	360	340	274	345	354	360	272	337	341	323	360	336	360	360	341	348	350	
redundantCoverageValue--------	444	782	1020	669	420	634	727	683	625	1080	1080	311	660	723	570	368	660	534	555	666	603	1080	908	525	557	355	782	483	963	967	900	503	675	679	900	846	380	568	347	620	900	660	665	240	840	360	1080	679	373	387	755	540	988	901	549	412	540	724	316	1020	554	603	322	1080	900	1020	840	504	781	666	552	480	400	720	693	625	601	1201	1209	620	562	1200	1207	1080	800	446	915	546	1200	388	983	619	397	840	684	840	960	439	612	1210	
halfCoverageTime--------------	71156.0	136908.0	128708.0	2528.0	134598.0	75662.0	74182.0	71166.0	136941.0	128668.0	136564.0	158020.0	71204.0	139067.0	65291.0	144957.0	138231.0	136891.0	136994.0	141973.0	139088.0	136682.0	137006.0	128856.0	75562.0	134524.0	137120.0	57093.0	128794.0	75598.0	144122.0	136428.0	1522.0	74138.0	136336.0	128650.0	161836.0	128784.0	128804.0	134530.0	128620.0	71288.0	139434.0	154068.0	139494.0	128822.0	71182.0	71256.0	138226.0	139017.0	1904.0	71312.0	19618.0	2628.0	142931.0	154267.0	75688.0	137043.0	139792.0	128816.0	144952.0	71100.0	65317.0	19730.0	136434.0	19624.0	56165.0	136864.0	136914.0	128789.0	138220.0	136876.0	139034.0	71294.0	2622.0	75738.0	19724.0	1540.0	65266.0	141946.0	57036.0	57110.0	57002.0	138257.0	65348.0	139681.0	137361.0	146348.0	136053.0	56180.0	19748.0	19660.0	139818.0	57088.0	136973.0	128602.0	1879.0	1594.0	136362.0	19765.0	
numberOfPoint-----------------	1	1	1	1	1	1	1	1	1	1	1	1	1	1	1	1	1	1	1	1	1	1	1	1	1	1	1	1	1	1	1	1	1	1	1	1	1	1	1	1	1	1	1	1	1	1	1	1	1	1	3	3	4	4	3	2	5	4	3	4	4	4	3	5	3	3	4	5	5	4	5	2	3	3	3	3	4	5	3	4	3	4	3	4	2	5	5	4	5	3	4	1	3	5	4	2	3	3	4	3	
standardDeviation-------------	.0	.0	.0	.0	.0	.0	.0	.0	.0	.0	.0	.0	.0	.0	.0	.0	.0	.0	.0	.0	.0	.0	.0	.0	.0	.0	.0	.0	.0	.0	.0	.0	.0	.0	.0	.0	.0	.0	.0	.0	.0	.0	.0	.0	.0	.0	.0	.0	.0	.0	8.77	6.32	8.89	8.34	6.86	5.4	9.39	7.68	8.91	10.2	10.07	8.34	6.18	10.63	7.07	8.25	8.38	9.99	9.82	9.1	8.65	6.37	5.92	9.26	8.62	6.2	9.46	9.46	6.21	8.43	8.33	9.17	6.41	8.11	4.91	8.39	9.59	9.59	9.89	6.56	8.79	.57	8.66	10.53	10.47	9.12	6.37	8.94	7.61	9.6	
initialCoverageValue----------	360	360	360	360	360	360	360	360	360	360	360	360	360	360	360	360	360	360	360	360	360	360	360	360	360	360	360	360	360	360	360	360	360	360	360	360	360	360	360	360	360	360	360	360	360	360	360	360	360	360	360	360	360	360	360	360	360	360	360	360	360	360	360	360	360	360	360	360	360	360	360	360	360	360	360	351	360	360	360	360	360	360	360	360	360	360	360	360	360	360	360	360	360	360	360	360	360	360	360	360	
initialRedundantCoverageValue-	2280	2580	3060	2460	2220	2640	2640	2580	2460	2220	3120	2160	2280	3000	2100	2520	2460	2280	2280	2340	2220	2640	2640	2400	2820	2160	2520	2280	2880	2940	2520	2160	2640	2160	2700	3180	2160	1920	2220	2460	2520	2580	2400	1500	2700	1980	3120	2040	2400	1980	2520	2280	2820	2520	2220	2160	2340	2160	2040	2400	2280	2520	2040	2580	2700	2880	2340	2220	2520	2400	3000	2580	2160	2940	2760	1989	2280	2700	2760	2340	2160	3060	3120	2280	2520	2040	2520	2580	2820	2100	2520	2160	2100	1920	2220	2340	2580	1920	1980	2880	
additionalPoiTime-------------	0.0
algorithmTime-----------------	1.443945256E8
serverTime--------------------	3.97646549E7
Total Transferred Metadata----	15325

Photo List Size: 4952
Gained Coverage %-------------	0.9535717262648996
Gained Redundancy %-----------	0.28746169843594255
Total Cluster Created---------	50
Total Transferred Photo-------	17686
Total Photo at Destination----	1791
Coverage Group----------------	1-30	31-60	61-90	91-120	121-150	151-180	181-210	211-240	241-270	271-300	301-330	331-360	
Coverage Distribution---------	0	0	0	0	0	0	0	0	0	7	11	82	
Ratio Group-------------------	.0	.1	.2	.3	.4	.5	.6	.7	.8	.9	1.0	
Coverage Ratio----------------	0	0	0	0	0	0	0	0	6	8	86	
Redundant Ratio---------------	0	0	20	39	31	10	0	0	0	0	0	
NumberOfPoint Group-----------	0	1	2	3	4	5	
NumOfPoint Distribution-------	0	1	4	19	16	10	
SD Group----------------------	0-1	1-2	2-3	3-4	4-5	5-6	6-7	7-8	8-9	9-10	10-11	
SD Distribution---------------	51	0	0	0	1	2	9	3	16	13	5	
Half Coverage Group-----------	0-33750	33750-67500	67500-101250	101250-135000	135000-168750	168750-202500	202500-236250	236250-270000	270000-303750	303750-337500	337500-371250	
Half Cvg Time Distribution----	15	11	16	15	43	0	0	0	0	0	0	
Transferred Photo Group-------	0-33750	33750-67500	67500-101250	101250-135000	135000-168750	168750-202500	202500-236250	236250-270000	270000-303750	303750-337500	337500-371250	
Photo Time Distribution-------	3370	4769	3029	212	25059	1223	3476	1381	0	150	0	

Cvg&Red Distribution----------	0.0	2.0	33750.0	67500.0	135000.0	270000.0	168750.0	337500.0	101250.0	202500.0	303750.0	236250.0	
Average PhotoNum--------------	51.05154639175258	51.05154639175258	52.06185567010309	56.2680412371134	58.72164948453608	78.35051546391753	77.11340206185567	76.55670103092784	58.75257731958763	76.96907216494846	78.35051546391753	77.5360824742268	
Nodes Above Average-----------	50	50	48	47	46	64	61	65	46	62	64	64	
Nodes Below Average-----------	47	47	49	50	51	33	36	32	51	35	33	33	

Average Coverage--------------	2926.061855670103	2926.061855670103	2979.938144329897	3199.536082474227	3320.092783505155	4340.422680412371	4287.103092783505	4252.98969072165	3320.5154639175257	4275.525773195876	4340.422680412371	4301.59793814433	
Nodes Above Average-----------	52	52	51	46	44	65	61	65	44	62	65	64	
Nodes Below Average-----------	45	45	46	51	53	32	36	32	53	35	32	33	
Photos Above Average----------	61	61	63	72	79	96	97	94	79	97	96	96	
Photos Below Average----------	38	38	39	41	41	41	42	40	41	41	41	40	
Network Coverage--------------	35991	35991	35991	35984	35970	35966	35966	35966	35970	35966	35966	35966	

Average Redundancy------------	137.03092783505156	137.03092783505156	143.77319587628867	176.5463917525773	203.20618556701032	360.6082474226804	339.70103092783506	340.41237113402065	204.63917525773195	342.6185567010309	360.6082474226804	350.5670103092784	
Nodes Above Average-----------	44	44	43	42	37	49	49	47	37	47	49	47	
Nodes Below Average-----------	53	53	54	55	60	48	48	50	60	50	48	50	
Photos Above Average----------	60	60	62	72	81	97	98	95	81	98	97	98	
Photos Below Average----------	43	43	43	44	44	58	55	58	44	57	58	58	
Network Redundancy------------	261129	261129	267009	291496	305790	420034	412834	409594	305970	411994	420034	415294	

