Message stats for scenario Photo_5000-Scenario_6-ActualPOI_50-K_1
sim_time: 337500.0000

Photo List Size: 1776
coverageValue-----------------	312	328	357	328	355	306	298	303	359	360	360	340	307	356	287	338	292	345	354	353	360	346	360	360	323	360	356	358	355	313	342	360	319	360	360	360	342	360	360	337	348	323	358	309	343	306	360	360	307	336	355	360	321	346	360	328	360	360	355	336	360	347	344	360	360	318	325	329	360	305	360	360	319	332	328	360	327	333	360	356	360	360	334	346	360	360	350	352	360	307	346	345	312	360	360	338	360	305	354	360	
redundantCoverageValue--------	588	572	543	692	665	534	422	657	841	1080	660	680	353	604	493	502	488	615	546	307	1260	794	840	480	637	600	1024	902	845	587	498	600	281	900	360	720	1098	840	900	563	912	457	1202	591	737	954	900	840	413	684	965	1020	399	914	660	632	300	840	545	504	360	793	496	660	840	522	455	691	780	295	1020	900	821	628	872	1080	513	927	480	784	600	900	566	974	900	660	1030	608	840	653	1034	855	468	720	720	922	840	355	306	780	
halfCoverageTime--------------	142823.0	149892.0	65302.0	137158.0	1552.0	145216.0	143406.0	142839.0	128702.0	137387.0	142951.0	136492.0	1820.0	134456.0	136096.0	139665.0	137054.0	128768.0	139082.0	137038.0	19665.0	65322.0	71140.0	128714.0	137134.0	128732.0	2534.0	134586.0	1926.0	139676.0	75573.0	2597.0	134580.0	60620.0	139136.0	60626.0	1790.0	60660.0	138961.0	2634.0	136126.0	136064.0	19688.0	1722.0	136423.0	134428.0	134574.0	19606.0	148162.0	136575.0	136310.0	134478.0	60610.0	134467.0	71262.0	71306.0	141906.0	136461.0	128773.0	1462.0	145794.0	136957.0	136541.0	138941.0	136320.0	145805.0	136482.0	74133.0	136315.0	153982.0	138946.0	136114.0	816.0	134592.0	136524.0	71128.0	75624.0	75738.0	139114.0	137128.0	71246.0	71111.0	137442.0	139499.0	74149.0	136418.0	65312.0	74224.0	128696.0	128789.0	128632.0	2552.0	145748.0	19748.0	136102.0	134490.0	65358.0	1758.0	144957.0	134450.0	
numberOfPoint-----------------	1	1	1	1	1	1	1	1	1	1	1	1	1	1	1	1	1	1	1	1	1	1	1	1	1	1	1	1	1	1	1	1	1	1	1	1	1	1	1	1	1	1	1	1	1	1	1	1	1	1	3	3	3	4	4	2	2	3	1	1	1	1	1	1	3	2	1	3	2	2	3	3	2	2	3	3	2	4	3	3	2	4	3	1	2	1	3	3	3	3	2	4	3	3	3	3	3	1	3	2	
standardDeviation-------------	.0	.0	.0	.0	.0	.0	.0	.0	.0	.0	.0	.0	.0	.0	.0	.0	.0	.0	.0	.0	.0	.0	.0	.0	.0	.0	.0	.0	.0	.0	.0	.0	.0	.0	.0	.0	.0	.0	.0	.0	.0	.0	.0	.0	.0	.0	.0	.0	.0	.0	10.67	5.81	8.3	8.84	9.46	9.44	5.19	6.9	.92	1.8	1.43	1.03	1.7	2.24	9.09	5.97	1.2	7.72	4.48	9.67	9.29	8.94	6.13	5.72	10.86	7.85	5.63	7.47	7.35	6.3	9.63	10.43	7.65	.95	4.58	.64	5.9	8.85	6.37	7.12	5.92	8.41	8.98	10.01	9.31	6.16	8.17	1.34	6.75	5.39	
initialCoverageValue----------	360	360	360	360	360	360	360	360	360	360	360	360	360	360	360	360	360	360	360	360	360	360	360	360	358	360	360	360	360	360	360	360	360	360	360	360	360	360	360	360	360	360	360	360	360	360	360	360	360	360	360	360	360	360	360	360	360	360	360	360	360	360	360	360	360	360	360	360	360	360	360	360	360	360	360	360	360	360	360	360	360	360	360	360	360	360	360	360	360	360	360	360	360	360	360	360	360	360	360	360	
initialRedundantCoverageValue-	2580	2340	2220	2640	2460	2220	2400	1680	2520	2100	2400	2700	1560	2460	2100	2520	2220	2340	2220	2160	2640	2400	2820	2580	1382	1980	2760	3180	3420	1920	1980	1680	1800	2520	2280	2580	3180	2340	2460	1500	2820	2460	3300	2460	2520	2880	2940	3060	2400	1980	3000	2700	1860	2160	2400	2280	2100	2160	2640	2460	1620	2700	2040	2940	2460	2160	2160	2820	2760	1860	2460	2580	2940	2220	2880	3060	1860	2760	2460	2880	2520	2760	2700	3000	2400	2460	2640	1800	2640	2520	3180	2940	2100	2520	2400	2280	2880	2280	2100	2580	
additionalPoiTime-------------	187201.2
algorithmTime-----------------	1.0205741421E9
serverTime--------------------	1029606.6
Total Transferred Metadata----	8968

Photo List Size: 1776
Gained Coverage %-------------	0.9509417189843881
Gained Redundancy %-----------	0.28544044039943967
Total Cluster Created---------	0
Total Transferred Photo-------	26062
Total Photo at Destination----	1776
Coverage Group----------------	1-30	31-60	61-90	91-120	121-150	151-180	181-210	211-240	241-270	271-300	301-330	331-360	
Coverage Distribution---------	0	0	0	0	0	0	0	0	0	3	25	72	
Ratio Group-------------------	.0	.1	.2	.3	.4	.5	.6	.7	.8	.9	1.0	
Coverage Ratio----------------	0	0	0	0	0	0	0	0	1	19	80	
Redundant Ratio---------------	0	0	13	48	33	5	1	0	0	0	0	
NumberOfPoint Group-----------	0	1	2	3	4	
NumOfPoint Distribution-------	0	10	12	23	5	
SD Group----------------------	0-1	1-2	2-3	3-4	4-5	5-6	6-7	7-8	8-9	9-10	10-11	
SD Distribution---------------	53	6	1	0	2	8	6	6	7	7	4	
Half Coverage Group-----------	0-33750	33750-67500	67500-101250	101250-135000	135000-168750	168750-202500	202500-236250	236250-270000	270000-303750	303750-337500	337500-371250	
Half Cvg Time Distribution----	16	8	12	18	46	0	0	0	0	0	0	
Transferred Photo Group-------	0-33750	33750-67500	67500-101250	101250-135000	135000-168750	168750-202500	202500-236250	236250-270000	270000-303750	303750-337500	337500-371250	
Photo Time Distribution-------	4200	8431	5346	655	26526	2746	5885	3039	56	1983	0	

Cvg&Red Distribution----------	0.0	2.0	33750.0	67500.0	135000.0	270000.0	168750.0	337500.0	101250.0	202500.0	303750.0	236250.0	
Average PhotoNum--------------	51.05154639175258	51.05154639175258	53.628865979381445	57.618556701030926	61.90721649484536	84.56701030927834	81.09278350515464	85.78350515463917	61.123711340206185	82.0	84.56701030927834	83.43298969072166	
Nodes Above Average-----------	50	50	48	49	44	71	66	73	43	68	71	70	
Nodes Below Average-----------	47	47	49	48	53	26	31	24	54	29	26	27	

Average Coverage--------------	2934.4329896907216	2934.4329896907216	3077.773195876289	3298.0515463917527	3520.360824742268	4725.123711340206	4537.639175257732	4787.453608247422	3479.5670103092784	4590.422680412371	4725.123711340206	4664.670103092783	
Nodes Above Average-----------	51	51	49	47	42	71	66	73	43	68	71	70	
Nodes Below Average-----------	46	46	48	50	55	26	31	24	54	29	26	27	
Photos Above Average----------	61	61	66	73	84	99	99	100	82	99	99	99	
Photos Below Average----------	39	39	40	42	44	43	42	42	44	41	43	41	
Network Coverage--------------	35991	35991	35977	35977	35977	35933	35939	35933	35977	35939	35933	35933	

Average Redundancy------------	128.659793814433	128.659793814433	139.95876288659792	159.06185567010309	194.0721649484536	348.89690721649487	327.92783505154637	359.55670103092785	187.8556701030928	329.5773195876289	348.89690721649487	341.30927835051546	
Nodes Above Average-----------	46	46	44	39	39	56	54	58	40	54	56	56	
Nodes Below Average-----------	51	51	53	58	58	41	43	39	57	43	41	41	
Photos Above Average----------	59	59	64	73	83	99	99	100	81	99	99	99	
Photos Below Average----------	43	43	44	46	47	64	58	64	46	60	64	61	
Network Redundancy------------	261129	261129	276143	299363	324323	456247	436021	463327	319763	441301	456247	449647	

