Message stats for scenario K_2-Photo_5000-Scenario_6-ActualPOI_50
sim_time: 337500.0000

Photo List Size: 1786
coverageValue-----------------	360	353	316	299	360	360	360	360	350	229	360	349	337	360	333	344	334	346	360	360	360	360	350	360	351	360	332	352	351	360	344	331	327	354	355	360	320	349	360	348	348	354	324	268	355	328	360	344	360	356	288	360	360	261	352	294	360	351	323	356	359	360	342	292	333	360	359	360	346	289	360	335	318	351	238	360	360	348	347	312	310	342	360	351	320	360	351	360	356	351	360	299	360	360	336	349	360	360	360	346	
redundantCoverageValue--------	1020	607	464	361	300	840	840	1080	730	491	720	491	563	840	627	436	686	314	600	1080	960	720	670	1200	909	660	508	668	369	1260	556	569	753	786	665	600	460	731	480	612	432	906	456	512	785	272	1260	976	900	664	372	780	780	879	1268	126	780	849	817	544	841	1020	918	308	447	900	1141	480	794	551	840	505	282	729	422	1200	1020	612	613	468	410	618	840	489	400	1080	669	900	724	729	900	661	720	1140	804	491	780	660	900	674	
halfCoverageTime--------------	136854.0	136605.0	139770.0	143406.0	71177.0	65337.0	2534.0	75694.0	154021.0	144122.0	71134.0	139729.0	136108.0	136876.0	136464.0	136080.0	1884.0	136864.0	71111.0	71226.0	56234.0	137048.0	134484.0	71283.0	136323.0	134580.0	139408.0	136924.0	128650.0	1889.0	71335.0	75588.0	136392.0	2597.0	145216.0	134502.0	136387.0	136936.0	128762.0	56186.0	75640.0	138984.0	139052.0	75688.0	128844.0	137152.0	1445.0	75562.0	1879.0	142903.0	71122.0	56198.0	137016.0	71221.0	71140.0	148115.0	137117.0	136549.0	75768.0	146328.0	74197.0	1856.0	65317.0	56142.0	74144.0	1796.0	65386.0	148213.0	60648.0	134422.0	71128.0	136312.0	227309.0	136896.0	139818.0	2582.0	74149.0	75603.0	155891.0	143370.0	137096.0	136978.0	145922.0	139136.0	60610.0	19618.0	128868.0	71150.0	128804.0	71156.0	19724.0	128784.0	19654.0	720.0	1894.0	144111.0	134428.0	19676.0	136334.0	136048.0	
numberOfPoint-----------------	1	1	1	1	1	1	1	1	1	1	1	1	1	1	1	1	1	1	1	1	1	1	1	1	1	1	1	1	1	1	1	1	1	1	1	1	1	1	1	1	1	1	1	1	1	1	1	1	1	1	2	3	2	5	3	1	2	2	2	1	2	3	2	2	3	4	3	2	3	3	2	2	2	2	2	3	3	1	2	2	2	1	2	3	2	3	3	2	3	2	2	3	3	3	3	2	3	3	3	4	
standardDeviation-------------	.0	.0	.0	.0	.0	.0	.0	.0	.0	.0	.0	.0	.0	.0	.0	.0	.0	.0	.0	.0	.0	.0	.0	.0	.0	.0	.0	.0	.0	.0	.0	.0	.0	.0	.0	.0	.0	.0	.0	.0	.0	.0	.0	.0	.0	.0	.0	.0	.0	.0	5.19	7.85	5.09	10.71	9.98	.54	6.33	4.16	5.72	.22	7.27	6.51	6.03	7.96	9.34	7.63	8.39	5.74	8.19	8.08	6.68	4.94	4.49	5.48	7.78	8.8	8.9	1.44	5.96	8.33	7.92	.61	5.65	9.34	7.2	8.81	7.5	6.37	7.13	6.96	6.24	9.4	7.97	9.14	6.8	8.53	7.08	8.29	8.11	10.69	
initialCoverageValue----------	360	360	360	360	360	360	360	360	360	360	360	360	360	360	360	360	360	360	360	360	360	360	360	360	360	360	360	360	360	360	360	360	360	360	360	360	360	360	360	360	360	360	360	360	360	360	360	360	360	360	360	360	360	360	360	357	360	360	360	360	360	360	360	360	360	360	360	360	360	360	360	360	360	360	360	360	360	360	360	360	360	360	360	360	360	360	360	360	360	360	360	360	360	360	360	360	360	360	360	360	
initialRedundantCoverageValue-	3060	2220	2400	1980	2340	2160	2520	2760	2700	1560	2040	2160	2160	2100	1860	2040	2160	2160	2160	2400	2640	2100	1980	2820	2640	2220	2880	2460	2340	3240	2100	2160	2340	2580	2580	2580	1980	3180	2460	1920	2160	2580	2160	2100	2460	2100	3540	2220	2700	2520	2040	2220	1620	2580	2700	1143	2880	2760	3240	2100	2100	2940	2940	1920	2160	2760	2760	2520	2820	2040	2880	2340	1800	2640	2220	2880	3120	2280	2400	2280	2100	2880	2580	2640	1740	2940	1980	2520	2640	2280	2580	2100	2520	3360	2580	2880	2520	2160	2940	2100	
additionalPoiTime-------------	327602.1
algorithmTime-----------------	8.6152488256E9
serverTime--------------------	780005.0
Total Transferred Metadata----	8972

Photo List Size: 1786
Gained Coverage %-------------	0.9499680528932967
Gained Redundancy %-----------	0.2905836569438758
Total Cluster Created---------	0
Total Transferred Photo-------	26077
Total Photo at Destination----	1786
Coverage Group----------------	1-30	31-60	61-90	91-120	121-150	151-180	181-210	211-240	241-270	271-300	301-330	331-360	
Coverage Distribution---------	0	0	0	0	0	0	0	2	2	6	10	80	
Ratio Group-------------------	.0	.1	.2	.3	.4	.5	.6	.7	.8	.9	1.0	
Coverage Ratio----------------	0	0	0	0	0	0	0	2	3	13	82	
Redundant Ratio---------------	0	0	18	33	41	8	0	0	0	0	0	
NumberOfPoint Group-----------	0	1	2	3	4	5	
NumOfPoint Distribution-------	0	4	23	20	2	1	
SD Group----------------------	0-1	1-2	2-3	3-4	4-5	5-6	6-7	7-8	8-9	9-10	10-11	
SD Distribution---------------	53	1	0	0	3	7	8	11	10	5	2	
Half Coverage Group-----------	0-33750	33750-67500	67500-101250	101250-135000	135000-168750	168750-202500	202500-236250	236250-270000	270000-303750	303750-337500	337500-371250	
Half Cvg Time Distribution----	15	9	22	11	42	0	1	0	0	0	0	
Transferred Photo Group-------	0-33750	33750-67500	67500-101250	101250-135000	135000-168750	168750-202500	202500-236250	236250-270000	270000-303750	303750-337500	337500-371250	
Photo Time Distribution-------	4206	8988	5674	655	34623	4085	8636	4024	56	2804	0	

Cvg&Red Distribution----------	0.0	2.0	33750.0	67500.0	135000.0	270000.0	168750.0	337500.0	101250.0	202500.0	303750.0	236250.0	
Average PhotoNum--------------	51.05154639175258	51.05154639175258	57.618556701030926	67.8659793814433	79.49484536082474	143.41237113402062	128.96907216494844	148.31958762886597	77.22680412371135	132.50515463917526	143.41237113402062	140.05154639175257	
Nodes Above Average-----------	50	50	41	23	22	58	54	61	21	54	58	56	
Nodes Below Average-----------	47	47	56	74	75	39	43	36	76	43	39	41	

Average Coverage--------------	2929.0	2929.0	3259.6907216494847	3761.257731958763	4335.639175257732	7502.505154639175	6785.350515463918	7741.371134020618	4220.896907216495	6964.350515463918	7502.546391752578	7336.030927835051	
Nodes Above Average-----------	52	52	38	26	23	59	54	62	22	54	59	58	
Nodes Below Average-----------	45	45	59	71	74	38	43	35	75	43	38	39	
Photos Above Average----------	61	61	79	121	172	193	184	194	168	188	193	191	
Photos Below Average----------	38	38	43	48	50	66	58	67	50	62	66	63	
Network Coverage--------------	35997	35997	35997	35997	35997	35997	35997	35997	35997	35997	35997	35997	

Average Redundancy------------	134.09278350515464	134.09278350515464	197.42268041237114	310.70103092783506	434.0515463917526	1102.2371134020618	952.7938144329897	1157.8041237113403	412.7113402061856	985.9587628865979	1102.1958762886597	1067.0618556701031	
Nodes Above Average-----------	45	45	28	23	23	55	46	59	22	46	55	54	
Nodes Below Average-----------	52	52	69	74	74	42	51	38	75	51	42	43	
Photos Above Average----------	59	59	84	127	172	195	192	195	167	195	195	194	
Photos Below Average----------	43	43	46	49	50	75	71	74	50	75	75	71	
Network Redundancy------------	261123	261123	299343	358983	426663	798663	714603	827223	413463	735183	798663	779103	

