Message stats for scenario K_2-Photo_5000-Scenario_4-ActualPOI_50
sim_time: 337500.0000

Photo List Size: 6341
coverageValue-----------------	349	346	360	360	360	343	331	360	360	360	360	360	360	360	360	360	360	360	360	360	360	332	360	360	338	353	360	360	360	360	360	354	360	342	357	360	360	360	360	360	360	360	351	360	360	360	360	360	360	360	360	360	339	360	360	360	356	360	360	360	360	357	360	360	344	360	360	353	355	360	360	318	346	359	360	360	360	351	323	360	360	314	354	360	360	360	360	354	360	360	360	354	360	360	360	360	360	360	354	360	
redundantCoverageValue--------	311	434	420	240	480	317	449	360	180	360	360	240	420	480	300	300	240	240	240	420	300	148	540	480	382	367	360	300	360	300	420	426	240	378	423	360	540	300	420	300	240	360	249	240	240	360	240	360	360	420	840	780	681	840	780	720	784	840	900	1140	720	723	660	1500	616	720	840	547	905	960	480	1002	554	841	1080	1140	840	429	817	1080	1080	466	966	660	780	660	840	486	660	1080	660	486	480	840	900	1200	960	600	606	780	
halfCoverageTime--------------	137448.0	137437.0	71346.0	65375.0	134574.0	134580.0	74213.0	74177.0	2612.0	136042.0	128778.0	134439.0	137170.0	75635.0	138978.0	75773.0	71161.0	74166.0	143416.0	139034.0	136016.0	136941.0	136114.0	142818.0	134422.0	71140.0	136514.0	128620.0	71182.0	139088.0	136037.0	65271.0	75593.0	136957.0	136504.0	136331.0	138346.0	75716.0	71278.0	57110.0	75662.0	65291.0	136657.0	148034.0	139424.0	128856.0	142834.0	1522.0	141880.0	71116.0	2528.0	136864.0	56154.0	139510.0	137372.0	128768.0	134514.0	1914.0	71294.0	128816.0	128726.0	2592.0	75573.0	1624.0	136390.0	56234.0	71156.0	804.0	56246.0	75683.0	137420.0	74154.0	71324.0	65296.0	139046.0	56170.0	75603.0	60660.0	139676.0	19806.0	75672.0	137432.0	71172.0	1588.0	136662.0	139660.0	136919.0	56180.0	136074.0	1752.0	56192.0	56165.0	57008.0	19736.0	75763.0	19782.0	19676.0	75578.0	19765.0	56229.0	
numberOfPoint-----------------	1	1	1	1	1	1	1	1	1	1	1	1	1	1	1	1	1	1	1	1	1	1	1	1	1	1	1	1	1	1	1	1	1	1	1	1	1	1	1	1	1	1	1	1	1	1	1	1	1	1	4	3	5	4	3	6	3	4	5	4	3	3	3	5	3	3	3	3	3	3	4	4	3	4	4	4	3	1	3	4	4	2	5	3	4	3	4	4	2	5	3	2	2	4	5	5	4	5	3	5	
standardDeviation-------------	.0	.0	.0	.0	.0	.0	.0	.0	.0	.0	.0	.0	.0	.0	.0	.0	.0	.0	.0	.0	.0	.0	.0	.0	.0	.0	.0	.0	.0	.0	.0	.0	.0	.0	.0	.0	.0	.0	.0	.0	.0	.0	.0	.0	.0	.0	.0	.0	.0	.0	9.55	8.83	10.27	10.49	6.94	10.57	7.5	7.7	10.39	9.62	8.08	6.13	6.69	8.99	7.96	8.6	6.69	9.26	7.07	6.45	10.44	7.83	7.01	9.05	9.85	8.26	8.14	.2	7.86	9.15	8.87	9.38	9.39	8.5	8.24	9.98	10.37	9.51	5.16	9.24	8.33	4.86	5.5	7.93	9.52	9.75	9.37	10.26	8.06	8.98	
initialCoverageValue----------	360	360	360	360	360	360	360	360	360	360	360	360	360	360	360	360	360	360	360	360	360	360	360	360	360	360	360	360	360	360	360	360	360	360	360	360	360	360	360	360	360	360	360	360	360	360	360	360	360	360	360	360	360	360	360	360	360	360	360	360	360	360	360	360	360	360	360	360	360	360	360	360	360	360	360	360	360	360	360	360	360	360	360	360	360	360	360	360	360	360	360	360	360	360	360	360	360	360	360	360	
initialRedundantCoverageValue-	2520	1980	3300	3060	2640	2220	2460	2400	1980	3240	2340	2820	2100	2400	2700	2160	3000	2340	2580	3060	2520	1680	1920	1920	2520	2520	2580	2460	2820	1860	2280	2340	1980	2220	2040	2460	1800	3120	1500	2160	2160	2700	2400	3000	2520	2820	2280	2820	1860	2760	2220	2760	2220	2220	1980	2460	2580	2700	3060	2520	2100	2160	1740	3420	2040	2040	2940	2220	2220	2340	1620	3120	2760	2100	2400	3360	2040	2880	1980	3180	2700	2580	2880	2160	2640	2880	2460	2220	2340	2760	1740	2700	2520	1560	2160	2460	3480	2100	2280	2760	
additionalPoiTime-------------	1.033038622E8
algorithmTime-----------------	1.498077603E8
serverTime--------------------	7176046.0
Total Transferred Metadata----	15329

Photo List Size: 6341
Gained Coverage %-------------	0.9890833333333333
Gained Redundancy %-----------	0.23415683382497543
Total Cluster Created---------	50
Total Transferred Photo-------	17574
Total Photo at Destination----	1564
Coverage Group----------------	1-30	31-60	61-90	91-120	121-150	151-180	181-210	211-240	241-270	271-300	301-330	331-360	
Coverage Distribution---------	0	0	0	0	0	0	0	0	0	0	3	97	
Ratio Group-------------------	.0	.1	.2	.3	.4	.5	.6	.7	.8	.9	1.0	
Coverage Ratio----------------	0	0	0	0	0	0	0	0	0	3	97	
Redundant Ratio---------------	0	9	39	21	20	10	1	0	0	0	0	
NumberOfPoint Group-----------	0	1	2	3	4	5	6	
NumOfPoint Distribution-------	0	1	4	19	16	9	1	
SD Group----------------------	0-1	1-2	2-3	3-4	4-5	5-6	6-7	7-8	8-9	9-10	10-11	
SD Distribution---------------	51	0	0	0	1	2	5	8	12	14	7	
Half Coverage Group-----------	0-33750	33750-67500	67500-101250	101250-135000	135000-168750	168750-202500	202500-236250	236250-270000	270000-303750	303750-337500	337500-371250	
Half Cvg Time Distribution----	14	15	25	11	35	0	0	0	0	0	0	
Transferred Photo Group-------	0-33750	33750-67500	67500-101250	101250-135000	135000-168750	168750-202500	202500-236250	236250-270000	270000-303750	303750-337500	337500-371250	
Photo Time Distribution-------	3517	7621	3389	266	34925	1944	5611	1886	0	171	0	

Cvg&Red Distribution----------	0.0	2.0	33750.0	67500.0	135000.0	270000.0	168750.0	337500.0	101250.0	202500.0	303750.0	236250.0	
Average PhotoNum--------------	51.05154639175258	51.05154639175258	54.30927835051546	64.87628865979381	72.4020618556701	121.30927835051547	115.51546391752578	118.88659793814433	71.6701030927835	116.11340206185567	121.30927835051547	119.57731958762886	
Nodes Above Average-----------	50	50	43	23	21	51	47	51	23	49	51	50	
Nodes Below Average-----------	47	47	54	74	76	46	50	46	74	48	46	47	

Average Coverage--------------	2930.443298969072	2930.443298969072	3084.175257731959	3611.7319587628867	3980.144329896907	6399.721649484536	6095.19587628866	6284.01030927835	3948.020618556701	6119.618556701031	6399.721649484536	6292.494845360825	
Nodes Above Average-----------	52	52	47	28	26	52	50	51	26	51	52	52	
Nodes Below Average-----------	45	45	50	69	71	45	47	46	71	46	45	45	
Photos Above Average----------	61	61	68	110	141	174	171	171	138	171	174	174	
Photos Below Average----------	38	38	40	46	47	60	55	60	47	55	60	56	
Network Coverage--------------	36000	36000	36000	36000	36000	36000	36000	36000	36000	36000	36000	36000	

Average Redundancy------------	132.64948453608247	132.64948453608247	174.38144329896906	280.8453608247423	363.97938144329896	878.8350515463917	835.7319587628866	849.1855670103092	352.1855670103093	847.1855670103092	878.8350515463917	882.1443298969073	
Nodes Above Average-----------	42	42	27	17	19	46	42	46	19	42	46	45	
Nodes Below Average-----------	55	55	70	80	78	51	55	51	78	55	51	52	
Photos Above Average----------	58	58	74	137	167	179	180	176	163	181	179	181	
Photos Below Average----------	45	45	46	49	49	68	66	67	49	66	68	65	
Network Redundancy------------	261120	261120	280080	341580	385380	670020	636300	655920	381120	639780	670020	659940	

