Message stats for scenario K_2-Photo_5000-Scenario_5-ActualPOI_50
sim_time: 337500.0000

Photo List Size: 6392
coverageValue-----------------	360	360	358	360	360	346	360	358	360	360	360	360	360	360	360	360	360	360	360	352	360	352	359	344	360	360	360	360	360	360	345	360	360	360	360	360	341	360	360	355	360	360	360	360	360	360	331	360	360	360	342	357	360	360	360	341	356	360	360	353	353	360	315	359	350	360	360	353	316	360	360	352	360	360	360	360	360	360	360	343	338	360	360	360	355	360	360	359	322	360	360	360	360	360	360	360	360	360	360	357	
redundantCoverageValue--------	240	300	302	240	240	374	540	422	300	360	120	420	480	660	420	420	240	240	360	368	240	128	421	376	360	240	420	360	300	240	195	540	240	480	360	300	379	360	420	305	300	420	540	300	420	360	389	300	180	360	858	603	780	720	720	379	724	660	780	667	847	960	645	661	610	720	780	427	224	540	360	848	780	840	1140	420	360	480	780	617	742	960	840	960	545	660	600	721	578	900	780	720	900	900	900	1080	900	660	960	903	
halfCoverageTime--------------	128822.0	128662.0	136876.0	134626.0	134456.0	136994.0	141886.0	128602.0	145116.0	75700.0	65322.0	136362.0	75778.0	71335.0	137372.0	136636.0	74122.0	75598.0	128690.0	136646.0	74187.0	75588.0	136914.0	128696.0	75573.0	136492.0	142864.0	60660.0	139119.0	71300.0	143431.0	75657.0	136445.0	71272.0	139757.0	141962.0	136919.0	136126.0	137092.0	136477.0	71278.0	137420.0	134428.0	128856.0	65364.0	136524.0	168896.0	134502.0	137032.0	75688.0	1826.0	19794.0	143380.0	74192.0	74154.0	75784.0	75640.0	139414.0	56170.0	137437.0	134541.0	65281.0	136930.0	2587.0	145810.0	139130.0	136546.0	1796.0	137408.0	136487.0	56180.0	1808.0	136482.0	136326.0	74182.0	138972.0	139052.0	19782.0	134514.0	138288.0	154052.0	136351.0	2552.0	56234.0	1884.0	74149.0	136908.0	19618.0	137115.0	56218.0	136618.0	75630.0	1868.0	137130.0	71340.0	75773.0	128714.0	65307.0	1814.0	75722.0	
numberOfPoint-----------------	1	1	1	1	1	1	1	1	1	1	1	1	1	1	1	1	1	1	1	1	1	1	1	1	1	1	1	1	1	1	1	1	1	1	1	1	1	1	1	1	1	1	1	1	1	1	1	1	1	1	4	4	3	2	4	3	3	4	5	4	5	4	4	4	4	4	4	1	3	2	2	3	3	4	4	2	3	3	4	4	4	4	4	3	3	4	3	3	3	4	4	3	5	3	5	5	5	3	4	4	
standardDeviation-------------	.0	.0	.0	.0	.0	.0	.0	.0	.0	.0	.0	.0	.0	.0	.0	.0	.0	.0	.0	.0	.0	.0	.0	.0	.0	.0	.0	.0	.0	.0	.0	.0	.0	.0	.0	.0	.0	.0	.0	.0	.0	.0	.0	.0	.0	.0	.0	.0	.0	.0	7.86	8.48	6.25	5.65	8.92	9.02	6.5	8.89	10.05	10.11	9.71	9.22	8.37	8.2	9.36	9.15	9.29	1.53	8.6	5.34	5.8	9.43	7.23	9.33	7.68	6.19	8.05	7.64	8.7	9.11	8.89	9.08	9.52	7.11	8.67	10.28	7.33	7.57	7.55	8.58	9.91	8.3	9.26	8.03	11.45	10.14	9.29	7.22	9.08	8.8	
initialCoverageValue----------	360	360	360	360	360	360	360	360	360	360	360	360	360	360	360	360	360	360	360	360	360	360	360	360	360	360	360	360	360	360	360	360	360	360	360	360	360	360	360	360	360	360	360	360	360	360	360	360	360	360	360	360	360	360	360	360	360	360	360	360	360	360	360	360	360	360	360	360	360	360	360	360	360	360	360	360	360	360	360	360	360	360	360	360	360	360	360	360	360	360	360	360	360	360	360	360	360	360	360	360	
initialRedundantCoverageValue-	2400	3000	2100	1980	3120	2940	1980	2520	2280	2940	2520	2940	2040	2700	2880	3300	2100	2880	2400	1980	2280	2280	2640	2340	2520	2820	2700	2460	2400	2940	2280	1860	2340	2520	2940	2220	2160	2700	2520	1560	2040	2460	2400	1800	2580	2340	2220	2760	2460	2760	2640	2040	2220	2220	2160	2040	1860	1860	2400	2400	2340	2760	2280	3000	2760	1920	2400	1860	1620	2160	2280	2700	2520	2460	3360	1740	2100	2760	2460	2340	2760	2640	2880	2640	2220	2160	1980	2700	1980	2280	2220	2220	2580	3060	2460	3000	2640	2940	2400	1920	
additionalPoiTime-------------	0.0
algorithmTime-----------------	1.407597023E8
serverTime--------------------	7176046.0
Total Transferred Metadata----	15329

Photo List Size: 6392
Gained Coverage %-------------	0.9895
Gained Redundancy %-----------	0.22015331355093967
Total Cluster Created---------	50
Total Transferred Photo-------	17443
Total Photo at Destination----	1497
Coverage Group----------------	1-30	31-60	61-90	91-120	121-150	151-180	181-210	211-240	241-270	271-300	301-330	331-360	
Coverage Distribution---------	0	0	0	0	0	0	0	0	0	0	3	97	
Ratio Group-------------------	.0	.1	.2	.3	.4	.5	.6	.7	.8	.9	1.0	
Coverage Ratio----------------	0	0	0	0	0	0	0	0	0	3	97	
Redundant Ratio---------------	0	10	40	21	28	1	0	0	0	0	0	
NumberOfPoint Group-----------	0	1	2	3	4	5	
NumOfPoint Distribution-------	0	1	4	16	23	6	
SD Group----------------------	0-1	1-2	2-3	3-4	4-5	5-6	6-7	7-8	8-9	9-10	10-11	11-12	
SD Distribution---------------	50	1	0	0	0	3	3	9	14	15	4	1	
Half Coverage Group-----------	0-33750	33750-67500	67500-101250	101250-135000	135000-168750	168750-202500	202500-236250	236250-270000	270000-303750	303750-337500	337500-371250	
Half Cvg Time Distribution----	11	9	23	13	43	1	0	0	0	0	0	
Transferred Photo Group-------	0-33750	33750-67500	67500-101250	101250-135000	135000-168750	168750-202500	202500-236250	236250-270000	270000-303750	303750-337500	337500-371250	
Photo Time Distribution-------	3356	5499	3199	195	34938	1963	5719	1916	0	169	0	

Cvg&Red Distribution----------	0.0	2.0	33750.0	67500.0	135000.0	270000.0	168750.0	337500.0	101250.0	202500.0	303750.0	236250.0	
Average PhotoNum--------------	51.05154639175258	51.05154639175258	54.103092783505154	64.68041237113403	72.41237113402062	122.27835051546391	116.42268041237114	120.01030927835052	71.49484536082474	116.84536082474227	122.27835051546391	120.41237113402062	
Nodes Above Average-----------	50	50	43	23	21	51	48	50	23	49	51	51	
Nodes Below Average-----------	47	47	54	74	76	46	49	47	74	48	46	46	

Average Coverage--------------	2923.8350515463917	2923.8350515463917	3076.1546391752577	3593.958762886598	3954.4123711340208	6432.546391752578	6133.845360824742	6324.0	3914.680412371134	6159.422680412371	6432.546391752578	6338.742268041237	
Nodes Above Average-----------	51	51	46	30	23	53	50	52	26	50	53	53	
Nodes Below Average-----------	46	46	51	67	74	44	47	45	71	47	44	44	
Photos Above Average----------	61	61	68	106	151	174	172	172	138	173	174	174	
Photos Below Average----------	39	39	40	45	47	59	56	59	46	56	59	55	
Network Coverage--------------	36000	36000	36000	36000	36000	35998	36000	35998	36000	35998	35998	35998	

Average Redundancy------------	139.2577319587629	139.2577319587629	170.03092783505156	286.8659793814433	390.3298969072165	904.1546391752578	851.5154639175257	876.6185567010309	375.0103092783505	851.2989690721649	904.1546391752578	886.0	
Nodes Above Average-----------	42	42	32	16	21	45	41	45	21	41	45	44	
Nodes Below Average-----------	55	55	65	81	76	52	56	52	76	56	52	53	
Photos Above Average----------	59	59	71	142	158	182	183	179	154	182	182	183	
Photos Below Average----------	44	44	45	49	48	70	67	68	48	68	70	67	
Network Redundancy------------	261120	261120	278880	340440	385440	675662	641580	662462	380100	644042	675662	664802	

