Message stats for scenario Photo_5000-Scenario_6-ActualPOI_50-K_2
sim_time: 337500.0000

Photo List Size: 1781
coverageValue-----------------	360	335	360	333	293	344	327	340	360	352	360	349	349	360	342	345	329	358	284	360	314	358	340	349	324	331	360	334	344	360	354	314	346	358	360	358	276	339	360	346	345	360	320	319	360	314	359	342	360	360	341	353	352	356	345	304	346	360	346	360	342	360	319	360	353	350	356	360	301	360	360	324	360	360	360	341	307	328	322	360	360	359	242	339	336	339	360	360	357	357	360	336	357	360	301	357	359	304	360	350	
redundantCoverageValue--------	720	445	660	867	427	556	753	620	840	728	420	491	791	900	858	615	931	482	556	540	766	842	860	371	636	629	840	446	736	600	726	526	674	782	780	662	384	441	900	674	795	600	460	461	840	526	841	978	1080	720	619	667	788	604	435	296	854	1080	434	660	858	840	641	1140	667	610	1024	1020	479	780	720	456	780	1260	900	319	473	812	518	1320	1080	721	358	741	624	441	1020	1020	783	723	540	684	603	840	359	603	661	716	840	490	
halfCoverageTime--------------	137016.0	142802.0	75588.0	128656.0	146897.0	71106.0	134546.0	136053.0	134536.0	71116.0	134568.0	136398.0	134450.0	134530.0	71150.0	1808.0	19748.0	136605.0	71272.0	75753.0	143360.0	1775.0	128833.0	74230.0	56213.0	136504.0	136126.0	136464.0	65370.0	75700.0	19670.0	128662.0	65271.0	19760.0	60627.0	128650.0	134621.0	136256.0	139434.0	137043.0	134580.0	19754.0	139854.0	137464.0	74235.0	139803.0	145116.0	19636.0	756.0	1450.0	75598.0	136492.0	19694.0	136349.0	60607.0	145078.0	137011.0	2534.0	65337.0	136080.0	71226.0	71122.0	71210.0	57111.0	139670.0	139798.0	774.0	60597.0	145890.0	1889.0	71241.0	75758.0	136382.0	1879.0	139077.0	145932.0	145029.0	74192.0	65307.0	136032.0	74208.0	136630.0	144038.0	128738.0	71221.0	136027.0	75613.0	75640.0	139645.0	136572.0	139456.0	136069.0	136064.0	1642.0	148094.0	136988.0	1588.0	145201.0	134604.0	128696.0	
numberOfPoint-----------------	1	1	1	1	1	1	1	1	1	1	1	1	1	1	1	1	1	1	1	1	1	1	1	1	1	1	1	1	1	1	1	1	1	1	1	1	1	1	1	1	1	1	1	1	1	1	1	1	1	1	4	2	3	2	2	2	1	2	2	2	3	2	1	2	3	2	3	3	3	2	2	2	2	3	3	3	2	3	2	1	3	2	2	2	3	2	1	2	3	2	2	3	2	4	2	3	2	4	3	3	
standardDeviation-------------	.0	.0	.0	.0	.0	.0	.0	.0	.0	.0	.0	.0	.0	.0	.0	.0	.0	.0	.0	.0	.0	.0	.0	.0	.0	.0	.0	.0	.0	.0	.0	.0	.0	.0	.0	.0	.0	.0	.0	.0	.0	.0	.0	.0	.0	.0	.0	.0	.0	.0	10.84	5.04	8.03	7.95	5.21	5.72	.36	8.6	5.69	6.56	9.6	5.33	.45	6.08	9.44	10.93	8.35	5.97	8.73	6.21	7.54	6.82	4.68	8.82	6.56	7.8	5.26	11.01	6.1	.2	8.42	4.77	7.89	6.19	7.58	5.02	1.41	9.51	9.73	5.71	8.06	8.71	5.84	10.44	6.48	7.8	7.92	8.95	6.57	9.15	
initialCoverageValue----------	360	360	360	360	360	360	360	360	360	360	360	360	360	360	360	360	360	360	360	360	360	360	360	360	360	360	360	360	360	360	360	360	360	360	360	360	360	360	360	360	360	360	360	360	360	360	360	355	360	360	360	360	360	360	360	360	360	360	360	360	360	360	360	360	360	360	360	360	360	360	360	360	360	360	360	360	360	360	360	360	360	360	360	360	360	360	360	360	360	360	360	360	360	360	360	360	360	360	360	360	
initialRedundantCoverageValue-	2460	2460	2400	3000	2400	2280	2820	2100	2340	2460	2520	2520	2700	2460	3240	1800	3000	2220	2280	2520	2460	2940	2580	1620	2340	1860	2400	2280	2700	2580	2580	1920	2940	2520	2460	2160	2520	2160	2580	2460	2580	2040	2280	1980	3240	1740	2580	2225	2400	2040	2580	2160	2400	2460	1860	2160	2220	2580	2100	2460	2340	2220	2580	3000	2220	2220	3000	2520	1500	2040	2400	2400	2400	2520	2760	2100	2280	3240	2220	3180	2760	1980	2220	2220	2520	2640	2760	2880	2580	2220	2700	2940	2040	2700	1860	1980	2100	2340	2340	2400	
additionalPoiTime-------------	343202.2
algorithmTime-----------------	5.9164471257E9
serverTime--------------------	811205.2
Total Transferred Metadata----	8973

Photo List Size: 1781
Gained Coverage %-------------	0.9529934713154605
Gained Redundancy %-----------	0.2885833212532875
Total Cluster Created---------	0
Total Transferred Photo-------	26070
Total Photo at Destination----	1781
Coverage Group----------------	1-30	31-60	61-90	91-120	121-150	151-180	181-210	211-240	241-270	271-300	301-330	331-360	
Coverage Distribution---------	0	0	0	0	0	0	0	0	1	3	17	79	
Ratio Group-------------------	.0	.1	.2	.3	.4	.5	.6	.7	.8	.9	1.0	
Coverage Ratio----------------	0	0	0	0	0	0	0	1	2	15	82	
Redundant Ratio---------------	0	0	13	41	40	6	0	0	0	0	0	
NumberOfPoint Group-----------	0	1	2	3	4	
NumOfPoint Distribution-------	0	4	26	17	3	
SD Group----------------------	0-1	1-2	2-3	3-4	4-5	5-6	6-7	7-8	8-9	9-10	10-11	11-12	
SD Distribution---------------	53	1	0	0	2	10	9	7	9	5	3	1	
Half Coverage Group-----------	0-33750	33750-67500	67500-101250	101250-135000	135000-168750	168750-202500	202500-236250	236250-270000	270000-303750	303750-337500	337500-371250	
Half Cvg Time Distribution----	16	9	20	14	41	0	0	0	0	0	0	
Transferred Photo Group-------	0-33750	33750-67500	67500-101250	101250-135000	135000-168750	168750-202500	202500-236250	236250-270000	270000-303750	303750-337500	337500-371250	
Photo Time Distribution-------	4206	9119	5676	655	34676	4089	8609	4001	56	2785	0	

Cvg&Red Distribution----------	0.0	2.0	33750.0	67500.0	135000.0	270000.0	168750.0	337500.0	101250.0	202500.0	303750.0	236250.0	
Average PhotoNum--------------	51.05154639175258	51.05154639175258	57.618556701030926	67.82474226804123	79.45360824742268	143.340206185567	128.94845360824743	148.2577319587629	77.18556701030928	132.4742268041237	143.340206185567	140.02061855670104	
Nodes Above Average-----------	50	50	41	23	22	58	54	60	21	54	58	56	
Nodes Below Average-----------	47	47	56	74	75	39	43	37	76	43	39	41	

Average Coverage--------------	2937.8041237113403	2937.8041237113403	3266.8762886597938	3758.639175257732	4328.216494845361	7437.18556701031	6761.907216494846	7665.0	4226.0	6926.876288659794	7435.515463917526	7279.216494845361	
Nodes Above Average-----------	51	51	40	25	23	58	54	61	22	54	58	57	
Nodes Below Average-----------	46	46	57	72	74	39	43	36	75	43	39	40	
Photos Above Average----------	61	61	78	124	172	194	184	195	168	188	194	192	
Photos Below Average----------	39	39	42	48	50	68	59	69	50	62	68	65	
Network Coverage--------------	35995	35995	35995	35995	35994	35994	35994	35991	35994	35994	35991	35994	

Average Redundancy------------	125.28865979381443	125.28865979381443	190.23711340206185	310.8453608247423	439.0	1163.2268041237114	975.0	1230.4639175257732	405.1340206185567	1021.5773195876288	1164.8969072164948	1122.020618556701	
Nodes Above Average-----------	44	44	30	15	21	56	52	57	21	52	56	55	
Nodes Below Average-----------	53	53	67	82	76	41	45	40	76	45	41	42	
Photos Above Average----------	61	61	81	158	179	195	186	197	172	190	195	193	
Photos Below Average----------	42	42	46	51	51	72	62	77	50	65	72	69	
Network Redundancy------------	261125	261125	299345	358745	426426	798246	714486	826869	413226	735006	798249	778926	

