Message stats for scenario K_2-Photo_5000-Scenario_8-ActualPOI_50
sim_time: 337500.0000

Photo List Size: 1722
coverageValue-----------------	360	360	360	352	357	359	360	351	359	360	360	360	360	343	360	360	353	360	360	360	342	360	359	360	336	349	360	360	360	360	360	360	360	360	360	360	360	360	351	360	360	360	360	360	360	347	360	360	360	360	287	316	220	286	321	353	269	157	274	169	322	248	285	202	284	226	304	128	256	250	314	231	268	276	348	60	287	270	170	308	263	301	148	250	180	157	301	180	183	298	241	304	282	277	201	224	290	167	167	300	
redundantCoverageValue--------	1020	780	1080	788	1143	1201	1500	1209	961	960	1080	780	900	1817	1500	1380	847	1500	1080	1620	798	1440	961	1440	924	971	1440	1380	960	1380	2040	1260	1380	1860	1320	1740	1140	1560	969	960	1680	720	1320	1620	960	613	1620	900	1560	1080	133	284	200	314	339	487	211	23	266	71	98	172	195	218	196	134	116	472	104	110	286	69	152	24	312	0	373	90	70	172	37	119	32	110	0	83	59	240	57	182	239	356	258	143	99	76	250	73	133	240	
halfCoverageTime--------------	134519.0	75662.0	136667.0	75608.0	2552.0	71251.0	128822.0	71128.0	134502.0	136096.0	144882.0	75613.0	134536.0	65327.0	75694.0	71324.0	136114.0	141946.0	134530.0	75652.0	137382.0	65391.0	71318.0	65353.0	71246.0	65348.0	71241.0	75700.0	1516.0	75722.0	136120.0	136058.0	75743.0	128756.0	136530.0	71221.0	75646.0	75728.0	128614.0	71226.0	690.0	136618.0	128778.0	19816.0	65364.0	145206.0	136126.0	128784.0	56142.0	56175.0	145789.0	128804.0	227309.0	144100.0	1552.0	134434.0	168947.0	.0	158008.0	.0	156560.0	239390.0	128816.0	65291.0	139786.0	141973.0	154427.0	.0	139635.0	145062.0	137458.0	154438.0	137453.0	2540.0	75678.0	.0	141936.0	239322.0	.0	146382.0	139482.0	139136.0	.0	148074.0	156724.0	.0	139838.0	239088.0	238637.0	141901.0	227380.0	149866.0	139650.0	139082.0	146688.0	239327.0	139162.0	.0	.0	153880.0	
numberOfPoint-----------------	1	1	1	1	1	1	1	1	1	1	1	1	1	1	1	1	1	1	1	1	1	1	1	1	1	1	1	1	1	1	1	1	1	1	1	1	1	1	1	1	1	1	1	1	1	1	1	1	1	1	1	2	2	2	3	1	3	1	1	1	2	2	3	2	2	1	2	3	1	2	2	2	2	1	3	1	2	2	1	1	1	2	1	2	2	2	1	2	2	1	1	2	3	2	1	1	3	1	1	3	
standardDeviation-------------	.0	.0	.0	.0	.0	.0	.0	.0	.0	.0	.0	.0	.0	.0	.0	.0	.0	.0	.0	.0	.0	.0	.0	.0	.0	.0	.0	.0	.0	.0	.0	.0	.0	.0	.0	.0	.0	.0	.0	.0	.0	.0	.0	.0	.0	.0	.0	.0	.0	.0	1.03	5.9	9.64	5.24	10.23	1.53	10.25	.92	1.3	6.42	5.78	11.18	8.52	6.48	7.98	1.42	5.45	8.79	.41	5.12	5.84	9.42	5.63	3.2	8.32	8.0	9.52	7.48	2.06	.94	2.4	6.02	6.48	5.29	9.23	7.08	1.0	4.69	8.05	2.8	1.61	6.0	8.28	6.83	1.58	1.53	10.52	3.93	.36	7.96	
initialCoverageValue----------	360	360	360	360	360	360	360	360	360	360	360	360	360	360	360	360	360	360	360	360	360	360	360	360	360	360	360	360	360	360	360	360	360	360	360	360	360	360	360	360	360	360	360	360	360	360	360	360	360	360	360	360	360	360	360	360	360	360	360	360	360	360	360	360	360	360	360	360	360	360	360	359	360	360	360	360	360	352	360	360	360	360	360	360	360	360	360	360	360	360	360	360	360	360	360	360	360	360	360	360	
initialRedundantCoverageValue-	2400	1740	2040	2100	2160	2340	2700	2100	2040	2520	2340	1920	1680	2760	2580	2460	2400	2700	1860	2880	2220	2700	2160	2580	2280	2100	2700	2640	2460	2580	3480	2400	2940	2940	2820	2580	2220	2700	2280	2400	2700	1680	2760	2760	2220	1680	3480	2100	3180	2700	2520	2760	2880	2640	2460	2760	2280	2580	2520	2040	2520	2040	2520	2460	2640	2640	2700	2820	3000	1860	3600	1921	2940	1560	2220	2280	2760	1448	2520	2340	2400	2160	2400	2640	2700	1980	2220	2520	2100	2340	3000	2280	2160	2580	2340	1680	2160	2820	2520	2520	
additionalPoiTime-------------	1248008.0
algorithmTime-----------------	2.3384489066426E11
serverTime--------------------	78000.5
Total Transferred Metadata----	7809

Photo List Size: 1722
Gained Coverage %-------------	0.8413492261954377
Gained Redundancy %-----------	0.28543022192703016
Total Cluster Created---------	0
Total Transferred Photo-------	141645
Total Photo at Destination----	1722
Coverage Group----------------	1-30	31-60	61-90	91-120	121-150	151-180	181-210	211-240	241-270	271-300	301-330	331-360	
Coverage Distribution---------	0	1	0	0	2	8	3	4	9	12	9	52	
Ratio Group-------------------	.0	.1	.2	.3	.4	.5	.6	.7	.8	.9	1.0	
Coverage Ratio----------------	0	0	1	0	1	9	3	8	14	12	52	
Redundant Ratio---------------	2	37	11	0	8	17	21	4	0	0	0	
NumberOfPoint Group-----------	0	1	2	3	
NumOfPoint Distribution-------	0	20	22	8	
SD Group----------------------	0-1	1-2	2-3	3-4	4-5	5-6	6-7	7-8	8-9	9-10	10-11	11-12	
SD Distribution---------------	54	8	3	2	1	8	6	4	6	4	3	1	
Half Coverage Group-----------	0-33750	33750-67500	67500-101250	101250-135000	135000-168750	168750-202500	202500-236250	236250-270000	270000-303750	303750-337500	337500-371250	
Half Cvg Time Distribution----	6	8	19	12	38	1	2	5	0	0	0	
Transferred Photo Group-------	0-33750	33750-67500	67500-101250	101250-135000	135000-168750	168750-202500	202500-236250	236250-270000	270000-303750	303750-337500	337500-371250	
Photo Time Distribution-------	230238	267743	117473	11562	205410	20182	33394	23958	2098	15504	0	

Cvg&Red Distribution----------	0.0	2.0	33750.0	67500.0	135000.0	270000.0	168750.0	337500.0	101250.0	202500.0	303750.0	236250.0	
Average PhotoNum--------------	51.05154639175258	51.05154639175258	165.6701030927835	194.70103092783506	197.60824742268042	199.90721649484536	199.8556701030928	199.91752577319588	197.5979381443299	199.8556701030928	199.91752577319588	199.8556701030928	
Nodes Above Average-----------	50	50	67	90	92	95	94	95	92	94	95	94	
Nodes Below Average-----------	47	47	30	7	5	2	3	2	5	3	2	3	

Average Coverage--------------	2929.237113402062	2929.237113402062	7985.896907216495	9205.38144329897	9289.896907216495	9412.123711340206	9410.79381443299	9408.639175257733	9300.907216494845	9434.515463917525	9410.288659793814	9389.762886597939	
Nodes Above Average-----------	48	48	68	71	56	49	49	50	55	49	48	44	
Nodes Below Average-----------	49	49	29	26	41	48	48	47	42	48	49	53	
Photos Above Average----------	62	62	198	200	200	200	200	200	200	200	200	200	
Photos Below Average----------	39	39	89	180	194	199	199	199	194	199	199	199	
Network Coverage--------------	35991	35991	35991	35991	35991	35991	35991	35991	35991	35991	35991	35991	

Average Redundancy------------	133.8556701030928	133.8556701030928	1954.3092783505156	2476.680412371134	2566.59793814433	2582.3092783505153	2580.546391752577	2586.4123711340208	2554.9690721649486	2556.824742268041	2584.762886597938	2601.577319587629	
Nodes Above Average-----------	38	38	64	57	57	47	47	47	54	47	48	53	
Nodes Below Average-----------	59	59	33	40	40	50	50	50	43	50	49	44	
Photos Above Average----------	59	59	199	199	199	199	199	199	199	199	199	199	
Photos Below Average----------	45	45	100	187	195	199	199	199	195	199	199	199	
Network Redundancy------------	261129	261129	928209	1097169	1114089	1127469	1127169	1127529	1114029	1127169	1127529	1127169	

