Message stats for scenario Photo_5000-Scenario_5-ActualPOI_50-K_2
sim_time: 337500.0000

Photo List Size: 4952
coverageValue-----------------	360	322	338	327	315	360	300	360	360	317	308	355	358	312	360	329	360	301	342	356	311	360	307	356	360	348	341	360	350	297	325	360	357	356	360	360	315	316	360	360	360	288	353	349	360	309	360	338	360	360	360	360	327	360	338	360	360	360	318	350	314	360	262	340	360	360	284	348	360	360	346	313	360	354	360	356	360	360	358	348	330	360	360	360	320	321	345	323	360	344	360	303	346	357	351	344	348	360	344	354	
redundantCoverageValue--------	660	518	382	573	525	780	480	900	840	763	472	545	722	588	780	511	780	299	678	544	769	1200	653	424	900	672	679	600	910	603	395	900	483	664	720	720	345	584	720	780	960	432	727	671	1020	411	780	382	1140	780	840	720	513	840	322	1200	1380	780	582	250	646	1200	338	680	840	780	316	492	480	720	554	467	780	966	1020	1144	960	1200	1262	1032	330	1080	1380	960	340	339	795	577	720	976	1200	717	554	843	609	556	792	660	676	546	
halfCoverageTime--------------	65370.0	136902.0	1850.0	141896.0	71177.0	134580.0	143370.0	74208.0	136652.0	136336.0	137372.0	145870.0	71182.0	145890.0	60640.0	65337.0	1516.0	141946.0	65364.0	1558.0	136930.0	128668.0	128738.0	141874.0	57098.0	141906.0	138941.0	75758.0	71100.0	57082.0	139419.0	134484.0	137070.0	144882.0	136022.0	75583.0	148105.0	148110.0	71278.0	75593.0	136558.0	142780.0	136498.0	75562.0	136412.0	139655.0	71267.0	137432.0	1528.0	74177.0	71330.0	134530.0	134502.0	71340.0	74154.0	19800.0	19816.0	136596.0	19612.0	71116.0	74224.0	1758.0	136086.0	128856.0	138978.0	1856.0	239692.0	136418.0	145099.0	65358.0	137048.0	139838.0	74122.0	71351.0	136037.0	56246.0	1722.0	56142.0	19788.0	2552.0	136908.0	1936.0	1884.0	19688.0	134574.0	139098.0	136487.0	19600.0	128844.0	74128.0	1770.0	71324.0	139844.0	19754.0	71198.0	143411.0	128862.0	71283.0	74202.0	71251.0	
numberOfPoint-----------------	1	1	1	1	1	1	1	1	1	1	1	1	1	1	1	1	1	1	1	1	1	1	1	1	1	1	1	1	1	1	1	1	1	1	1	1	1	1	1	1	1	1	1	1	1	1	1	1	1	1	2	3	2	5	5	4	5	5	3	3	3	3	3	4	4	4	4	3	3	5	3	4	3	4	5	3	3	3	3	4	4	4	7	3	1	3	3	3	4	5	4	3	4	2	4	3	4	4	3	3	
standardDeviation-------------	.0	.0	.0	.0	.0	.0	.0	.0	.0	.0	.0	.0	.0	.0	.0	.0	.0	.0	.0	.0	.0	.0	.0	.0	.0	.0	.0	.0	.0	.0	.0	.0	.0	.0	.0	.0	.0	.0	.0	.0	.0	.0	.0	.0	.0	.0	.0	.0	.0	.0	5.04	6.34	5.24	9.78	9.06	7.19	10.51	10.06	5.88	6.42	9.71	7.82	8.52	9.8	8.8	7.75	8.67	5.77	8.37	9.39	8.35	9.62	6.06	7.75	8.83	6.19	6.84	7.34	6.38	10.63	8.99	8.09	10.62	8.5	.82	8.16	6.51	6.51	9.72	8.76	7.93	6.32	8.14	4.34	9.63	6.74	8.73	11.22	8.26	7.54	
initialCoverageValue----------	360	360	360	360	360	360	360	360	360	360	360	360	360	360	360	360	360	346	360	360	360	360	360	360	360	360	360	360	360	360	351	360	360	360	360	360	360	360	360	360	360	360	360	360	360	345	360	360	360	360	360	360	360	360	360	360	360	360	360	360	360	360	360	360	360	360	360	360	360	360	360	360	360	360	360	360	360	360	360	360	359	360	360	360	360	360	360	360	360	360	360	360	360	360	360	359	360	360	360	360	
initialRedundantCoverageValue-	2400	2820	2640	2160	2280	2700	1860	3180	3060	2820	2640	2280	2520	1380	2700	1680	2940	1994	2340	2520	2340	3120	2280	2340	2640	2820	2760	2100	2700	1860	2109	2280	1980	1860	2820	2580	2520	2280	2100	2760	2100	1920	2580	2400	2640	1755	2760	2280	3240	2280	2760	2280	2100	2640	1980	3360	2400	2160	2100	2160	1980	3420	2040	2880	2340	2760	1380	2040	2400	2940	2760	2160	2220	2700	2880	3240	2040	2640	2580	2580	2101	2760	3480	2400	1680	1860	2520	1620	2340	2760	2760	1860	2280	2340	2820	2401	2520	2400	2700	2460	
additionalPoiTime-------------	0.0
algorithmTime-----------------	1.433025186E8
serverTime--------------------	8.12453208E7
Total Transferred Metadata----	15330

Photo List Size: 4952
Gained Coverage %-------------	0.9533370411568409
Gained Redundancy %-----------	0.2933689839572193
Total Cluster Created---------	50
Total Transferred Photo-------	17513
Total Photo at Destination----	1807
Coverage Group----------------	1-30	31-60	61-90	91-120	121-150	151-180	181-210	211-240	241-270	271-300	301-330	331-360	
Coverage Distribution---------	0	0	0	0	0	0	0	0	1	4	23	72	
Ratio Group-------------------	.0	.1	.2	.3	.4	.5	.6	.7	.8	.9	1.0	
Coverage Ratio----------------	0	0	0	0	0	0	0	0	3	20	77	
Redundant Ratio---------------	0	0	14	44	35	6	1	0	0	0	0	
NumberOfPoint Group-----------	0	1	2	3	4	5	6	7	
NumOfPoint Distribution-------	0	1	3	22	16	7	0	1	
SD Group----------------------	0-1	1-2	2-3	3-4	4-5	5-6	6-7	7-8	8-9	9-10	10-11	11-12	
SD Distribution---------------	51	0	0	0	1	4	10	7	14	8	4	1	
Half Coverage Group-----------	0-33750	33750-67500	67500-101250	101250-135000	135000-168750	168750-202500	202500-236250	236250-270000	270000-303750	303750-337500	337500-371250	
Half Cvg Time Distribution----	18	9	24	10	38	0	0	1	0	0	0	
Transferred Photo Group-------	0-33750	33750-67500	67500-101250	101250-135000	135000-168750	168750-202500	202500-236250	236250-270000	270000-303750	303750-337500	337500-371250	
Photo Time Distribution-------	3492	5794	3239	211	35928	2014	5889	1934	0	272	0	

Cvg&Red Distribution----------	0.0	2.0	33750.0	67500.0	135000.0	270000.0	168750.0	337500.0	101250.0	202500.0	303750.0	236250.0	
Average PhotoNum--------------	51.05154639175258	51.05154639175258	54.144329896907216	64.72164948453609	72.38144329896907	121.1340206185567	115.26804123711341	118.29896907216495	71.50515463917526	115.72164948453609	121.1340206185567	119.4639175257732	
Nodes Above Average-----------	50	50	42	23	21	52	48	52	21	50	52	53	
Nodes Below Average-----------	47	47	55	74	76	45	49	45	76	47	45	44	

Average Coverage--------------	2937.340206185567	2937.340206185567	3086.319587628866	3603.9278350515465	3983.59793814433	6329.556701030928	6052.6082474226805	6187.701030927835	3943.0515463917527	6077.80412371134	6329.556701030928	6247.701030927835	
Nodes Above Average-----------	51	51	46	29	24	55	51	53	24	51	55	53	
Nodes Below Average-----------	46	46	51	68	73	42	46	44	73	46	42	44	
Photos Above Average----------	61	61	68	108	147	171	170	169	144	170	171	173	
Photos Below Average----------	39	39	40	46	47	54	54	56	47	54	54	54	
Network Coverage--------------	35960	35960	35960	35960	35960	35960	35960	35960	35960	35960	35960	35960	

Average Redundancy------------	125.75257731958763	125.75257731958763	162.340206185567	279.37113402061857	359.2886597938144	938.4845360824743	863.4742268041238	910.2371134020618	347.25773195876286	865.4948453608248	938.4845360824743	920.1340206185567	
Nodes Above Average-----------	44	44	28	15	21	44	41	45	21	42	44	44	
Nodes Below Average-----------	53	53	69	82	76	53	56	52	76	55	53	53	
Photos Above Average----------	58	58	70	147	158	182	181	177	154	179	182	182	
Photos Below Average----------	45	45	47	49	48	70	67	67	48	67	70	67	
Network Redundancy------------	261160	261160	279160	340720	385300	669040	634900	652540	380200	637540	669040	659320	

