Message stats for scenario K_2-Photo_5000-Scenario_7-ActualPOI_50
sim_time: 337500.0000

Photo List Size: 4952
coverageValue-----------------	330	343	360	360	231	309	302	305	339	359	360	360	338	339	360	349	349	324	347	331	360	343	360	331	348	360	343	333	342	333	360	309	360	360	354	352	347	360	340	320	349	348	341	351	332	336	359	354	360	360	349	360	360	360	331	360	352	355	359	360	306	316	346	360	334	359	360	360	297	345	360	315	282	297	360	357	298	360	347	283	349	360	288	331	339	360	360	305	336	345	360	326	339	360	345	314	301	339	360	325	
redundantCoverageValue--------	570	857	900	960	609	651	298	895	561	721	600	720	742	441	1020	671	371	396	493	449	780	617	900	149	492	1260	677	507	798	687	1020	411	840	840	546	548	373	600	440	520	731	372	859	789	688	444	781	786	660	780	371	720	720	1080	689	720	428	605	601	720	534	824	734	1440	206	1321	840	720	423	675	780	285	618	603	1080	1143	782	1020	673	497	611	840	312	1169	561	1080	1200	595	804	1215	840	1054	381	540	495	646	419	741	840	875	
halfCoverageTime--------------	139136.0	138990.0	136346.0	57042.0	136886.0	128762.0	148079.0	134439.0	145769.0	1780.0	75753.0	139119.0	136672.0	128816.0	71210.0	128732.0	145186.0	139635.0	136514.0	71166.0	57104.0	144053.0	57030.0	142808.0	128833.0	71283.0	137387.0	137076.0	136641.0	136466.0	136042.0	134530.0	136086.0	136423.0	136487.0	128784.0	163646.0	128794.0	145006.0	149892.0	136396.0	148040.0	128789.0	128632.0	136978.0	139162.0	137022.0	138226.0	139844.0	136368.0	2622.0	19788.0	56229.0	19694.0	136919.0	19748.0	136693.0	71251.0	136080.0	134410.0	75763.0	1775.0	57014.0	2634.0	75733.0	19794.0	71288.0	74133.0	1832.0	19724.0	19811.0	139057.0	19688.0	75568.0	1924.0	134456.0	146881.0	19736.0	74230.0	128844.0	136509.0	128684.0	144084.0	128620.0	139028.0	19765.0	74138.0	128804.0	56154.0	65276.0	19760.0	19718.0	57064.0	137000.0	19742.0	139103.0	138320.0	139466.0	71198.0	75608.0	
numberOfPoint-----------------	1	1	1	1	1	1	1	1	1	1	1	1	1	1	1	1	1	1	1	1	1	1	1	1	1	1	1	1	1	1	1	1	1	1	1	1	1	1	1	1	1	1	1	1	1	1	1	1	1	1	5	4	2	3	4	4	5	3	4	3	4	6	3	4	5	3	4	2	4	3	3	5	5	5	3	5	5	4	5	4	3	2	2	3	2	4	5	5	3	5	4	2	5	5	5	4	4	2	5	3	
standardDeviation-------------	.0	.0	.0	.0	.0	.0	.0	.0	.0	.0	.0	.0	.0	.0	.0	.0	.0	.0	.0	.0	.0	.0	.0	.0	.0	.0	.0	.0	.0	.0	.0	.0	.0	.0	.0	.0	.0	.0	.0	.0	.0	.0	.0	.0	.0	.0	.0	.0	.0	.0	10.04	7.98	5.32	8.66	10.37	7.92	10.33	7.92	9.05	6.68	9.61	9.66	6.09	9.69	9.97	8.51	8.73	8.62	8.69	6.51	6.8	10.48	9.06	9.32	8.35	10.53	10.41	7.51	9.42	9.54	7.79	5.36	5.35	7.25	4.45	7.69	9.4	10.25	8.42	8.4	10.32	5.34	9.51	9.9	10.31	10.21	9.29	5.63	10.18	6.14	
initialCoverageValue----------	360	360	360	360	360	360	360	360	360	360	360	360	360	360	360	360	360	360	360	360	360	360	360	360	360	360	360	360	360	360	360	360	360	360	360	360	360	360	360	360	360	360	360	360	360	360	360	360	360	360	360	360	360	360	360	360	360	360	360	360	360	360	360	360	360	360	360	360	360	360	360	360	360	360	360	360	360	360	360	360	360	360	360	360	360	360	360	360	360	360	360	360	360	360	360	360	360	360	360	360	
initialRedundantCoverageValue-	2160	2580	2940	2880	2040	2460	1620	2460	2400	3240	1680	2400	3060	2100	3120	2700	2820	2520	2220	1980	2400	2880	2580	1920	2160	2880	3180	1620	2400	2520	2820	1740	1920	2820	2280	2220	2280	2580	2160	2400	3060	2580	2940	2160	2280	2160	2640	2520	2760	3060	2280	1800	2640	2340	2100	2640	2400	2640	2760	2340	2160	1980	2340	3420	1860	3420	3060	2340	1920	2280	2520	1740	2100	2160	2640	2640	2220	2820	1980	2400	2820	2100	2280	2820	1800	2820	2880	2820	2880	3180	2580	2280	1800	1980	2460	2100	1740	2700	2700	2460	
additionalPoiTime-------------	9.74226245E7
algorithmTime-----------------	1.476393464E8
serverTime--------------------	3432022.0
Total Transferred Metadata----	15326

Photo List Size: 4952
Gained Coverage %-------------	0.9452777777777778
Gained Redundancy %-----------	0.28591883488790704
Total Cluster Created---------	50
Total Transferred Photo-------	17624
Total Photo at Destination----	1776
Coverage Group----------------	1-30	31-60	61-90	91-120	121-150	151-180	181-210	211-240	241-270	271-300	301-330	331-360	
Coverage Distribution---------	0	0	0	0	0	0	0	1	0	6	15	78	
Ratio Group-------------------	.0	.1	.2	.3	.4	.5	.6	.7	.8	.9	1.0	
Coverage Ratio----------------	0	0	0	0	0	0	0	1	3	15	81	
Redundant Ratio---------------	0	1	10	47	32	10	0	0	0	0	0	
NumberOfPoint Group-----------	0	1	2	3	4	5	6	
NumOfPoint Distribution-------	0	0	7	12	14	16	1	
SD Group----------------------	0-1	1-2	2-3	3-4	4-5	5-6	6-7	7-8	8-9	9-10	10-11	
SD Distribution---------------	50	0	0	0	1	5	5	7	8	13	11	
Half Coverage Group-----------	0-33750	33750-67500	67500-101250	101250-135000	135000-168750	168750-202500	202500-236250	236250-270000	270000-303750	303750-337500	337500-371250	
Half Cvg Time Distribution----	18	8	14	16	44	0	0	0	0	0	0	
Transferred Photo Group-------	0-33750	33750-67500	67500-101250	101250-135000	135000-168750	168750-202500	202500-236250	236250-270000	270000-303750	303750-337500	337500-371250	
Photo Time Distribution-------	2198	7477	3383	272	35703	2036	5756	2326	0	278	0	

Cvg&Red Distribution----------	0.0	2.0	33750.0	67500.0	135000.0	270000.0	168750.0	337500.0	101250.0	202500.0	303750.0	236250.0	
Average PhotoNum--------------	51.05154639175258	51.05154639175258	54.371134020618555	64.94845360824742	72.50515463917526	121.1340206185567	115.55670103092784	118.54639175257732	71.76288659793815	116.09278350515464	121.1340206185567	119.91752577319588	
Nodes Above Average-----------	50	50	43	23	22	52	48	52	23	50	52	53	
Nodes Below Average-----------	47	47	54	74	75	45	49	45	74	47	45	44	

Average Coverage--------------	2932.40206185567	2932.40206185567	3095.494845360825	3617.4329896907216	3982.958762886598	6397.18556701031	6127.412371134021	6277.896907216495	3953.9690721649486	6155.432989690722	6397.18556701031	6335.144329896907	
Nodes Above Average-----------	51	51	43	27	25	56	50	55	25	52	56	54	
Nodes Below Average-----------	46	46	54	70	72	41	47	42	72	45	41	43	
Photos Above Average----------	61	61	70	112	145	170	172	168	142	170	170	173	
Photos Below Average----------	39	39	41	46	47	53	55	53	47	53	53	52	
Network Coverage--------------	36000	36000	36000	36000	36000	36000	36000	36000	36000	36000	36000	36000	

Average Redundancy------------	130.69072164948454	130.69072164948454	166.77319587628867	279.4742268041237	367.35051546391753	870.8556701030927	805.9896907216495	834.8865979381443	351.8041237113402	810.1340206185567	870.8556701030927	859.9072164948453	
Nodes Above Average-----------	42	42	33	16	20	47	45	48	21	46	47	48	
Nodes Below Average-----------	55	55	64	81	77	50	52	49	76	51	50	49	
Photos Above Average----------	58	58	70	142	162	179	177	174	154	176	179	178	
Photos Below Average----------	45	45	46	49	49	66	61	63	48	61	66	62	
Network Redundancy------------	261120	261120	280440	342000	385980	669000	636540	653940	381660	639660	669000	661920	

