Message stats for scenario Photo_5000-Scenario_7-ActualPOI_50-K_3
sim_time: 337500.0000

Photo List Size: 4952
coverageValue-----------------	329	320	294	320	360	299	322	360	360	311	329	327	360	340	291	346	360	281	360	360	360	360	340	346	360	296	342	360	303	360	360	345	360	354	360	360	349	344	340	354	353	333	360	358	335	349	330	350	350	360	360	360	360	360	360	291	348	320	360	357	360	360	329	348	360	357	360	321	360	344	321	357	360	292	360	315	341	360	351	320	342	360	316	356	360	303	337	356	347	350	358	360	343	360	350	360	324	352	360	313	
redundantCoverageValue--------	511	280	786	520	1020	301	518	420	780	649	1051	333	1140	500	429	434	1020	619	1080	1140	660	720	500	854	900	244	918	480	477	900	780	555	1140	966	960	600	791	256	1040	486	787	507	540	722	805	371	750	610	550	600	600	660	1020	1260	540	489	492	520	1140	483	1440	1140	571	552	600	603	1020	579	960	916	339	543	600	668	660	345	619	960	669	760	558	1080	524	724	900	597	983	1024	913	490	1142	540	437	1020	670	1200	456	608	840	287	
halfCoverageTime--------------	139000.0	136379.0	136048.0	145844.0	65332.0	136074.0	138272.0	75778.0	136596.0	137361.0	75667.0	128789.0	2634.0	128650.0	136983.0	145160.0	134604.0	139645.0	136552.0	137022.0	137038.0	139142.0	137147.0	75568.0	128614.0	128678.0	136356.0	145104.0	138358.0	74154.0	57076.0	136896.0	128708.0	1510.0	71100.0	138352.0	128714.0	139770.0	136936.0	136859.0	136326.0	142931.0	74133.0	142854.0	136613.0	134428.0	71324.0	139419.0	75635.0	138966.0	2552.0	65302.0	2597.0	1722.0	136988.0	137125.0	136032.0	65312.0	19782.0	65391.0	19660.0	56213.0	142796.0	71283.0	136114.0	136374.0	136384.0	137432.0	71236.0	19642.0	139813.0	145816.0	134405.0	19724.0	1868.0	137403.0	2628.0	136466.0	19636.0	74166.0	19654.0	75662.0	19811.0	145880.0	136519.0	137059.0	19706.0	71172.0	19748.0	144100.0	74224.0	128632.0	2617.0	1364.0	75733.0	19618.0	146278.0	19648.0	136618.0	128602.0	
numberOfPoint-----------------	1	1	1	1	1	1	1	1	1	1	1	1	1	1	1	1	1	1	1	1	1	1	1	1	1	1	1	1	1	1	1	1	1	1	1	1	1	1	1	1	1	1	1	1	1	1	1	1	1	1	3	4	4	3	4	4	2	3	4	4	4	4	3	5	4	4	4	5	3	3	3	3	5	4	3	3	4	3	3	2	4	3	4	3	3	3	5	5	2	2	4	3	3	3	3	4	3	3	3	1	
standardDeviation-------------	.0	.0	.0	.0	.0	.0	.0	.0	.0	.0	.0	.0	.0	.0	.0	.0	.0	.0	.0	.0	.0	.0	.0	.0	.0	.0	.0	.0	.0	.0	.0	.0	.0	.0	.0	.0	.0	.0	.0	.0	.0	.0	.0	.0	.0	.0	.0	.0	.0	.0	7.92	8.1	7.86	6.64	8.21	9.25	5.43	8.12	8.91	8.68	7.76	9.78	8.37	9.57	7.24	10.26	7.4	10.13	6.0	8.33	8.28	8.89	10.36	7.68	8.06	7.33	8.73	7.86	7.37	5.38	8.89	8.04	7.95	7.67	6.22	8.66	9.42	9.43	6.16	6.59	7.8	9.32	8.81	8.5	6.84	8.41	7.89	6.97	6.44	.14	
initialCoverageValue----------	360	360	360	360	360	360	360	360	360	360	360	360	360	360	360	360	360	360	360	360	360	360	360	360	360	360	360	360	360	360	360	360	360	360	360	360	360	360	360	360	360	360	360	360	360	360	360	360	360	360	360	360	360	360	360	360	360	360	360	360	360	360	360	360	360	360	360	360	360	360	360	360	360	360	360	360	360	360	360	360	360	360	360	360	360	335	342	360	360	360	360	360	360	360	360	360	360	360	360	360	
initialRedundantCoverageValue-	2340	1920	2640	2340	2640	2400	2100	2280	2820	2280	2640	2160	2760	2220	2220	2400	3120	2400	2580	2580	2700	2400	2100	3060	2880	2100	2700	2760	2340	3060	2580	1920	2880	3120	2580	2580	2520	1920	2280	2220	2280	2280	2580	2400	2220	2520	2940	2940	1980	2640	2160	2520	2280	2700	2640	2220	1740	2400	2580	2040	3060	2640	2640	3060	2340	2340	2280	2400	2640	2160	1740	2280	2580	2460	2160	2160	1860	3060	1980	2940	2220	2460	1920	2520	2520	2065	2178	2640	2400	2220	2880	2100	2520	1980	2040	3540	2220	2040	1920	2040	
additionalPoiTime-------------	8.44901416E7
algorithmTime-----------------	1.488405541E8
serverTime--------------------	7924850.8
Total Transferred Metadata----	15325

Photo List Size: 4952
Gained Coverage %-------------	0.9544455877854103
Gained Redundancy %-----------	0.29135142481765053
Total Cluster Created---------	50
Total Transferred Photo-------	17512
Total Photo at Destination----	1807
Coverage Group----------------	1-30	31-60	61-90	91-120	121-150	151-180	181-210	211-240	241-270	271-300	301-330	331-360	
Coverage Distribution---------	0	0	0	0	0	0	0	0	0	7	19	74	
Ratio Group-------------------	.0	.1	.2	.3	.4	.5	.6	.7	.8	.9	1.0	
Coverage Ratio----------------	0	0	0	0	0	0	0	0	1	19	80	
Redundant Ratio---------------	0	0	15	46	24	14	1	0	0	0	0	
NumberOfPoint Group-----------	0	1	2	3	4	5	
NumOfPoint Distribution-------	0	1	4	23	17	5	
SD Group----------------------	0-1	1-2	2-3	3-4	4-5	5-6	6-7	7-8	8-9	9-10	10-11	
SD Distribution---------------	51	0	0	0	0	3	7	13	17	6	3	
Half Coverage Group-----------	0-33750	33750-67500	67500-101250	101250-135000	135000-168750	168750-202500	202500-236250	236250-270000	270000-303750	303750-337500	337500-371250	
Half Cvg Time Distribution----	20	6	15	11	48	0	0	0	0	0	0	
Transferred Photo Group-------	0-33750	33750-67500	67500-101250	101250-135000	135000-168750	168750-202500	202500-236250	236250-270000	270000-303750	303750-337500	337500-371250	
Photo Time Distribution-------	2841	8169	3569	272	42477	2430	7044	2678	0	345	0	

Cvg&Red Distribution----------	0.0	2.0	33750.0	67500.0	135000.0	270000.0	168750.0	337500.0	101250.0	202500.0	303750.0	236250.0	
Average PhotoNum--------------	51.05154639175258	51.05154639175258	55.65979381443299	70.27835051546391	79.49484536082474	142.60824742268042	134.2164948453608	139.69072164948454	78.4639175257732	135.61855670103094	142.60824742268042	140.17525773195877	
Nodes Above Average-----------	50	50	41	15	19	42	39	42	19	41	42	42	
Nodes Below Average-----------	47	47	56	82	78	55	58	55	78	56	55	55	

Average Coverage--------------	2921.5154639175257	2921.5154639175257	3129.1134020618556	3820.701030927835	4261.618556701031	7279.103092783505	6881.453608247422	7145.103092783505	4212.721649484536	6945.6082474226805	7279.103092783505	7151.412371134021	
Nodes Above Average-----------	53	53	41	18	19	44	43	44	19	44	44	45	
Nodes Below Average-----------	44	44	56	79	78	53	54	53	78	53	53	52	
Photos Above Average----------	61	61	74	164	204	231	222	226	199	222	231	227	
Photos Below Average----------	38	38	41	48	49	69	63	67	49	63	69	64	
Network Coverage--------------	35957	35957	35957	35957	35952	35952	35952	35952	35952	35952	35952	35952	

Average Redundancy------------	141.57731958762886	141.57731958762886	210.4742268041237	396.0	508.07216494845363	1277.3917525773195	1171.5360824742268	1236.340206185567	495.11340206185565	1191.5051546391753	1277.3917525773195	1259.1030927835052	
Nodes Above Average-----------	46	46	23	12	17	34	33	34	17	31	34	33	
Nodes Below Average-----------	51	51	74	85	80	63	64	63	80	66	63	64	
Photos Above Average----------	60	60	82	210	216	253	247	248	210	254	253	255	
Photos Below Average----------	42	42	47	50	50	82	75	80	50	79	82	80	
Network Redundancy------------	261163	261163	287983	373063	426708	794028	745188	777048	420708	753348	794028	779868	

