Message stats for scenario Photo_5000-Scenario_5-ActualPOI_50-K_3
sim_time: 337500.0000

Photo List Size: 4952
coverageValue-----------------	293	347	338	319	360	327	360	355	360	329	265	360	288	336	297	310	329	331	360	287	338	337	357	356	323	261	343	360	326	360	318	295	354	313	257	303	360	355	340	356	360	352	323	305	354	340	289	360	360	355	335	358	360	360	356	318	354	360	347	360	360	352	354	340	356	360	335	360	341	359	336	346	334	321	360	303	280	360	357	352	334	360	339	360	352	359	360	360	360	360	354	320	344	360	336	360	360	360	328	323	
redundantCoverageValue--------	727	733	442	521	900	153	900	485	660	571	515	540	492	444	543	650	331	569	960	373	322	683	483	784	457	339	857	900	694	780	282	365	966	527	463	837	1020	725	740	544	780	908	397	775	786	860	311	840	900	605	865	722	780	1140	904	762	846	900	673	720	540	608	606	680	784	780	865	1260	439	841	564	734	926	579	900	717	200	1200	663	548	686	840	861	1440	668	781	960	840	780	1080	1206	580	556	780	864	540	600	960	812	577	
halfCoverageTime--------------	57059.0	136114.0	139681.0	75710.0	128810.0	142818.0	57082.0	74224.0	136412.0	136064.0	144899.0	134541.0	142775.0	136652.0	142859.0	65364.0	134580.0	145938.0	136396.0	137098.0	148120.0	137361.0	75705.0	136552.0	139833.0	149822.0	128690.0	75722.0	136509.0	136326.0	142950.0	136994.0	128828.0	57042.0	134472.0	139157.0	75662.0	128702.0	134508.0	71312.0	136362.0	128784.0	136930.0	136356.0	136662.0	137087.0	75773.0	136570.0	75608.0	139461.0	75568.0	75583.0	137070.0	57030.0	74138.0	1516.0	134462.0	1758.0	74218.0	128714.0	19811.0	138252.0	75778.0	71140.0	128756.0	128662.0	19718.0	74197.0	154293.0	56186.0	136613.0	19754.0	56240.0	75652.0	2607.0	137016.0	75748.0	1546.0	71161.0	74182.0	136368.0	136374.0	2564.0	56160.0	128638.0	19688.0	56234.0	75784.0	56246.0	1770.0	1486.0	75603.0	19828.0	1920.0	139103.0	134530.0	128632.0	1820.0	2540.0	136074.0	
numberOfPoint-----------------	1	1	1	1	1	1	1	1	1	1	1	1	1	1	1	1	1	1	1	1	1	1	1	1	1	1	1	1	1	1	1	1	1	1	1	1	1	1	1	1	1	1	1	1	1	1	1	1	1	1	3	2	4	4	2	3	3	3	3	4	3	3	3	5	3	4	4	4	3	3	5	4	3	3	4	5	5	3	4	4	3	3	4	4	3	4	3	3	5	4	2	4	3	3	3	5	4	3	3	5	
standardDeviation-------------	.0	.0	.0	.0	.0	.0	.0	.0	.0	.0	.0	.0	.0	.0	.0	.0	.0	.0	.0	.0	.0	.0	.0	.0	.0	.0	.0	.0	.0	.0	.0	.0	.0	.0	.0	.0	.0	.0	.0	.0	.0	.0	.0	.0	.0	.0	.0	.0	.0	.0	7.84	6.95	8.61	10.31	8.43	8.88	7.94	6.11	7.62	9.02	9.33	8.16	6.99	10.93	9.45	8.23	7.56	8.43	7.8	7.81	10.47	7.84	6.66	8.69	8.79	9.45	8.8	7.97	7.98	9.19	7.19	7.33	9.19	8.96	8.2	8.48	8.04	6.78	9.51	7.78	4.88	7.26	9.34	5.81	7.98	9.46	9.24	6.67	9.08	8.89	
initialCoverageValue----------	360	360	360	360	360	360	360	360	360	360	360	360	360	360	353	360	360	360	360	360	360	360	360	360	360	360	360	360	360	360	360	360	360	360	360	360	360	360	360	360	360	360	360	360	360	360	360	360	360	360	360	360	360	360	360	360	360	360	360	360	360	360	360	360	360	360	360	360	360	360	360	360	360	360	360	360	360	360	360	360	360	360	360	360	360	359	360	360	360	360	360	360	360	360	360	360	360	360	360	360	
initialRedundantCoverageValue-	2520	2640	1920	2220	2700	2220	2400	2400	2640	2220	2400	1980	1800	2340	2167	2160	2040	2220	3060	2040	1860	2040	2160	2820	2340	2220	2700	3120	2220	2640	1920	2520	2400	2820	2580	2700	2820	1860	2760	2280	2820	3000	2400	2460	2640	2400	1920	3060	2640	2520	2280	2520	2400	3000	2760	2340	2460	2400	1920	2340	2220	3180	1740	2280	1980	2400	2580	3000	2100	2040	2280	2400	2700	2760	2520	2760	2220	2940	2220	2280	2400	2700	1920	3300	2640	2281	2340	1980	2280	2760	3060	2100	2460	2640	2220	1980	2520	2340	3060	2460	
additionalPoiTime-------------	0.0
algorithmTime-----------------	1.444101257E8
serverTime--------------------	1.10916711E8
Total Transferred Metadata----	15330

Photo List Size: 4952
Gained Coverage %-------------	0.9425427872860636
Gained Redundancy %-----------	0.2902939289767587
Total Cluster Created---------	50
Total Transferred Photo-------	17544
Total Photo at Destination----	1786
Coverage Group----------------	1-30	31-60	61-90	91-120	121-150	151-180	181-210	211-240	241-270	271-300	301-330	331-360	
Coverage Distribution---------	0	0	0	0	0	0	0	0	3	7	18	72	
Ratio Group-------------------	.0	.1	.2	.3	.4	.5	.6	.7	.8	.9	1.0	
Coverage Ratio----------------	0	0	0	0	0	0	0	0	6	17	77	
Redundant Ratio---------------	0	2	13	40	36	9	0	0	0	0	0	
NumberOfPoint Group-----------	0	1	2	3	4	5	
NumOfPoint Distribution-------	0	0	3	24	16	7	
SD Group----------------------	0-1	1-2	2-3	3-4	4-5	5-6	6-7	7-8	8-9	9-10	10-11	
SD Distribution---------------	50	0	0	0	1	1	6	14	14	11	3	
Half Coverage Group-----------	0-33750	33750-67500	67500-101250	101250-135000	135000-168750	168750-202500	202500-236250	236250-270000	270000-303750	303750-337500	337500-371250	
Half Cvg Time Distribution----	15	10	21	16	38	0	0	0	0	0	0	
Transferred Photo Group-------	0-33750	33750-67500	67500-101250	101250-135000	135000-168750	168750-202500	202500-236250	236250-270000	270000-303750	303750-337500	337500-371250	
Photo Time Distribution-------	3441	6405	3416	211	42680	2396	7291	2715	0	366	0	

Cvg&Red Distribution----------	0.0	2.0	33750.0	67500.0	135000.0	270000.0	168750.0	337500.0	101250.0	202500.0	303750.0	236250.0	
Average PhotoNum--------------	51.05154639175258	51.05154639175258	55.51546391752577	70.11340206185567	79.35051546391753	143.90721649484536	135.31958762886597	140.82474226804123	78.34020618556701	136.659793814433	143.90721649484536	141.41237113402062	
Nodes Above Average-----------	50	50	41	15	19	40	39	41	19	39	40	40	
Nodes Below Average-----------	47	47	56	82	78	57	58	56	78	58	57	57	

Average Coverage--------------	2934.6082474226805	2934.6082474226805	3141.1546391752577	3811.577319587629	4242.360824742268	7285.79381443299	6860.773195876289	7144.855670103093	4197.773195876289	6927.4639175257735	7285.79381443299	7158.134020618557	
Nodes Above Average-----------	51	51	42	19	20	45	45	44	20	46	45	46	
Nodes Below Average-----------	46	46	55	78	77	52	52	53	77	51	52	51	
Photos Above Average----------	61	61	73	159	197	230	220	228	192	220	230	226	
Photos Below Average----------	39	39	41	48	48	68	61	68	48	61	68	64	
Network Coverage--------------	35992	35992	35992	35992	35992	35992	35992	35992	35992	35992	35992	35992	

Average Redundancy------------	128.48453608247422	128.48453608247422	189.77319587628867	395.22680412371136	518.6701030927835	1348.639175257732	1258.4020618556701	1304.6288659793815	502.63917525773195	1272.1237113402062	1348.639175257732	1326.6082474226805	
Nodes Above Average-----------	35	35	24	12	18	34	32	33	17	33	34	34	
Nodes Below Average-----------	62	62	73	85	79	63	65	64	80	64	63	63	
Photos Above Average----------	61	61	81	209	209	256	251	254	209	251	256	254	
Photos Below Average----------	45	45	47	50	49	82	77	82	50	77	82	80	
Network Redundancy------------	261128	261128	287108	372068	425828	801548	751568	783608	419948	759368	801548	787028	

