Message stats for scenario Photo_5000-Scenario_6-ActualPOI_50-K_3
sim_time: 337500.0000

Photo List Size: 1759
coverageValue-----------------	315	354	360	339	351	352	331	359	298	225	315	360	357	342	352	360	360	347	357	360	298	350	360	344	311	357	360	360	321	357	329	345	343	339	359	360	346	339	338	358	319	348	317	357	333	300	360	340	313	334	324	360	360	315	360	357	319	296	360	347	326	341	325	360	348	352	285	360	305	335	337	360	360	360	319	360	351	360	325	256	360	289	354	264	360	360	326	306	347	315	360	360	360	360	328	354	308	355	320	355	
redundantCoverageValue--------	525	606	600	741	549	728	569	481	842	315	705	1080	663	1098	848	960	660	433	663	660	362	910	900	736	349	843	900	960	1179	543	571	795	737	921	1081	900	794	741	682	482	281	852	343	723	747	240	960	740	467	806	516	780	780	345	840	783	641	304	960	553	514	619	275	720	732	608	555	720	715	565	923	1080	840	480	701	1020	549	600	635	524	1200	491	426	636	720	1020	694	294	553	465	1080	840	900	780	692	666	412	785	880	545	
halfCoverageTime--------------	71278.0	71318.0	136362.0	139028.0	136994.0	134405.0	1926.0	136509.0	137059.0	154160.0	75568.0	136304.0	74172.0	128696.0	19706.0	71172.0	71188.0	148006.0	128738.0	75710.0	149882.0	1850.0	65337.0	128720.0	139077.0	139488.0	75722.0	75773.0	71312.0	139676.0	139724.0	74218.0	139067.0	65332.0	1932.0	71150.0	142908.0	136703.0	1764.0	1540.0	136886.0	136102.0	149849.0	137082.0	56142.0	142813.0	2617.0	136069.0	74208.0	56234.0	136585.0	1862.0	136988.0	139838.0	1920.0	75646.0	74160.0	75728.0	74149.0	56240.0	141962.0	65375.0	137043.0	134467.0	136930.0	139665.0	137398.0	128784.0	137117.0	19654.0	71231.0	136594.0	75652.0	74154.0	137122.0	71116.0	136859.0	75778.0	141921.0	71193.0	134519.0	139000.0	139419.0	138966.0	138978.0	134598.0	128650.0	74230.0	137006.0	136864.0	1636.0	56175.0	75593.0	128828.0	134444.0	136091.0	75657.0	71156.0	143349.0	128794.0	
numberOfPoint-----------------	1	1	1	1	1	1	1	1	1	1	1	1	1	1	1	1	1	1	1	1	1	1	1	1	1	1	1	1	1	1	1	1	1	1	1	1	1	1	1	1	1	1	1	1	1	1	1	1	1	1	2	1	1	2	2	2	2	2	2	3	2	3	2	2	2	1	2	2	3	2	4	2	2	3	3	4	2	2	2	3	4	3	1	3	1	3	1	2	2	2	2	2	3	4	2	2	2	3	4	3	
standardDeviation-------------	.0	.0	.0	.0	.0	.0	.0	.0	.0	.0	.0	.0	.0	.0	.0	.0	.0	.0	.0	.0	.0	.0	.0	.0	.0	.0	.0	.0	.0	.0	.0	.0	.0	.0	.0	.0	.0	.0	.0	.0	.0	.0	.0	.0	.0	.0	.0	.0	.0	.0	5.61	1.65	1.33	6.98	9.29	6.05	5.87	5.93	6.12	9.93	5.26	7.23	6.12	6.52	5.38	.32	6.78	6.09	8.21	5.48	8.18	5.97	6.71	8.35	7.44	8.76	5.59	7.41	5.28	8.76	8.13	10.98	.95	9.36	.64	8.63	1.61	6.48	6.0	5.16	4.31	4.58	8.81	10.43	8.02	7.49	10.3	8.34	10.1	9.31	
initialCoverageValue----------	360	360	360	360	360	360	360	360	360	348	360	360	360	360	360	360	360	360	360	360	360	360	360	360	360	360	360	360	360	359	360	360	360	360	360	360	360	360	360	360	360	360	360	360	360	360	360	360	360	360	360	360	360	360	360	360	360	360	360	360	360	360	360	360	360	360	360	360	360	360	360	360	360	360	360	360	360	360	360	360	360	360	360	360	360	360	360	360	360	360	360	360	360	360	360	360	360	360	360	360	
initialRedundantCoverageValue-	1620	2160	2760	2520	1980	2880	2100	2460	2820	1872	2400	2460	2700	2820	2220	2580	2520	2040	2040	1980	2280	2520	3120	2460	2520	2220	2820	3060	2400	1861	2580	2820	2460	2520	3120	2760	2820	1980	2640	2820	2700	2400	2400	2340	2700	2220	2280	2160	2580	2640	2280	2700	2340	1860	2280	2820	1800	2580	2640	2340	1920	2160	2160	2520	2940	2160	2160	2040	2820	2340	2220	3180	2580	1560	2640	2760	2160	2160	2880	2160	2760	2580	2160	2820	3180	2760	2460	2100	2040	2460	2760	2220	2400	2580	2220	2460	2280	2520	2400	1620	
additionalPoiTime-------------	546003.5
algorithmTime-----------------	1.18115533146E10
serverTime--------------------	733204.7
Total Transferred Metadata----	8970

Photo List Size: 1759
Gained Coverage %-------------	0.9407008086253369
Gained Redundancy %-----------	0.2847992166962188
Total Cluster Created---------	0
Total Transferred Photo-------	26009
Total Photo at Destination----	1759
Coverage Group----------------	1-30	31-60	61-90	91-120	121-150	151-180	181-210	211-240	241-270	271-300	301-330	331-360	
Coverage Distribution---------	0	0	0	0	0	0	0	1	2	6	22	69	
Ratio Group-------------------	.0	.1	.2	.3	.4	.5	.6	.7	.8	.9	1.0	
Coverage Ratio----------------	0	0	0	0	0	0	0	1	3	21	75	
Redundant Ratio---------------	0	0	17	42	36	5	0	0	0	0	0	
NumberOfPoint Group-----------	0	1	2	3	4	
NumOfPoint Distribution-------	0	6	27	12	5	
SD Group----------------------	0-1	1-2	2-3	3-4	4-5	5-6	6-7	7-8	8-9	9-10	10-11	
SD Distribution---------------	53	3	0	0	2	10	10	4	10	4	4	
Half Coverage Group-----------	0-33750	33750-67500	67500-101250	101250-135000	135000-168750	168750-202500	202500-236250	236250-270000	270000-303750	303750-337500	337500-371250	
Half Cvg Time Distribution----	11	7	27	12	43	0	0	0	0	0	0	
Transferred Photo Group-------	0-33750	33750-67500	67500-101250	101250-135000	135000-168750	168750-202500	202500-236250	236250-270000	270000-303750	303750-337500	337500-371250	
Photo Time Distribution-------	4206	9193	5839	655	39652	4633	9985	4629	56	3072	0	

Cvg&Red Distribution----------	0.0	2.0	33750.0	67500.0	135000.0	270000.0	168750.0	337500.0	101250.0	202500.0	303750.0	236250.0	
Average PhotoNum--------------	51.05154639175258	51.05154639175258	59.68041237113402	73.9278350515464	91.12371134020619	181.37113402061857	156.96907216494844	187.58762886597938	87.68041237113403	161.58762886597938	181.659793814433	173.0	
Nodes Above Average-----------	50	50	34	16	22	49	44	54	20	45	49	49	
Nodes Below Average-----------	47	47	63	81	75	48	53	43	77	52	48	48	

Average Coverage--------------	2932.762886597938	2932.762886597938	3340.237113402062	3998.4845360824743	4795.360824742268	8993.721649484536	7898.59793814433	9279.690721649484	4641.80412371134	8115.20618556701	9005.835051546392	8630.030927835052	
Nodes Above Average-----------	51	51	41	20	22	53	48	56	20	48	53	51	
Nodes Below Average-----------	46	46	56	77	75	44	49	41	77	49	44	46	
Photos Above Average----------	61	61	83	167	228	266	247	266	228	253	267	259	
Photos Below Average----------	39	39	42	49	50	78	68	79	51	71	78	76	
Network Coverage--------------	35987	35987	35987	35987	35987	35987	35987	35987	35987	35987	35987	35987	

Average Redundancy------------	130.3298969072165	130.3298969072165	240.58762886597938	437.1855670103093	672.0618556701031	1888.5463917525774	1519.5463917525774	1975.5670103092784	619.020618556701	1580.0515463917525	1893.7525773195875	1749.9690721649486	
Nodes Above Average-----------	43	43	14	11	18	44	37	44	17	40	44	40	
Nodes Below Average-----------	54	54	83	86	79	53	60	53	80	57	53	57	
Photos Above Average----------	60	60	119	243	256	283	272	286	250	269	284	280	
Photos Below Average----------	43	43	49	52	53	96	85	105	53	85	96	97	
Network Redundancy------------	261133	261133	311353	394273	494353	1019593	877573	1055773	474313	904453	1021273	970873	

