Message stats for scenario Photo_5000-Scenario_6-ActualPOI_50-K_4
sim_time: 337500.0000

Photo List Size: 1769
coverageValue-----------------	354	349	358	338	360	350	360	354	360	333	360	353	360	360	291	339	360	360	340	336	360	296	349	346	360	329	352	332	330	358	352	336	341	294	330	360	360	354	349	340	360	360	311	351	322	349	358	358	328	335	351	360	356	356	354	327	332	289	355	359	328	348	360	346	360	360	360	360	360	360	343	360	338	323	318	360	297	332	324	359	360	348	344	314	328	360	359	327	360	359	328	353	360	360	360	347	303	319	360	331	
redundantCoverageValue--------	786	611	602	622	840	730	420	546	960	687	720	1267	1140	780	669	621	1020	600	620	684	1380	304	791	554	600	751	368	508	570	422	548	684	499	306	630	900	660	486	671	500	720	540	469	489	218	551	722	482	512	745	1029	1140	604	724	606	453	568	431	905	541	812	612	420	434	780	1140	720	780	1140	780	497	660	982	757	762	1080	543	628	576	601	720	732	436	826	452	1020	661	753	780	781	692	787	1260	1080	720	913	417	581	780	509	
halfCoverageTime--------------	139849.0	136080.0	74177.0	75657.0	56240.0	128638.0	136682.0	136074.0	71294.0	75608.0	134546.0	60592.0	134422.0	1430.0	139780.0	139755.0	74172.0	136677.0	71198.0	136346.0	2607.0	137170.0	136058.0	136646.0	71193.0	146257.0	75578.0	139775.0	74224.0	65271.0	136941.0	74192.0	142978.0	238778.0	71300.0	19718.0	1814.0	71241.0	71100.0	71318.0	128668.0	128816.0	136362.0	136022.0	144058.0	134444.0	134467.0	75773.0	74218.0	134496.0	71216.0	75738.0	1576.0	142828.0	128838.0	136558.0	136048.0	136509.0	71288.0	136919.0	128844.0	134514.0	71312.0	144111.0	56180.0	65281.0	141901.0	128732.0	1612.0	136594.0	142903.0	1920.0	56224.0	139504.0	2628.0	1588.0	139798.0	128656.0	71351.0	134558.0	137442.0	60622.0	134439.0	142813.0	139057.0	74154.0	142844.0	142945.0	75728.0	128696.0	139823.0	138941.0	134592.0	136096.0	19706.0	134434.0	136336.0	65364.0	75588.0	71145.0	
numberOfPoint-----------------	1	1	1	1	1	1	1	1	1	1	1	1	1	1	1	1	1	1	1	1	1	1	1	1	1	1	1	1	1	1	1	1	1	1	1	1	1	1	1	1	1	1	1	1	1	1	1	1	1	1	3	4	3	2	2	3	2	1	2	1	2	3	4	1	1	3	2	1	2	2	2	1	1	2	2	4	3	3	2	4	3	3	2	3	3	4	1	4	2	3	2	3	4	3	2	5	4	3	3	2	
standardDeviation-------------	.0	.0	.0	.0	.0	.0	.0	.0	.0	.0	.0	.0	.0	.0	.0	.0	.0	.0	.0	.0	.0	.0	.0	.0	.0	.0	.0	.0	.0	.0	.0	.0	.0	.0	.0	.0	.0	.0	.0	.0	.0	.0	.0	.0	.0	.0	.0	.0	.0	.0	8.81	8.29	8.98	6.03	10.47	7.42	8.82	2.12	7.59	2.95	9.38	9.78	9.18	.81	2.1	7.39	7.82	1.0	4.53	5.81	9.36	.9	.61	5.32	5.87	10.5	7.68	7.7	4.53	9.97	7.7	8.58	5.52	6.34	6.77	9.57	.61	9.78	5.72	7.53	7.26	8.23	9.15	8.37	5.56	10.34	9.13	9.09	8.73	4.3	
initialCoverageValue----------	360	349	360	360	360	360	360	360	360	360	360	360	360	360	360	360	360	360	360	360	360	360	360	360	360	360	360	360	360	358	360	354	360	360	360	360	360	360	360	360	360	360	360	360	360	360	360	360	360	360	360	360	360	360	360	360	360	360	360	360	360	360	360	360	360	360	360	360	360	360	360	360	360	360	360	360	360	360	360	360	360	360	360	360	360	360	360	352	360	360	360	360	360	360	360	360	360	360	360	360	
initialRedundantCoverageValue-	2460	1751	2280	2820	2280	2280	1740	2160	2940	2460	2100	2880	2700	2700	2040	2700	3180	1980	2340	2220	3720	2400	2700	2160	2460	2640	2580	1920	2820	2582	2700	2286	1860	1800	3000	2400	2580	2400	2520	2340	2700	2040	2040	1800	1920	2040	2040	2100	2220	2520	3300	2520	2160	2460	2640	2280	3120	2400	2760	1860	2100	2400	1500	1980	2940	2940	2700	2460	2460	2520	1860	2460	2460	2100	1740	2880	2340	2880	2580	2580	2820	1920	1980	2040	1860	2280	2580	2288	2040	2220	2160	3180	3960	3180	3180	2820	2100	2520	3000	2040	
additionalPoiTime-------------	858005.5
algorithmTime-----------------	1.95979220269E10
serverTime--------------------	826805.3
Total Transferred Metadata----	8971

Photo List Size: 1769
Gained Coverage %-------------	0.9576626914630417
Gained Redundancy %-----------	0.28458247373860907
Total Cluster Created---------	0
Total Transferred Photo-------	26012
Total Photo at Destination----	1769
Coverage Group----------------	1-30	31-60	61-90	91-120	121-150	151-180	181-210	211-240	241-270	271-300	301-330	331-360	
Coverage Distribution---------	0	0	0	0	0	0	0	0	0	5	17	78	
Ratio Group-------------------	.0	.1	.2	.3	.4	.5	.6	.7	.8	.9	1.0	
Coverage Ratio----------------	0	0	0	0	0	0	0	0	0	13	87	
Redundant Ratio---------------	0	0	9	54	30	7	0	0	0	0	0	
NumberOfPoint Group-----------	0	1	2	3	4	5	
NumOfPoint Distribution-------	0	8	17	16	8	1	
SD Group----------------------	0-1	1-2	2-3	3-4	4-5	5-6	6-7	7-8	8-9	9-10	10-11	
SD Distribution---------------	54	1	3	0	3	6	3	9	8	10	3	
Half Coverage Group-----------	0-33750	33750-67500	67500-101250	101250-135000	135000-168750	168750-202500	202500-236250	236250-270000	270000-303750	303750-337500	337500-371250	
Half Cvg Time Distribution----	10	8	25	18	38	0	0	1	0	0	0	
Transferred Photo Group-------	0-33750	33750-67500	67500-101250	101250-135000	135000-168750	168750-202500	202500-236250	236250-270000	270000-303750	303750-337500	337500-371250	
Photo Time Distribution-------	4206	9723	6030	655	42935	5976	11060	5045	56	3412	0	

Cvg&Red Distribution----------	0.0	2.0	33750.0	67500.0	135000.0	270000.0	168750.0	337500.0	101250.0	202500.0	303750.0	236250.0	
Average PhotoNum--------------	51.05154639175258	51.05154639175258	61.74226804123711	78.44329896907216	97.11340206185567	204.340206185567	175.2577319587629	211.58762886597938	93.6701030927835	180.91752577319588	204.91752577319588	193.88659793814432	
Nodes Above Average-----------	50	50	30	13	20	44	39	44	19	41	44	43	
Nodes Below Average-----------	47	47	67	84	77	53	58	53	78	56	53	54	

Average Coverage--------------	2935.3917525773195	2935.3917525773195	3415.340206185567	4164.680412371134	5005.567010309278	9786.556701030928	8533.484536082475	10095.0206185567	4846.4639175257735	8790.515463917525	9808.103092783505	9354.58762886598	
Nodes Above Average-----------	50	50	34	16	22	47	44	49	20	44	47	49	
Nodes Below Average-----------	47	47	63	81	75	50	53	48	77	53	50	48	
Photos Above Average----------	62	62	94	219	254	325	296	325	257	304	326	304	
Photos Below Average----------	39	39	44	50	50	90	74	95	51	78	90	80	
Network Coverage--------------	35973	35973	35973	35972	35972	35972	35972	35972	35972	35972	35972	35972	

Average Redundancy------------	127.70103092783505	127.70103092783505	289.1958762886598	541.9175257731958	821.2371134020618	2473.855670103093	1981.979381443299	2600.237113402062	773.7422680412371	2064.536082474227	2486.9484536082473	2278.6082474226805	
Nodes Above Average-----------	45	45	12	11	17	39	31	37	16	34	39	36	
Nodes Below Average-----------	52	52	85	86	80	58	66	60	81	63	58	61	
Photos Above Average----------	59	59	146	283	298	348	344	358	294	337	348	343	
Photos Below Average----------	43	43	49	52	54	107	95	121	53	96	108	105	
Network Redundancy------------	261147	261147	323367	420568	529228	1153288	984028	1195468	509188	1016968	1156648	1092448	

