Message stats for scenario Photo_5000-Scenario_5-ActualPOI_50-K_4
sim_time: 337500.0000

Photo List Size: 4952
coverageValue-----------------	334	347	339	358	329	346	360	301	360	350	348	357	240	305	360	360	340	343	349	360	360	350	360	360	356	340	343	284	360	360	353	348	300	277	307	320	303	360	323	335	291	360	269	360	354	360	360	341	360	360	357	304	360	353	348	306	360	340	360	359	360	329	360	360	321	320	358	356	293	358	360	360	349	328	259	352	355	360	308	302	360	353	360	360	356	360	360	326	337	282	309	360	360	354	360	305	360	360	285	360	
redundantCoverageValue--------	266	913	621	542	811	854	660	719	840	490	792	723	300	475	1260	540	860	557	671	600	600	490	900	480	604	560	557	316	1080	1140	967	792	180	203	533	520	717	1320	637	805	369	960	631	900	486	660	660	1039	900	1020	783	896	840	667	492	954	840	440	420	961	960	211	840	1200	519	580	902	844	487	662	1020	540	491	812	461	368	785	660	352	718	900	727	1020	900	1084	780	1020	634	743	438	171	780	1140	786	600	415	900	1200	315	960	
halfCoverageTime--------------	138325.0	139471.0	145800.0	142892.0	134536.0	60634.0	138946.0	136983.0	75748.0	128862.0	136608.0	74177.0	146252.0	136641.0	136362.0	134546.0	134462.0	134563.0	128708.0	139770.0	136596.0	128838.0	75753.0	71300.0	65348.0	136086.0	74144.0	146301.0	136027.0	1820.0	136412.0	134422.0	154220.0	148240.0	139445.0	138300.0	128644.0	75583.0	71283.0	1534.0	154021.0	672.0	136973.0	136048.0	136390.0	149839.0	139708.0	128738.0	137158.0	128638.0	75652.0	57064.0	1844.0	19782.0	137038.0	1862.0	71106.0	57042.0	136114.0	136042.0	19765.0	75568.0	65312.0	19822.0	137082.0	75562.0	74160.0	128702.0	137136.0	136406.0	74122.0	19748.0	136662.0	65342.0	19594.0	136351.0	137361.0	71330.0	71140.0	142785.0	2558.0	57098.0	65296.0	71351.0	75578.0	19700.0	19665.0	19806.0	19618.0	136472.0	65364.0	65276.0	1600.0	71156.0	136652.0	141906.0	136336.0	19770.0	149834.0	134456.0	
numberOfPoint-----------------	1	1	1	1	1	1	1	1	1	1	1	1	1	1	1	1	1	1	1	1	1	1	1	1	1	1	1	1	1	1	1	1	1	1	1	1	1	1	1	1	1	1	1	1	1	1	1	1	1	1	5	5	4	3	4	3	3	4	4	4	2	2	4	4	3	5	4	4	4	5	4	4	5	3	4	4	5	3	2	5	3	3	4	5	5	4	4	4	4	2	3	4	4	3	3	3	4	4	1	4	
standardDeviation-------------	.0	.0	.0	.0	.0	.0	.0	.0	.0	.0	.0	.0	.0	.0	.0	.0	.0	.0	.0	.0	.0	.0	.0	.0	.0	.0	.0	.0	.0	.0	.0	.0	.0	.0	.0	.0	.0	.0	.0	.0	.0	.0	.0	.0	.0	.0	.0	.0	.0	.0	7.96	9.03	8.45	7.24	7.05	7.9	7.33	8.62	8.83	9.98	5.15	4.93	8.86	10.06	8.08	9.36	10.74	9.27	9.06	9.19	8.66	7.93	7.75	7.6	8.36	8.29	9.51	6.55	6.9	9.01	8.31	6.91	8.81	11.13	9.67	7.86	9.39	8.53	9.58	5.85	7.21	9.16	8.75	7.0	8.03	6.25	9.17	9.41	.7	8.94	
initialCoverageValue----------	360	360	360	360	360	360	360	360	360	360	360	360	360	360	360	360	360	360	360	360	360	360	360	360	360	360	360	351	360	360	360	360	360	360	360	360	360	360	360	360	360	360	360	360	360	360	360	360	360	360	360	360	360	360	360	360	360	360	360	360	360	360	360	360	360	360	360	360	360	360	360	360	360	360	360	360	360	360	360	360	360	360	360	360	360	360	360	360	360	360	360	360	360	360	360	360	360	360	360	360	
initialRedundantCoverageValue-	1800	2640	2460	1920	2520	2760	2700	2700	3000	2700	2340	2340	2220	2220	3000	2460	2880	1740	2100	2100	2460	2460	2400	2400	2340	1920	2520	2049	2820	2820	3060	2340	2160	1680	1920	1980	2040	3060	2520	2760	2400	2520	1800	2220	2280	2820	1740	2580	2700	3540	2820	2580	2400	2700	2640	2940	2880	1740	2280	2880	2760	1440	3180	2760	2280	2580	2640	2400	2340	2460	3000	2340	2700	2460	2820	2160	3000	2100	1740	2400	2460	2220	2940	2340	2520	2880	2820	1920	2940	2280	1740	2640	2280	2460	2100	2100	2400	2340	1500	2700	
additionalPoiTime-------------	0.0
algorithmTime-----------------	1.462821377E8
serverTime--------------------	1.420077103E8
Total Transferred Metadata----	15329

Photo List Size: 4952
Gained Coverage %-------------	0.9436247950876608
Gained Redundancy %-----------	0.2900179985158399
Total Cluster Created---------	50
Total Transferred Photo-------	17669
Total Photo at Destination----	1785
Coverage Group----------------	1-30	31-60	61-90	91-120	121-150	151-180	181-210	211-240	241-270	271-300	301-330	331-360	
Coverage Distribution---------	0	0	0	0	0	0	0	1	2	7	18	72	
Ratio Group-------------------	.0	.1	.2	.3	.4	.5	.6	.7	.8	.9	1.0	
Coverage Ratio----------------	0	0	0	0	0	0	0	1	5	18	76	
Redundant Ratio---------------	0	2	16	38	35	8	1	0	0	0	0	
NumberOfPoint Group-----------	0	1	2	3	4	5	
NumOfPoint Distribution-------	0	1	4	12	24	9	
SD Group----------------------	0-1	1-2	2-3	3-4	4-5	5-6	6-7	7-8	8-9	9-10	10-11	11-12	
SD Distribution---------------	51	0	0	0	1	2	4	11	14	14	2	1	
Half Coverage Group-----------	0-33750	33750-67500	67500-101250	101250-135000	135000-168750	168750-202500	202500-236250	236250-270000	270000-303750	303750-337500	337500-371250	
Half Cvg Time Distribution----	17	10	18	13	42	0	0	0	0	0	0	
Transferred Photo Group-------	0-33750	33750-67500	67500-101250	101250-135000	135000-168750	168750-202500	202500-236250	236250-270000	270000-303750	303750-337500	337500-371250	
Photo Time Distribution-------	3367	6973	3510	208	47617	2623	8103	2923	0	405	0	

Cvg&Red Distribution----------	0.0	2.0	33750.0	67500.0	135000.0	270000.0	168750.0	337500.0	101250.0	202500.0	303750.0	236250.0	
Average PhotoNum--------------	51.05154639175258	51.05154639175258	56.55670103092783	73.85567010309278	83.90721649484536	156.18556701030928	146.48453608247422	153.16494845360825	82.9278350515464	148.43298969072166	156.18556701030928	153.1340206185567	
Nodes Above Average-----------	50	50	38	13	19	38	36	38	19	36	38	38	
Nodes Below Average-----------	47	47	59	84	78	59	61	59	78	61	59	59	

Average Coverage--------------	2944.618556701031	2944.618556701031	3189.216494845361	3956.7525773195875	4407.845360824742	7729.711340206186	7280.556701030928	7596.113402061856	4363.123711340206	7364.360824742268	7729.711340206186	7586.927835051546	
Nodes Above Average-----------	51	51	41	16	19	41	41	40	19	42	41	41	
Nodes Below Average-----------	46	46	56	81	78	56	56	57	78	55	56	56	
Photos Above Average----------	61	61	76	197	226	268	254	266	221	255	268	265	
Photos Below Average----------	39	39	42	49	49	74	67	73	49	66	74	71	
Network Coverage--------------	35991	35991	35991	35984	35979	35979	35979	35979	35979	35979	35979	35979	

Average Redundancy------------	118.47422680412372	118.47422680412372	204.18556701030928	474.58762886597935	626.5876288659794	1641.4226804123712	1508.5154639175257	1593.7835051546392	612.5463917525773	1541.618556701031	1641.4226804123712	1601.1134020618556	
Nodes Above Average-----------	43	43	16	10	14	33	29	32	14	30	33	33	
Nodes Below Average-----------	54	54	81	87	83	64	68	65	83	67	64	64	
Photos Above Average----------	58	58	93	268	268	292	297	290	260	297	292	291	
Photos Below Average----------	45	45	49	51	52	85	82	85	52	81	85	81	
Network Redundancy------------	261129	261129	293169	393856	452361	873021	816561	855441	446661	827901	873021	855261	

