Message stats for scenario Photo_5000-Scenario_4-ActualPOI_50-K_4
sim_time: 337500.0000

Photo List Size: 4952
coverageValue-----------------	323	360	360	360	360	337	360	334	280	340	359	305	360	316	351	360	310	326	282	352	358	360	284	309	354	360	330	360	347	299	346	352	360	347	311	334	346	314	335	321	360	314	351	352	323	360	349	333	360	360	360	308	360	346	308	360	360	317	355	360	348	360	355	357	360	344	360	326	305	351	346	360	297	314	309	360	330	360	360	292	354	357	339	355	360	360	343	360	349	316	326	360	350	355	360	336	360	329	358	316	
redundantCoverageValue--------	577	600	480	540	540	683	1020	266	560	680	781	655	1380	464	609	420	710	634	498	908	662	420	616	411	726	840	330	900	853	361	614	608	840	793	409	1106	794	586	685	519	660	706	609	608	277	780	1091	687	660	600	840	712	720	974	352	900	780	403	725	900	492	1020	845	723	900	916	1020	514	595	549	374	840	483	766	651	1140	930	720	960	728	546	843	1101	545	660	840	737	600	1451	704	394	1080	730	1025	720	384	1080	691	722	524	
halfCoverageTime--------------	136440.0	136351.0	71251.0	143349.0	141891.0	136652.0	1424.0	145743.0	136356.0	134439.0	141931.0	128696.0	65375.0	136108.0	139136.0	137104.0	75624.0	136657.0	142765.0	75593.0	75694.0	136022.0	136498.0	136331.0	137382.0	136636.0	134519.0	134422.0	138262.0	137420.0	136618.0	75743.0	142920.0	65307.0	136126.0	71150.0	136662.0	75773.0	139494.0	139028.0	128816.0	57093.0	141941.0	75578.0	71172.0	137115.0	136848.0	137442.0	65337.0	71340.0	136952.0	137006.0	56186.0	19794.0	134592.0	138956.0	56198.0	75667.0	136602.0	1440.0	65271.0	136881.0	128684.0	1752.0	57054.0	1904.0	74122.0	136058.0	19730.0	75748.0	136973.0	74128.0	56154.0	128732.0	75716.0	56142.0	139119.0	143411.0	74235.0	56160.0	1856.0	1588.0	136472.0	75700.0	57070.0	57059.0	128644.0	19782.0	19642.0	134502.0	154052.0	2597.0	128862.0	74144.0	19682.0	142978.0	19800.0	145170.0	1492.0	71226.0	
numberOfPoint-----------------	1	1	1	1	1	1	1	1	1	1	1	1	1	1	1	1	1	1	1	1	1	1	1	1	1	1	1	1	1	1	1	1	1	1	1	1	1	1	1	1	1	1	1	1	1	1	1	1	1	1	3	4	3	4	3	4	2	4	3	3	2	4	5	3	4	3	4	3	4	3	3	5	4	4	4	3	5	4	4	4	4	4	4	5	3	4	4	3	4	3	4	3	2	2	3	4	3	4	5	2	
standardDeviation-------------	.0	.0	.0	.0	.0	.0	.0	.0	.0	.0	.0	.0	.0	.0	.0	.0	.0	.0	.0	.0	.0	.0	.0	.0	.0	.0	.0	.0	.0	.0	.0	.0	.0	.0	.0	.0	.0	.0	.0	.0	.0	.0	.0	.0	.0	.0	.0	.0	.0	.0	8.77	8.27	8.27	8.14	7.49	8.9	5.41	10.17	8.96	7.1	4.88	9.16	9.53	6.99	11.43	6.24	9.64	7.66	9.56	6.43	6.82	8.96	9.5	8.75	8.59	6.37	10.97	8.7	7.47	7.44	7.89	8.09	9.52	9.09	7.64	6.63	10.0	7.71	8.21	9.8	10.21	6.34	4.73	5.64	7.65	8.23	6.42	9.93	10.26	5.93	
initialCoverageValue----------	360	360	360	360	360	360	360	360	360	360	360	360	360	360	360	360	360	360	351	360	360	360	360	360	360	360	360	360	360	360	360	360	360	360	360	360	360	360	360	360	360	360	360	360	360	360	360	360	360	360	360	359	360	360	360	360	360	360	360	360	360	360	360	360	360	360	360	360	360	360	360	360	360	360	360	360	360	360	360	360	360	360	360	360	360	360	360	360	360	360	360	360	360	360	360	360	360	360	360	360	
initialRedundantCoverageValue-	2340	2340	2100	2640	2520	2460	3360	1620	2460	1920	2640	2580	3420	1740	2520	2460	2700	2040	1869	3600	3000	1920	2040	1800	2460	1740	2400	3060	2280	2100	2460	2160	2940	2520	2040	2460	3000	2400	2340	2220	2040	2520	2580	2820	1080	2460	2640	2640	2520	2880	1980	1801	2040	2880	2160	2640	2460	2700	2520	3240	2040	2460	3000	2400	2880	2760	2580	2640	2520	2100	1860	2460	1620	3300	2460	3000	2760	2700	2400	2340	2460	2640	2400	2640	2160	2700	2100	2280	2940	2760	2340	2340	2580	2760	2280	2040	2640	2820	2460	1920	
additionalPoiTime-------------	8.69393573E7
algorithmTime-----------------	1.543161892E8
serverTime--------------------	1.379984846E8
Total Transferred Metadata----	15325

Photo List Size: 4952
Gained Coverage %-------------	0.9473464851347596
Gained Redundancy %-----------	0.2884073363016217
Total Cluster Created---------	50
Total Transferred Photo-------	17567
Total Photo at Destination----	1788
Coverage Group----------------	1-30	31-60	61-90	91-120	121-150	151-180	181-210	211-240	241-270	271-300	301-330	331-360	
Coverage Distribution---------	0	0	0	0	0	0	0	0	0	6	24	70	
Ratio Group-------------------	.0	.1	.2	.3	.4	.5	.6	.7	.8	.9	1.0	
Coverage Ratio----------------	0	0	0	0	0	0	0	0	2	22	76	
Redundant Ratio---------------	0	0	9	53	28	10	0	0	0	0	0	
NumberOfPoint Group-----------	0	1	2	3	4	5	
NumOfPoint Distribution-------	0	0	5	17	23	5	
SD Group----------------------	0-1	1-2	2-3	3-4	4-5	5-6	6-7	7-8	8-9	9-10	10-11	11-12	
SD Distribution---------------	50	0	0	0	2	3	8	9	13	9	5	1	
Half Coverage Group-----------	0-33750	33750-67500	67500-101250	101250-135000	135000-168750	168750-202500	202500-236250	236250-270000	270000-303750	303750-337500	337500-371250	
Half Cvg Time Distribution----	14	13	19	11	43	0	0	0	0	0	0	
Transferred Photo Group-------	0-33750	33750-67500	67500-101250	101250-135000	135000-168750	168750-202500	202500-236250	236250-270000	270000-303750	303750-337500	337500-371250	
Photo Time Distribution-------	3491	8824	3679	276	47182	2577	8049	2890	0	408	0	

Cvg&Red Distribution----------	0.0	2.0	33750.0	67500.0	135000.0	270000.0	168750.0	337500.0	101250.0	202500.0	303750.0	236250.0	
Average PhotoNum--------------	51.05154639175258	51.05154639175258	56.68041237113402	73.98969072164948	83.97938144329896	155.17525773195877	144.96907216494844	152.2164948453608	82.98969072164948	147.2577319587629	155.17525773195877	152.09278350515464	
Nodes Above Average-----------	50	50	39	14	19	39	36	38	19	36	39	39	
Nodes Below Average-----------	47	47	58	83	78	58	61	59	78	61	58	58	

Average Coverage--------------	2935.907216494845	2935.907216494845	3182.1649484536083	3944.639175257732	4388.5360824742265	7612.639175257732	7169.783505154639	7486.515463917526	4344.072164948454	7260.628865979382	7612.639175257732	7480.371134020618	
Nodes Above Average-----------	52	52	39	15	19	42	41	43	19	42	42	43	
Nodes Below Average-----------	45	45	58	82	78	55	56	54	78	55	55	54	
Photos Above Average----------	61	61	77	207	227	263	252	255	222	253	263	257	
Photos Below Average----------	38	38	42	49	49	72	66	69	49	66	72	68	
Network Coverage--------------	35990	35990	35990	35990	35990	35990	35990	35990	35990	35990	35990	35990	

Average Redundancy------------	127.18556701030928	127.18556701030928	218.659793814433	494.74226804123714	650.2268041237113	1697.8762886597938	1528.360824742268	1646.4742268041236	635.3092783505155	1574.8350515463917	1697.8762886597938	1645.1958762886597	
Nodes Above Average-----------	41	41	17	11	13	33	29	32	12	28	33	32	
Nodes Below Average-----------	56	56	80	86	84	64	68	65	85	69	64	65	
Photos Above Average----------	60	60	97	255	280	290	293	288	286	302	290	292	
Photos Below Average----------	44	44	48	50	53	85	81	84	54	84	85	83	
Network Redundancy------------	261130	261130	293890	394630	452770	867130	807730	849910	447010	821050	867130	849190	

