Message stats for scenario Photo_5000-Scenario_8-ActualPOI_50-K_4
sim_time: 337500.0000

Photo List Size: 1685
coverageValue-----------------	360	360	360	360	360	317	351	336	305	360	360	360	360	360	360	360	360	350	360	360	334	360	360	360	360	360	360	360	360	360	360	360	344	360	356	343	351	360	360	360	349	360	353	360	360	360	351	360	334	356	60	120	198	272	222	301	265	113	257	166	203	123	223	216	216	138	297	183	210	124	99	220	115	266	180	194	212	160	184	180	225	120	210	246	93	213	304	261	181	152	170	128	60	148	254	113	223	167	247	180	
redundantCoverageValue--------	1260	1020	1500	1140	1080	1063	969	984	655	1440	1200	1200	1500	1140	600	1320	1380	1210	1440	1200	806	1740	1380	1380	1320	1320	1140	1740	1740	1500	1860	1800	1516	1860	1444	1097	1389	1320	1020	1680	1211	1380	1207	1680	1500	1680	1089	1380	1106	964	0	0	42	268	78	239	215	67	223	134	157	57	17	144	204	42	123	57	90	56	21	80	5	154	0	46	88	140	56	60	15	0	210	174	27	267	476	39	59	88	70	52	0	32	106	7	137	133	53	60	
halfCoverageTime--------------	74138.0	71300.0	75613.0	2612.0	65358.0	19822.0	65391.0	128862.0	75667.0	56142.0	136549.0	128838.0	75662.0	136086.0	136080.0	75573.0	56224.0	134450.0	128602.0	75694.0	141886.0	65271.0	71251.0	75738.0	56198.0	71156.0	75743.0	128726.0	134546.0	75700.0	71306.0	136657.0	71134.0	75716.0	128644.0	75598.0	71204.0	75618.0	71241.0	74208.0	136434.0	71231.0	139461.0	65342.0	128768.0	136936.0	74182.0	75678.0	136560.0	74122.0	.0	.0	158210.0	134496.0	145072.0	136374.0	139838.0	.0	154427.0	.0	238676.0	.0	239262.0	148202.0	169028.0	.0	142802.0	156488.0	161910.0	.0	.0	241346.0	.0	138978.0	149839.0	163703.0	161858.0	.0	230958.0	325788.0	156499.0	.0	156644.0	227240.0	.0	156565.0	128732.0	146028.0	239872.0	.0	.0	.0	.0	.0	145034.0	.0	154636.0	.0	158100.0	241262.0	
numberOfPoint-----------------	1	1	1	1	1	1	1	1	1	1	1	1	1	1	1	1	1	1	1	1	1	1	1	1	1	1	1	1	1	1	1	1	1	1	1	1	1	1	1	1	1	1	1	1	1	1	1	1	1	1	1	1	1	3	3	1	2	2	2	2	2	2	1	1	1	1	2	1	2	2	1	2	1	1	1	2	3	2	2	2	1	2	2	2	1	2	2	1	2	2	2	1	1	1	3	1	1	2	2	2	
standardDeviation-------------	.0	.0	.0	.0	.0	.0	.0	.0	.0	.0	.0	.0	.0	.0	.0	.0	.0	.0	.0	.0	.0	.0	.0	.0	.0	.0	.0	.0	.0	.0	.0	.0	.0	.0	.0	.0	.0	.0	.0	.0	.0	.0	.0	.0	.0	.0	.0	.0	.0	.0	5.69	5.78	11.47	9.6	7.71	3.58	10.02	4.67	9.84	5.54	5.77	6.1	5.96	1.94	2.65	5.1	5.14	5.8	10.76	6.25	8.81	5.32	3.49	2.1	7.51	8.62	9.95	8.3	8.65	6.93	4.04	6.84	7.55	6.77	4.24	5.32	6.74	3.19	6.93	6.12	6.31	5.87	11.79	8.86	7.82	6.46	.85	11.09	7.29	8.36	
initialCoverageValue----------	360	360	360	360	360	360	360	360	360	360	360	360	360	360	360	360	360	360	360	360	360	360	360	360	360	360	360	360	360	360	360	360	360	360	360	360	360	360	360	360	360	360	360	360	360	360	360	360	360	360	360	360	360	360	360	360	360	360	360	360	360	360	360	360	360	360	360	360	360	360	360	360	360	360	360	360	360	360	360	360	360	360	360	360	360	360	360	360	360	360	360	360	360	360	360	360	360	360	360	360	
initialRedundantCoverageValue-	2280	2520	3240	1920	2340	2280	2100	2160	1980	2820	2700	2520	2820	2400	2040	2340	2640	2280	2580	1860	1920	3000	2700	2700	2880	2400	1860	3180	2820	2580	2400	2460	2580	2820	2280	2520	2400	2460	2520	2580	1980	2580	2220	2700	2520	2520	2280	2940	2040	1980	2400	2340	2640	2340	2340	3060	1980	1860	2340	2460	2700	2640	2040	2160	2340	2340	2820	2220	2520	2220	2520	2400	1860	2760	2520	2040	2400	2280	2880	2460	2220	2340	2700	2640	2760	2100	2700	3300	2220	2940	2340	2220	2340	2400	2040	1980	2520	2160	2400	3000	
additionalPoiTime-------------	1872012.0
algorithmTime-----------------	4.15566484571096E11
serverTime--------------------	140400.9
Total Transferred Metadata----	7809

Photo List Size: 1685
Gained Coverage %-------------	0.7539444444444444
Gained Redundancy %-----------	0.2887877296587926
Total Cluster Created---------	0
Total Transferred Photo-------	142189
Total Photo at Destination----	1688
Coverage Group----------------	1-30	31-60	61-90	91-120	121-150	151-180	181-210	211-240	241-270	271-300	301-330	331-360	
Coverage Distribution---------	0	2	0	7	5	8	8	9	7	2	4	48	
Ratio Group-------------------	.0	.1	.2	.3	.4	.5	.6	.7	.8	.9	1.0	
Coverage Ratio----------------	0	0	2	2	9	9	12	7	6	5	48	
Redundant Ratio---------------	5	41	4	1	1	16	21	9	2	0	0	
NumberOfPoint Group-----------	0	1	2	3	
NumOfPoint Distribution-------	0	21	25	4	
SD Group----------------------	0-1	1-2	2-3	3-4	4-5	5-6	6-7	7-8	8-9	9-10	10-11	11-12	
SD Distribution---------------	51	1	2	3	3	11	10	5	6	3	2	3	
Half Coverage Group-----------	0-33750	33750-67500	67500-101250	101250-135000	135000-168750	168750-202500	202500-236250	236250-270000	270000-303750	303750-337500	337500-371250	
Half Cvg Time Distribution----	2	7	24	10	29	1	2	5	0	1	0	
Transferred Photo Group-------	0-33750	33750-67500	67500-101250	101250-135000	135000-168750	168750-202500	202500-236250	236250-270000	270000-303750	303750-337500	337500-371250	
Photo Time Distribution-------	351466	494742	228821	20827	404468	34708	66126	46888	4054	28973	0	

Cvg&Red Distribution----------	0.0	2.0	33750.0	67500.0	135000.0	270000.0	168750.0	337500.0	101250.0	202500.0	303750.0	236250.0	
Average PhotoNum--------------	51.05154639175258	51.05154639175258	284.87628865979383	371.5979381443299	382.88659793814435	393.680412371134	393.44329896907215	393.69072164948454	381.6185567010309	393.44329896907215	393.69072164948454	393.44329896907215	
Nodes Above Average-----------	50	50	59	82	88	94	94	94	87	94	94	94	
Nodes Below Average-----------	47	47	38	15	9	3	3	3	10	3	3	3	

Average Coverage--------------	2914.40206185567	2914.40206185567	10928.639175257733	13629.350515463917	14014.340206185567	14300.731958762886	14344.577319587628	14294.103092783505	13940.969072164948	14332.58762886598	14289.432989690722	14289.01030927835	
Nodes Above Average-----------	52	52	63	78	74	63	60	62	76	59	61	63	
Nodes Below Average-----------	45	45	34	19	23	34	37	35	21	38	36	34	
Photos Above Average----------	61	61	381	399	400	400	400	400	400	400	400	400	
Photos Below Average----------	38	38	105	255	327	381	382	382	315	383	383	381	
Network Coverage--------------	35991	35991	35991	35991	35991	35991	35991	35991	35991	35991	35991	35991	

Average Redundancy------------	148.69072164948454	148.69072164948454	6163.938144329897	8666.525773195875	8958.855670103092	9320.092783505155	9262.0206185567	9327.340206185567	8956.144329896908	9274.01030927835	9332.01030927835	9317.58762886598	
Nodes Above Average-----------	45	45	55	82	79	60	62	61	81	61	61	60	
Nodes Below Average-----------	52	52	42	15	18	37	35	36	16	36	36	37	
Photos Above Average----------	59	59	396	399	400	400	400	400	400	400	400	400	
Photos Below Average----------	44	44	139	216	307	383	381	383	288	382	383	382	
Network Redundancy------------	261129	261129	1621989	2126709	2192409	2255229	2253849	2255289	2185029	2253849	2255289	2253849	

