Message stats for scenario Photo_5000-Scenario_4-ActualPOI_50-K_2
sim_time: 337500.0000

Photo List Size: 4952
coverageValue-----------------	360	360	284	325	312	309	359	315	285	355	352	334	334	360	360	351	334	331	360	341	340	318	316	344	316	282	355	305	360	258	358	309	321	360	327	356	322	360	343	310	324	360	360	353	351	310	360	326	360	322	360	360	360	360	360	352	351	360	360	350	343	351	310	345	335	360	350	358	349	360	360	342	346	275	333	357	353	323	343	350	349	301	353	360	360	347	360	357	360	360	309	359	327	355	342	309	299	360	360	325	
redundantCoverageValue--------	480	1140	436	395	708	411	721	705	675	545	548	506	566	960	840	789	566	449	1380	259	980	462	644	556	644	198	545	295	480	642	602	651	279	1020	693	664	638	840	257	830	516	900	660	667	609	410	840	394	840	758	960	720	1020	900	960	488	1089	840	240	850	1037	489	290	435	805	540	550	602	1091	720	900	1038	674	685	927	783	967	217	737	1090	431	719	1147	720	960	853	720	603	1200	720	711	661	453	905	198	411	841	1080	1080	515	
halfCoverageTime--------------	134546.0	57070.0	134422.0	65348.0	57093.0	137164.0	71226.0	128668.0	75738.0	128856.0	141906.0	136602.0	134478.0	138972.0	57002.0	136652.0	144058.0	71312.0	1570.0	136667.0	136509.0	137372.0	141880.0	139755.0	65266.0	141891.0	134428.0	136641.0	139676.0	128784.0	137432.0	143380.0	1764.0	136126.0	71216.0	145083.0	134586.0	71300.0	139130.0	136120.0	139445.0	71111.0	134405.0	75753.0	137361.0	145907.0	139734.0	137059.0	136703.0	136662.0	71306.0	65391.0	1528.0	75763.0	71262.0	74122.0	65281.0	136086.0	145160.0	19676.0	1796.0	134514.0	138220.0	136983.0	71236.0	75578.0	19670.0	136936.0	19618.0	1370.0	71106.0	65375.0	128696.0	128738.0	138358.0	19630.0	75705.0	136461.0	65271.0	71351.0	128720.0	136074.0	128644.0	128732.0	19600.0	134490.0	128708.0	137176.0	1780.0	56224.0	145832.0	2552.0	134496.0	19816.0	2570.0	146246.0	74192.0	136466.0	56203.0	19742.0	
numberOfPoint-----------------	1	1	1	1	1	1	1	1	1	1	1	1	1	1	1	1	1	1	1	1	1	1	1	1	1	1	1	1	1	1	1	1	1	1	1	1	1	1	1	1	1	1	1	1	1	1	1	1	1	1	4	3	3	4	5	2	4	3	4	4	3	3	4	4	4	3	4	5	4	3	5	6	5	5	5	2	4	4	4	4	4	4	3	4	4	5	5	5	4	4	4	3	3	4	2	4	5	4	5	2	
standardDeviation-------------	.0	.0	.0	.0	.0	.0	.0	.0	.0	.0	.0	.0	.0	.0	.0	.0	.0	.0	.0	.0	.0	.0	.0	.0	.0	.0	.0	.0	.0	.0	.0	.0	.0	.0	.0	.0	.0	.0	.0	.0	.0	.0	.0	.0	.0	.0	.0	.0	.0	.0	8.41	6.87	6.05	10.04	10.98	5.31	8.73	6.52	6.88	8.96	5.96	9.31	7.83	9.28	9.77	8.94	10.39	9.26	8.67	7.36	9.11	10.5	9.7	10.43	9.19	4.37	6.62	10.11	8.75	7.76	8.1	8.43	9.2	8.97	7.32	10.21	9.67	11.12	7.99	10.3	8.24	9.01	8.57	8.92	5.76	8.58	10.55	8.71	8.26	6.49	
initialCoverageValue----------	360	360	360	360	360	360	360	360	360	360	360	360	360	360	360	360	360	360	360	360	360	360	360	360	360	360	360	360	360	360	360	360	360	360	360	360	360	360	360	360	360	360	360	360	360	360	360	360	360	360	360	360	360	360	360	360	360	360	360	360	360	360	360	360	360	360	360	360	360	360	360	360	360	360	360	360	360	360	360	360	360	360	360	360	360	360	360	360	360	360	360	360	360	360	360	360	360	360	360	360	
initialRedundantCoverageValue-	2700	3060	1800	2340	2820	2700	3060	1860	2520	2220	2040	2400	2940	2760	2640	2760	1980	2820	3180	2340	3180	2460	2400	2640	2520	2160	2160	1740	3000	2460	2100	2400	2100	3000	2460	2700	2640	2340	2220	2100	2220	2640	2520	2820	2220	2160	2760	2160	2520	2160	2160	2160	2940	2400	2940	2160	3060	2400	2100	2820	3420	1800	2220	2100	1920	2340	2580	2280	2520	2280	2460	2880	2400	2400	2760	1860	2280	1680	2760	2280	2100	2040	2940	2220	2400	2580	2280	2340	3000	1920	2100	2400	1620	2460	2100	1500	2760	2400	2760	1620	
additionalPoiTime-------------	8.27117302E7
algorithmTime-----------------	1.516641722E8
serverTime--------------------	8.54573478E7
Total Transferred Metadata----	15328

Photo List Size: 4952
Gained Coverage %-------------	0.94375
Gained Redundancy %-----------	0.2860421836228288
Total Cluster Created---------	50
Total Transferred Photo-------	17676
Total Photo at Destination----	1780
Coverage Group----------------	1-30	31-60	61-90	91-120	121-150	151-180	181-210	211-240	241-270	271-300	301-330	331-360	
Coverage Distribution---------	0	0	0	0	0	0	0	0	1	5	24	70	
Ratio Group-------------------	.0	.1	.2	.3	.4	.5	.6	.7	.8	.9	1.0	
Coverage Ratio----------------	0	0	0	0	0	0	0	0	5	20	75	
Redundant Ratio---------------	0	2	16	37	37	8	0	0	0	0	0	
NumberOfPoint Group-----------	0	1	2	3	4	5	6	
NumOfPoint Distribution-------	0	0	4	10	24	11	1	
SD Group----------------------	0-1	1-2	2-3	3-4	4-5	5-6	6-7	7-8	8-9	9-10	10-11	11-12	
SD Distribution---------------	50	0	0	0	1	3	6	5	15	10	9	1	
Half Coverage Group-----------	0-33750	33750-67500	67500-101250	101250-135000	135000-168750	168750-202500	202500-236250	236250-270000	270000-303750	303750-337500	337500-371250	
Half Cvg Time Distribution----	15	11	17	18	39	0	0	0	0	0	0	
Transferred Photo Group-------	0-33750	33750-67500	67500-101250	101250-135000	135000-168750	168750-202500	202500-236250	236250-270000	270000-303750	303750-337500	337500-371250	
Photo Time Distribution-------	3420	7505	3428	279	36108	2022	5839	2294	0	281	0	

Cvg&Red Distribution----------	0.0	2.0	33750.0	67500.0	135000.0	270000.0	168750.0	337500.0	101250.0	202500.0	303750.0	236250.0	
Average PhotoNum--------------	51.05154639175258	51.05154639175258	54.24742268041237	64.8659793814433	72.42268041237114	121.50515463917526	115.55670103092784	118.91752577319588	71.68041237113403	116.09278350515464	121.50515463917526	119.74226804123711	
Nodes Above Average-----------	50	50	43	23	22	53	48	52	22	50	53	52	
Nodes Below Average-----------	47	47	54	74	75	44	49	45	75	47	44	45	

Average Coverage--------------	2933.680412371134	2933.680412371134	3088.4845360824743	3615.443298969072	3970.422680412371	6349.79381443299	6067.515463917526	6232.18556701031	3938.0721649484535	6088.113402061856	6349.79381443299	6275.051546391753	
Nodes Above Average-----------	51	51	45	26	25	53	49	51	26	51	53	53	
Nodes Below Average-----------	46	46	52	71	72	44	48	46	71	46	44	44	
Photos Above Average----------	61	61	69	114	145	174	173	172	139	171	174	174	
Photos Below Average----------	39	39	40	46	47	57	56	59	46	54	57	54	
Network Coverage--------------	36000	36000	36000	35995	35988	35988	35988	35988	35988	35988	35988	35988	

Average Redundancy------------	129.41237113402062	129.41237113402062	166.36082474226805	276.5154639175258	374.9381443298969	940.5154639175257	865.8865979381443	902.8659793814433	362.7525773195876	877.4536082474227	940.5154639175257	909.4845360824743	
Nodes Above Average-----------	41	41	26	17	19	45	42	46	20	44	45	45	
Nodes Below Average-----------	56	56	71	80	78	52	55	51	77	53	52	52	
Photos Above Average----------	60	60	73	136	166	182	181	177	159	178	182	181	
Photos Below Average----------	44	44	47	49	49	69	65	66	48	64	69	66	
Network Redundancy------------	261120	261120	279720	341525	385512	671172	636552	656112	381192	639672	671172	660912	

