Message stats for scenario Photo_1250-Scenario_7-ActualPOI_50
sim_time: 337500.0000

Photo List Size: 1238
coverageValue-----------------	271	332	230	271	292	325	245	350	304	360	334	301	324	236	360	331	229	293	157	219	321	298	307	210	277	323	330	314	352	333	330	347	317	278	260	356	216	360	302	346	243	337	238	338	326	334	336	348	303	121	285	272	319	314	299	250	280	297	290	342	252	310	340	311	233	261	351	337	251	317	120	294	251	241	197	284	281	243	236	261	289	344	333	287	277	265	182	316	256	286	254	265	253	286	265	260	355	213	273	290	
redundantCoverageValue--------	329	328	70	209	368	395	55	250	356	360	386	299	276	304	480	449	311	67	83	21	219	122	173	30	263	277	210	286	428	327	330	253	463	262	100	364	204	420	238	434	297	383	62	322	334	146	144	432	177	59	135	148	221	346	121	350	320	183	190	198	348	230	380	109	187	39	489	203	109	223	0	186	289	59	43	256	259	297	184	39	431	256	387	253	203	275	118	404	164	314	286	395	347	254	335	220	485	87	207	250	
halfCoverageTime--------------	136980.0	136533.0	241273.0	144877.0	141880.0	60607.0	137024.0	144038.0	60612.0	136919.0	134444.0	141891.0	137084.0	136952.0	136048.0	128656.0	156460.0	149887.0	.0	164190.0	142802.0	144872.0	141936.0	224431.0	136924.0	142785.0	137387.0	139424.0	136946.0	56213.0	71166.0	136502.0	142818.0	144931.0	139429.0	128638.0	138990.0	60627.0	136315.0	60665.0	136936.0	134478.0	145078.0	71150.0	65337.0	136859.0	145067.0	136549.0	136428.0	.0	143400.0	139440.0	142813.0	137019.0	60632.0	149834.0	2592.0	139665.0	74192.0	56234.0	144095.0	134484.0	128644.0	19765.0	145130.0	143339.0	134467.0	149892.0	145754.0	19718.0	.0	56198.0	136941.0	75603.0	136507.0	136254.0	138966.0	136560.0	57036.0	136423.0	136331.0	137392.0	19816.0	75583.0	139017.0	137002.0	142775.0	19676.0	137089.0	136641.0	74144.0	146246.0	71156.0	142808.0	145759.0	136485.0	56246.0	227272.0	71116.0	143380.0	
numberOfPoint-----------------	1	1	1	1	1	1	1	1	1	1	1	1	1	1	1	1	1	1	1	1	1	1	1	1	1	1	1	1	1	1	1	1	1	1	1	1	1	1	1	1	1	1	1	1	1	1	1	1	1	1	2	3	3	2	3	1	2	2	3	1	2	2	3	4	2	2	2	2	2	3	3	2	2	2	1	2	3	2	4	1	3	2	1	3	1	2	1	1	1	3	3	4	3	2	1	4	2	1	1	2	
standardDeviation-------------	.0	.0	.0	.0	.0	.0	.0	.0	.0	.0	.0	.0	.0	.0	.0	.0	.0	.0	.0	.0	.0	.0	.0	.0	.0	.0	.0	.0	.0	.0	.0	.0	.0	.0	.0	.0	.0	.0	.0	.0	.0	.0	.0	.0	.0	.0	.0	.0	.0	.0	6.1	8.41	9.86	5.62	9.87	.22	8.2	4.52	10.0	2.38	7.11	8.92	9.38	10.66	5.96	7.81	10.03	9.42	10.41	7.6	8.5	6.05	6.11	9.95	1.34	6.47	7.38	6.09	10.28	.98	9.36	7.89	1.91	8.43	.64	4.89	2.06	2.12	1.65	7.5	7.91	9.05	7.81	7.13	1.08	10.08	6.72	.82	1.0	5.32	
initialCoverageValue----------	278	360	340	360	292	325	257	351	304	360	358	301	324	236	360	331	229	323	360	261	321	298	329	271	337	353	330	314	352	334	330	360	317	278	333	356	233	360	302	346	243	360	258	349	342	348	340	348	332	248	297	304	348	348	337	304	280	304	301	342	260	320	360	315	327	348	351	337	290	344	217	350	308	324	324	289	314	294	286	351	360	360	333	347	278	295	242	332	256	352	280	298	262	325	290	293	355	277	273	297	
initialRedundantCoverageValue-	382	660	200	360	548	455	283	429	596	720	482	299	576	484	600	569	371	217	420	339	339	242	631	149	263	367	390	406	608	446	450	780	523	322	147	664	307	780	298	674	297	660	102	431	438	372	200	552	328	112	303	296	552	672	323	536	380	476	239	318	460	460	780	345	453	372	549	323	250	436	23	250	412	276	216	431	646	486	314	189	720	480	627	433	262	545	118	448	164	488	500	722	518	575	550	547	605	203	327	423	
additionalPoiTime-------------	1950012.5
algorithmTime-----------------	8704855.8
serverTime--------------------	187201.2
Total Transferred Metadata----	15372

Photo List Size: 1238
Gained Coverage %-------------	0.911840309733109
Gained Redundancy %-----------	0.5903899359171416
Total Cluster Created---------	50
Total Transferred Photo-------	8227
Total Photo at Destination----	903
Coverage Group----------------	1-30	31-60	61-90	91-120	121-150	151-180	181-210	211-240	241-270	271-300	301-330	331-360	
Coverage Distribution---------	0	0	0	1	1	1	3	9	18	23	20	24	
Ratio Group-------------------	.0	.1	.2	.3	.4	.5	.6	.7	.8	.9	1.0	
Coverage Ratio----------------	0	0	0	0	0	2	1	2	9	18	68	
Redundant Ratio---------------	1	1	4	4	7	14	21	16	17	9	6	
NumberOfPoint Group-----------	0	1	2	3	4	
NumOfPoint Distribution-------	0	12	21	13	4	
SD Group----------------------	0-1	1-2	2-3	3-4	4-5	5-6	6-7	7-8	8-9	9-10	10-11	
SD Distribution---------------	54	5	3	0	2	3	6	9	5	7	6	
Half Coverage Group-----------	0-33750	33750-67500	67500-101250	101250-135000	135000-168750	168750-202500	202500-236250	236250-270000	270000-303750	303750-337500	337500-371250	
Half Cvg Time Distribution----	5	11	8	7	63	0	2	1	0	0	0	
Transferred Photo Group-------	0-33750	33750-67500	67500-101250	101250-135000	135000-168750	168750-202500	202500-236250	236250-270000	270000-303750	303750-337500	337500-371250	
Photo Time Distribution-------	777	1653	780	64	5170	225	615	184	0	27	0	

Cvg&Red Distribution----------	0.0	2.0	33750.0	67500.0	135000.0	270000.0	168750.0	337500.0	101250.0	202500.0	303750.0	236250.0	
Average PhotoNum--------------	12.762886597938145	12.762886597938145	12.958762886597938	13.907216494845361	14.041237113402062	17.309278350515463	18.0	16.938144329896907	14.0	18.082474226804123	17.309278350515463	17.216494845360824	
Nodes Above Average-----------	54	54	52	43	35	52	57	53	35	58	52	52	
Nodes Below Average-----------	43	43	45	54	62	45	40	44	62	39	45	45	

Average Coverage--------------	758.2783505154639	758.2783505154639	769.3711340206186	825.7010309278351	834.0618556701031	1020.7422680412371	1064.298969072165	998.7010309278351	830.6701030927835	1068.5979381443299	1020.7422680412371	1014.1752577319587	
Nodes Above Average-----------	53	53	51	41	42	52	59	52	42	59	52	53	
Nodes Below Average-----------	44	44	46	56	55	45	38	45	55	38	45	44	
Photos Above Average----------	15	15	15	18	19	23	23	22	19	23	23	23	
Photos Below Average----------	9	9	9	10	9	10	9	10	9	9	10	9	
Network Coverage--------------	31415	31415	31018	30700	30269	29430	29671	29430	30312	29598	29430	29447	

Average Redundancy------------	7.494845360824742	7.494845360824742	8.154639175257731	8.731958762886597	8.412371134020619	17.814432989690722	15.70103092783505	17.587628865979383	9.329896907216495	16.350515463917525	17.814432989690722	18.814432989690722	
Nodes Above Average-----------	18	18	18	19	20	30	30	29	20	29	30	31	
Nodes Below Average-----------	79	79	79	78	77	67	67	68	77	68	67	66	
Photos Above Average----------	15	15	16	17	19	22	22	22	18	22	22	22	
Photos Below Average----------	12	12	12	13	12	15	15	14	12	16	15	14	
Network Redundancy------------	42865	42865	44402	50240	51451	71310	75089	69150	51168	75642	71310	70753	

