Message stats for scenario Photo_10000-Scenario_8-ActualPOI_50
sim_time: 337500.0000

Photo List Size: 1662
coverageValue-----------------	281	327	360	326	355	335	360	360	309	338	315	330	360	360	353	358	360	360	360	358	360	352	360	354	360	337	326	339	347	358	357	336	322	351	360	318	360	360	360	360	360	360	351	354	360	360	360	338	340	348	331	247	354	338	349	281	325	183	280	313	293	360	323	336	292	329	342	277	360	322	256	334	345	324	203	351	333	360	342	244	299	357	280	350	143	312	221	315	360	277	267	257	319	301	330	282	316	194	338	243	
redundantCoverageValue--------	619	693	1020	634	785	865	1200	960	1131	802	585	870	960	900	1087	1322	600	1320	840	1022	1140	848	840	1506	1320	1043	694	801	1213	1202	963	924	698	669	1020	1242	1200	1080	960	900	1080	960	849	726	900	1200	660	622	620	1452	269	293	546	562	311	319	395	177	440	347	427	300	277	444	128	571	438	203	480	338	344	626	375	576	157	669	387	540	378	56	361	303	440	430	97	288	79	225	840	203	453	223	281	179	390	378	404	166	502	297	
halfCoverageTime--------------	12498.0	7286.0	8333.0	10091.0	9532.0	9639.0	6856.0	8258.0	7732.0	5604.0	13074.0	7440.0	7980.0	7118.0	8084.0	9164.0	5920.0	7838.0	10717.0	7995.0	8000.0	9527.0	7550.0	8095.0	8312.0	7370.0	8602.0	7053.0	8608.0	7000.0	7026.0	9650.0	9482.0	6896.0	10338.0	5822.0	5925.0	8300.0	7714.0	10101.0	8348.0	7304.0	8693.0	14084.0	6912.0	7968.0	9588.0	8797.0	7274.0	8636.0	11492.0	10422.0	8764.0	8792.0	7702.0	7990.0	8670.0	25090.0	9628.0	11803.0	10434.0	10312.0	7130.0	8719.0	11088.0	14150.0	7770.0	10366.0	9594.0	6945.0	9176.0	10656.0	7786.0	10322.0	15336.0	8154.0	10506.0	8396.0	7655.0	15382.0	7136.0	11004.0	9104.0	7084.0	.0	8306.0	12846.0	7760.0	8390.0	10638.0	10124.0	12589.0	10778.0	8451.0	7870.0	7950.0	12478.0	21018.0	8418.0	10992.0	
numberOfPoint-----------------	1	1	1	1	1	1	1	1	1	1	1	1	1	1	1	1	1	1	1	1	1	1	1	1	1	1	1	1	1	1	1	1	1	1	1	1	1	1	1	1	1	1	1	1	1	1	1	1	1	1	2	4	2	2	3	2	1	3	3	2	2	4	2	2	1	2	1	2	2	2	3	3	2	2	1	4	2	2	2	1	1	3	2	2	1	3	1	2	3	2	2	1	2	3	3	2	3	1	2	2	
standardDeviation-------------	.0	.0	.0	.0	.0	.0	.0	.0	.0	.0	.0	.0	.0	.0	.0	.0	.0	.0	.0	.0	.0	.0	.0	.0	.0	.0	.0	.0	.0	.0	.0	.0	.0	.0	.0	.0	.0	.0	.0	.0	.0	.0	.0	.0	.0	.0	.0	.0	.0	.0	8.86	9.56	6.64	8.53	6.96	5.57	.89	9.21	6.81	5.88	7.73	10.0	8.1	6.98	.61	6.25	4.08	6.44	10.62	8.61	10.07	8.32	5.58	4.16	1.39	9.75	5.51	7.83	8.32	4.1	2.28	6.75	5.39	6.04	7.13	7.49	6.91	6.41	9.73	6.44	4.3	2.43	7.07	8.32	10.09	9.49	9.21	4.06	5.67	7.86	
initialCoverageValue----------	360	360	360	360	360	360	360	360	360	360	360	360	360	360	360	360	360	360	360	360	360	360	360	360	360	360	360	360	360	360	360	360	360	360	360	360	360	360	360	360	360	360	360	360	360	360	360	360	360	360	360	360	360	360	360	360	360	360	360	360	360	360	360	360	360	360	360	360	360	360	360	360	360	360	360	360	360	360	360	360	360	360	360	360	360	360	360	360	360	360	360	360	360	360	360	360	360	360	360	360	
initialRedundantCoverageValue-	5220	5160	4740	4080	5580	4560	5220	5160	5160	4680	4380	4860	4800	4680	4680	5040	5520	4800	4080	4680	4620	5220	4500	5160	4800	4860	4560	4320	5760	4200	5040	5040	4500	4620	4140	4740	4680	5160	4860	4320	5280	4320	4620	4680	4740	4740	4320	5400	3960	5880	4380	3600	5040	4500	5460	4740	5340	4800	5040	4860	5100	4620	5640	4560	4380	4980	4680	5280	5280	4680	4680	4800	5820	3720	4740	5460	5160	5280	4200	4260	4920	5280	5460	4560	4440	4860	4860	4200	4860	5280	5460	5220	4680	4980	5100	4740	5160	4560	4800	4380	
additionalPoiTime-------------	1950012.5
algorithmTime-----------------	2.1823640684586E11
Total Transferred Metadata----	7791

Photo List Size: 1662
Gained Coverage %-------------	0.9016944444444445
Gained Redundancy %-----------	0.13552587991718426
Total Cluster Created---------	0
Total Transferred Photo-------	143222
Total Photo at Destination----	1662
Coverage Group----------------	1-30	31-60	61-90	91-120	121-150	151-180	181-210	211-240	241-270	271-300	301-330	331-360	
Coverage Distribution---------	0	0	0	0	1	0	3	1	6	10	20	59	
Ratio Group-------------------	.0	.1	.2	.3	.4	.5	.6	.7	.8	.9	1.0	
Coverage Ratio----------------	0	0	0	0	1	0	3	4	10	16	66	
Redundant Ratio---------------	0	41	36	23	0	0	0	0	0	0	0	
NumberOfPoint Group-----------	0	1	2	3	4	
NumOfPoint Distribution-------	0	10	26	11	3	
SD Group----------------------	0-1	1-2	2-3	3-4	4-5	5-6	6-7	7-8	8-9	9-10	10-11	
SD Distribution---------------	52	1	2	0	5	6	11	6	7	7	3	
Half Coverage Group-----------	0-33750	33750-67500	67500-101250	101250-135000	135000-168750	168750-202500	202500-236250	236250-270000	270000-303750	303750-337500	337500-371250	
Half Cvg Time Distribution----	99	0	0	0	0	0	0	0	0	0	0	
Transferred Photo Group-------	0-33750	33750-67500	67500-101250	101250-135000	135000-168750	168750-202500	202500-236250	236250-270000	270000-303750	303750-337500	337500-371250	
Photo Time Distribution-------	221899	242608	108621	11107	194497	16798	32438	22137	1857	14391	0	

Cvg&Red Distribution----------	0.0	2.0	33750.0	67500.0	135000.0	270000.0	168750.0	337500.0	101250.0	202500.0	303750.0	236250.0	
Average PhotoNum--------------	102.49484536082474	102.49484536082474	177.15463917525773	196.76288659793815	198.08247422680412	200.0	200.0	200.0	198.08247422680412	200.0	200.0	200.0	
Nodes Above Average-----------	50	50	71	92	94	0	0	0	94	0	0	0	
Nodes Below Average-----------	47	47	26	5	3	97	97	97	3	97	97	97	

Average Coverage--------------	5615.577319587629	5615.577319587629	8881.865979381444	9734.525773195875	9787.144329896908	9826.855670103092	9839.505154639175	9837.0	9776.783505154639	9825.731958762886	9834.329896907217	9842.134020618556	
Nodes Above Average-----------	50	50	71	65	59	45	46	48	63	48	47	50	
Nodes Below Average-----------	47	47	26	32	38	52	51	49	34	49	50	47	
Photos Above Average----------	123	123	199	199	200	200	200	200	200	200	200	200	
Photos Below Average----------	80	80	116	190	195	200	200	200	194	200	200	200	
Network Coverage--------------	36000	36000	36000	36000	36000	36000	36000	36000	36000	36000	36000	36000	

Average Redundancy------------	534.1134020618557	534.1134020618557	1747.4123711340205	2071.2474226804125	2097.8041237113403	2173.144329896907	2160.494845360825	2163.0	2108.1649484536083	2174.2680412371133	2165.6701030927834	2157.865979381443	
Nodes Above Average-----------	41	41	66	53	49	52	51	49	52	49	50	47	
Nodes Below Average-----------	56	56	31	44	48	45	46	48	45	48	47	50	
Photos Above Average----------	124	124	199	200	199	200	200	200	199	200	200	200	
Photos Below Average----------	86	86	129	192	196	200	200	200	195	200	200	200	
Network Redundancy------------	560520	560520	995040	1109160	1116840	1128000	1128000	1128000	1116840	1128000	1128000	1128000	

