Message stats for scenario Photo_2500-Scenario_8-ActualPOI_50
sim_time: 337500.0000

Photo List Size: 1394
coverageValue-----------------	358	328	353	322	299	319	304	360	335	350	360	360	359	360	327	360	360	360	347	333	276	331	338	360	360	345	341	301	340	359	323	360	360	357	360	353	239	350	278	360	360	342	308	341	341	328	358	360	310	341	295	288	299	302	323	305	343	281	307	289	290	251	349	327	328	281	304	307	299	263	360	260	334	303	291	346	289	295	322	292	360	253	329	310	360	342	292	303	298	274	360	273	227	292	264	325	251	344	305	292	
redundantCoverageValue--------	482	452	607	458	601	401	236	1020	805	670	720	1080	481	1140	513	780	840	1020	853	507	684	509	562	780	480	615	679	299	380	901	577	1260	720	603	840	1087	421	910	622	780	780	378	592	439	859	572	362	780	230	619	305	252	421	178	337	355	317	199	353	191	610	349	731	273	392	139	176	353	301	397	480	220	326	357	249	254	371	425	158	428	720	407	271	590	300	798	188	417	182	326	300	267	133	248	396	455	229	76	235	188	
halfCoverageTime--------------	136854.0	57113.0	75683.0	74122.0	136064.0	139762.0	136086.0	128816.0	71216.0	19816.0	71351.0	56148.0	139691.0	65337.0	75624.0	128620.0	65327.0	128614.0	75678.0	19782.0	74202.0	71346.0	134478.0	136870.0	134514.0	75710.0	136498.0	149839.0	136365.0	74197.0	75784.0	71134.0	56186.0	136698.0	128822.0	75728.0	137392.0	136022.0	136114.0	74177.0	144048.0	134610.0	128673.0	128789.0	128678.0	71150.0	75688.0	71272.0	139142.0	137426.0	145738.0	230932.0	145764.0	143328.0	145917.0	146594.0	137115.0	136908.0	139434.0	153902.0	136458.0	141911.0	128768.0	136069.0	139494.0	137152.0	137006.0	139740.0	141941.0	139088.0	146435.0	153960.0	71161.0	139445.0	136376.0	144972.0	136994.0	146947.0	146854.0	139424.0	75662.0	144909.0	146620.0	71156.0	71340.0	71318.0	153998.0	136120.0	137382.0	138961.0	74166.0	158032.0	156264.0	136032.0	136382.0	128804.0	142961.0	143395.0	141896.0	146388.0	
numberOfPoint-----------------	1	1	1	1	1	1	1	1	1	1	1	1	1	1	1	1	1	1	1	1	1	1	1	1	1	1	1	1	1	1	1	1	1	1	1	1	1	1	1	1	1	1	1	1	1	1	1	1	1	1	2	2	2	2	1	1	2	2	2	1	2	2	2	2	4	2	1	2	3	2	4	3	2	1	1	2	3	3	2	3	2	3	2	2	1	2	2	3	3	3	2	2	1	2	2	1	2	1	2	3	
standardDeviation-------------	.0	.0	.0	.0	.0	.0	.0	.0	.0	.0	.0	.0	.0	.0	.0	.0	.0	.0	.0	.0	.0	.0	.0	.0	.0	.0	.0	.0	.0	.0	.0	.0	.0	.0	.0	.0	.0	.0	.0	.0	.0	.0	.0	.0	.0	.0	.0	.0	.0	.0	5.72	8.23	4.16	6.74	1.06	1.3	6.07	9.17	9.48	2.33	7.43	6.91	5.52	7.96	8.95	5.62	6.5	8.31	8.84	4.63	9.31	10.29	6.34	4.12	1.7	7.25	9.05	11.15	5.81	8.47	5.4	7.65	4.85	5.95	3.07	5.78	5.34	8.95	10.95	7.5	9.26	9.05	5.01	10.0	5.99	1.26	7.28	5.02	7.83	8.28	
initialCoverageValue----------	360	360	360	348	313	348	353	360	360	360	360	360	360	360	349	360	360	360	360	360	335	351	338	360	360	346	360	352	360	360	360	360	360	360	360	360	309	350	278	360	360	342	360	360	360	349	360	360	340	355	360	357	360	312	360	360	360	360	360	358	360	360	360	358	351	360	360	360	352	360	360	360	346	326	346	360	335	338	360	360	360	347	360	360	360	360	360	360	358	360	360	356	360	339	348	360	352	360	360	349	
initialRedundantCoverageValue-	960	780	1320	852	827	852	667	1380	1140	1260	1080	1560	1140	1620	971	1140	1260	1380	1440	1020	1105	1029	682	1200	960	914	1020	488	960	1140	900	1860	1680	1080	1740	1560	771	1150	922	1200	1320	738	1020	1020	1380	1151	840	1080	740	845	840	663	1020	828	1320	1020	900	720	900	782	1200	1380	1500	962	849	1200	1140	1020	1088	1380	1140	900	1394	1414	974	1200	745	1102	960	1260	1020	853	1500	1920	1140	1680	900	1200	902	960	1080	1264	1140	861	1272	1380	968	660	840	851	
additionalPoiTime-------------	343202.2
algorithmTime-----------------	5.6016232114132E10
serverTime--------------------	202801.3
Total Transferred Metadata----	7866

Photo List Size: 1394
Gained Coverage %-------------	0.9075005652272213
Gained Redundancy %-----------	0.4537297870783639
Total Cluster Created---------	0
Total Transferred Photo-------	121662
Total Photo at Destination----	1394
Coverage Group----------------	1-30	31-60	61-90	91-120	121-150	151-180	181-210	211-240	241-270	271-300	301-330	331-360	
Coverage Distribution---------	0	0	0	0	0	0	0	2	6	21	25	46	
Ratio Group-------------------	.0	.1	.2	.3	.4	.5	.6	.7	.8	.9	1.0	
Coverage Ratio----------------	0	0	0	0	0	0	0	2	10	28	60	
Redundant Ratio---------------	0	0	6	22	16	18	12	15	10	1	0	
NumberOfPoint Group-----------	0	1	2	3	4	
NumOfPoint Distribution-------	0	10	28	10	2	
SD Group----------------------	0-1	1-2	2-3	3-4	4-5	5-6	6-7	7-8	8-9	9-10	10-11	11-12	
SD Distribution---------------	50	4	1	1	4	11	5	7	7	6	3	1	
Half Coverage Group-----------	0-33750	33750-67500	67500-101250	101250-135000	135000-168750	168750-202500	202500-236250	236250-270000	270000-303750	303750-337500	337500-371250	
Half Cvg Time Distribution----	2	5	23	12	57	0	1	0	0	0	0	
Transferred Photo Group-------	0-33750	33750-67500	67500-101250	101250-135000	135000-168750	168750-202500	202500-236250	236250-270000	270000-303750	303750-337500	337500-371250	
Photo Time Distribution-------	63845	63897	25373	2432	44421	3728	7459	5142	450	3098	0	

Cvg&Red Distribution----------	0.0	2.0	33750.0	67500.0	135000.0	270000.0	168750.0	337500.0	101250.0	202500.0	303750.0	236250.0	
Average PhotoNum--------------	25.52577319587629	25.52577319587629	47.63917525773196	50.0	50.0	49.97938144329897	50.0	50.0	50.0	50.0	49.97938144329897	50.0	
Nodes Above Average-----------	51	51	87	0	0	95	0	0	0	0	95	0	
Nodes Below Average-----------	46	46	10	97	97	2	97	97	97	97	2	97	

Average Coverage--------------	1500.381443298969	1500.381443298969	2713.453608247423	2856.453608247423	2857.5257731958764	2852.7938144329896	2850.546391752577	2852.319587628866	2858.9896907216494	2849.9690721649486	2854.577319587629	2852.4845360824743	
Nodes Above Average-----------	51	51	83	53	48	49	52	51	47	50	49	53	
Nodes Below Average-----------	46	46	14	44	49	48	45	46	50	47	48	44	
Photos Above Average----------	30	30	50	50	50	50	50	50	50	50	50	50	
Photos Below Average----------	19	19	33	50	50	49	50	50	50	50	49	50	
Network Coverage--------------	35346	35346	35346	35346	35346	35346	35346	35346	35346	35346	35346	35346	

Average Redundancy------------	31.164948453608247	31.164948453608247	144.89690721649484	143.5463917525773	142.4742268041237	145.96907216494844	149.4536082474227	147.68041237113403	141.01030927835052	150.03092783505156	144.18556701030928	147.51546391752578	
Nodes Above Average-----------	37	37	46	44	49	47	45	46	50	47	48	44	
Nodes Below Average-----------	60	60	51	53	48	50	52	51	47	50	49	53	
Photos Above Average----------	28	28	49	50	50	49	50	50	50	50	49	50	
Photos Below Average----------	23	23	45	50	50	49	50	50	50	50	49	50	
Network Redundancy------------	113214	113214	241914	255654	255654	255534	255654	255654	255654	255654	255534	255654	

