Message stats for scenario Photo_5000-Scenario_4-ActualPOI_50-K_1
sim_time: 337500.0000

Photo List Size: 4952
coverageValue-----------------	281	357	360	343	315	353	343	360	360	352	360	285	347	360	350	360	344	308	333	360	360	344	345	324	355	337	360	325	338	320	353	345	316	338	360	286	357	266	307	346	299	299	275	336	275	354	296	349	311	356	356	360	346	355	360	360	324	360	327	351	337	343	360	322	360	360	340	360	360	360	360	360	332	334	360	346	310	353	360	360	333	360	360	360	347	359	360	359	355	344	360	360	360	360	360	338	360	349	345	341	
redundantCoverageValue--------	679	843	960	557	345	427	317	600	720	548	840	315	733	1140	550	540	436	352	387	720	600	856	975	336	725	443	1200	455	862	700	787	495	524	622	480	434	543	634	953	854	301	481	265	924	85	546	244	371	709	544	664	1080	854	365	1080	660	816	780	453	429	743	917	600	278	1080	660	740	1020	720	600	1020	1320	868	566	1020	914	830	1027	720	1020	567	1080	840	720	1273	1141	900	1081	905	736	600	720	1020	780	1320	862	1080	911	795	679	
halfCoverageTime--------------	136667.0	75646.0	75705.0	19665.0	155874.0	145827.0	71156.0	71231.0	1564.0	74213.0	136519.0	142926.0	134405.0	136896.0	158146.0	142775.0	139072.0	153891.0	144128.0	142903.0	139640.0	136630.0	134478.0	139813.0	57042.0	139854.0	75748.0	75733.0	136881.0	134541.0	134422.0	136585.0	136854.0	128608.0	136120.0	128756.0	1894.0	145896.0	75763.0	71116.0	139488.0	139818.0	145121.0	134563.0	139000.0	134610.0	139625.0	128810.0	136677.0	74177.0	136487.0	1874.0	2607.0	144133.0	65342.0	134552.0	136450.0	19676.0	128762.0	75784.0	136362.0	136930.0	56218.0	134524.0	56224.0	1868.0	139775.0	65391.0	19794.0	19724.0	19816.0	1936.0	56180.0	56246.0	56208.0	75678.0	139119.0	71288.0	74160.0	136552.0	74235.0	19765.0	136396.0	74144.0	56186.0	74128.0	71166.0	2592.0	19712.0	19800.0	65375.0	145774.0	56234.0	74197.0	19776.0	75640.0	19600.0	128868.0	134558.0	57024.0	
numberOfPoint-----------------	1	1	1	1	1	1	1	1	1	1	1	1	1	1	1	1	1	1	1	1	1	1	1	1	1	1	1	1	1	1	1	1	1	1	1	1	1	1	1	1	1	1	1	1	1	1	1	1	1	1	3	4	3	4	2	4	4	2	4	4	5	4	3	1	4	2	3	4	3	3	4	4	4	3	4	4	5	3	4	4	4	4	5	4	4	4	4	4	2	3	4	2	4	4	4	4	3	4	2	3	
standardDeviation-------------	.0	.0	.0	.0	.0	.0	.0	.0	.0	.0	.0	.0	.0	.0	.0	.0	.0	.0	.0	.0	.0	.0	.0	.0	.0	.0	.0	.0	.0	.0	.0	.0	.0	.0	.0	.0	.0	.0	.0	.0	.0	.0	.0	.0	.0	.0	.0	.0	.0	.0	9.49	8.76	9.06	8.73	5.2	9.86	8.48	6.28	10.61	8.67	10.55	8.75	6.28	.71	8.03	4.71	6.96	9.32	7.93	7.34	10.41	9.48	9.35	9.92	7.88	9.74	9.92	6.65	8.2	10.73	8.33	8.95	9.19	9.4	9.15	9.72	7.93	9.59	11.18	6.5	8.6	5.97	8.53	9.12	8.39	10.64	7.56	9.5	6.74	9.22	
initialCoverageValue----------	360	360	360	360	360	360	360	360	360	360	360	360	360	360	360	360	360	360	360	360	360	360	360	360	360	360	360	360	360	360	360	360	360	360	360	360	360	360	360	360	360	360	360	360	360	360	360	360	360	360	360	360	360	360	360	360	360	360	360	360	360	360	360	360	360	360	360	360	360	360	360	360	360	360	360	360	360	360	360	360	360	360	360	360	360	360	360	360	360	360	360	360	360	360	360	360	360	360	360	360	
initialRedundantCoverageValue-	2460	2700	2460	2580	2160	2520	2220	2760	2940	2220	2400	2160	2280	2580	2040	2400	2340	2100	2400	2520	2760	2160	2640	2280	2880	1860	2880	2280	2520	2280	2640	2820	2700	3180	2220	2100	2040	1680	2400	2460	1980	2280	2280	2520	1680	2640	2280	2220	2160	2220	2220	2340	2220	1980	2220	2160	3060	2760	2340	2040	2040	2400	2040	2280	2700	2340	2700	2640	2880	2040	3000	2340	1920	2280	2820	2580	2640	2760	2460	2700	1680	2760	2400	2520	2880	2400	2340	2820	2820	1860	2100	2880	3240	2520	2760	2460	2700	2280	2880	2280	
additionalPoiTime-------------	8.76881621E7
algorithmTime-----------------	1.494021577E8
serverTime--------------------	3.66758351E7
Total Transferred Metadata----	15334

Photo List Size: 4952
Gained Coverage %-------------	0.95025
Gained Redundancy %-----------	0.2958106772120613
Total Cluster Created---------	50
Total Transferred Photo-------	17762
Total Photo at Destination----	1811
Coverage Group----------------	1-30	31-60	61-90	91-120	121-150	151-180	181-210	211-240	241-270	271-300	301-330	331-360	
Coverage Distribution---------	0	0	0	0	0	0	0	0	1	8	12	79	
Ratio Group-------------------	.0	.1	.2	.3	.4	.5	.6	.7	.8	.9	1.0	
Coverage Ratio----------------	0	0	0	0	0	0	0	0	6	13	81	
Redundant Ratio---------------	0	1	19	34	37	8	1	0	0	0	0	
NumberOfPoint Group-----------	0	1	2	3	4	5	
NumOfPoint Distribution-------	0	1	6	11	29	3	
SD Group----------------------	0-1	1-2	2-3	3-4	4-5	5-6	6-7	7-8	8-9	9-10	10-11	11-12	
SD Distribution---------------	51	0	0	0	1	2	6	5	12	17	5	1	
Half Coverage Group-----------	0-33750	33750-67500	67500-101250	101250-135000	135000-168750	168750-202500	202500-236250	236250-270000	270000-303750	303750-337500	337500-371250	
Half Cvg Time Distribution----	17	12	20	14	37	0	0	0	0	0	0	
Transferred Photo Group-------	0-33750	33750-67500	67500-101250	101250-135000	135000-168750	168750-202500	202500-236250	236250-270000	270000-303750	303750-337500	337500-371250	
Photo Time Distribution-------	3553	6716	3230	277	24967	1206	3404	1364	0	153	0	

Cvg&Red Distribution----------	0.0	2.0	33750.0	67500.0	135000.0	270000.0	168750.0	337500.0	101250.0	202500.0	303750.0	236250.0	
Average PhotoNum--------------	51.05154639175258	51.05154639175258	52.01030927835052	56.30927835051546	58.865979381443296	77.96907216494846	76.82474226804123	76.42268041237114	58.855670103092784	76.75257731958763	77.96907216494846	77.28865979381443	
Nodes Above Average-----------	50	50	48	46	45	65	61	65	45	62	65	63	
Nodes Below Average-----------	47	47	49	51	52	32	36	32	52	35	32	34	

Average Coverage--------------	2926.3917525773195	2926.3917525773195	2975.8041237113403	3201.3092783505153	3331.2061855670104	4325.474226804124	4271.865979381443	4248.072164948454	3330.0721649484535	4269.938144329897	4325.474226804124	4291.618556701031	
Nodes Above Average-----------	53	53	51	47	46	64	61	65	46	62	64	63	
Nodes Below Average-----------	44	44	46	50	51	33	36	32	51	35	33	34	
Photos Above Average----------	61	61	63	72	78	96	97	94	78	96	96	96	
Photos Below Average----------	38	38	39	41	40	42	42	40	41	41	42	41	
Network Coverage--------------	36000	36000	36000	36000	36000	35990	35990	35990	36000	35990	35990	35990	

Average Redundancy------------	136.70103092783506	136.70103092783506	144.81443298969072	177.24742268041237	200.75257731958763	352.6701030927835	337.6185567010309	337.2886597938144	201.2680412371134	335.21649484536084	352.6701030927835	345.70103092783506	
Nodes Above Average-----------	40	40	40	43	38	51	52	51	38	52	51	51	
Nodes Below Average-----------	57	57	57	54	59	46	45	46	59	45	46	46	
Photos Above Average----------	61	61	63	71	79	97	97	95	79	96	97	96	
Photos Below Average----------	43	43	43	44	45	56	53	54	45	53	56	55	
Network Redundancy------------	261120	261120	266700	291720	306600	417790	411130	408790	306540	410710	417790	413830	

