Message stats for scenario Photo_2500-Scenario_5-ActualPOI_50
sim_time: 337500.0000

Photo List Size: 2485
coverageValue-----------------	325	352	360	337	360	358	213	293	341	292	250	247	288	354	335	343	289	353	224	293	284	349	337	260	349	297	266	312	313	335	360	311	344	314	330	273	325	360	284	329	314	207	335	323	293	326	281	319	313	326	338	339	293	310	333	346	327	317	360	333	334	353	324	358	283	254	344	271	338	321	360	359	343	351	320	352	351	333	360	240	360	307	322	350	355	257	317	317	301	320	348	360	360	224	322	252	360	349	316	266	
redundantCoverageValue--------	155	248	360	263	240	242	147	127	139	308	350	113	372	366	145	197	251	307	76	67	76	131	83	160	251	183	274	168	347	385	300	169	316	166	210	267	155	240	136	211	226	153	265	157	247	214	139	101	227	274	262	261	547	470	387	314	273	163	420	207	386	367	456	422	137	226	316	209	202	339	240	601	257	429	340	368	249	267	240	180	540	113	338	250	245	283	343	283	239	400	252	480	660	76	278	108	660	371	284	274	
halfCoverageTime--------------	9594.0	9935.0	7748.0	9164.0	7855.0	9488.0	13826.0	9517.0	7090.0	9834.0	9470.0	10622.0	10032.0	7738.0	10099.0	9553.0	10021.0	10048.0	8300.0	10848.0	10843.0	7392.0	17344.0	7702.0	7786.0	9967.0	11184.0	7063.0	10144.0	6835.0	6978.0	8270.0	11034.0	9892.0	10184.0	11178.0	9806.0	7375.0	11155.0	8066.0	22144.0	235341.0	10563.0	10178.0	11240.0	8005.0	10801.0	7678.0	10328.0	7274.0	5952.0	7726.0	10656.0	9158.0	7760.0	7754.0	7440.0	11621.0	11593.0	9086.0	7470.0	10706.0	9548.0	6940.0	8016.0	13932.0	11044.0	10094.0	10827.0	7639.0	6782.0	7236.0	6798.0	7196.0	9902.0	9538.0	9852.0	17480.0	7308.0	22090.0	5687.0	11258.0	10361.0	12611.0	11234.0	7297.0	7224.0	16852.0	7074.0	5508.0	11067.0	5814.0	5726.0	21936.0	11100.0	22054.0	7838.0	8328.0	9919.0	12784.0	
numberOfPoint-----------------	1	1	1	1	1	1	1	1	1	1	1	1	1	1	1	1	1	1	1	1	1	1	1	1	1	1	1	1	1	1	1	1	1	1	1	1	1	1	1	1	1	1	1	1	1	1	1	1	1	1	2	2	4	2	2	4	2	3	2	2	2	2	2	4	3	3	4	3	1	3	2	2	2	3	4	4	4	2	3	2	4	3	4	3	2	2	2	3	2	2	4	3	4	1	4	2	3	3	4	2	
standardDeviation-------------	.0	.0	.0	.0	.0	.0	.0	.0	.0	.0	.0	.0	.0	.0	.0	.0	.0	.0	.0	.0	.0	.0	.0	.0	.0	.0	.0	.0	.0	.0	.0	.0	.0	.0	.0	.0	.0	.0	.0	.0	.0	.0	.0	.0	.0	.0	.0	.0	.0	.0	7.89	5.32	8.29	5.37	4.91	10.35	4.83	9.36	4.9	11.55	5.78	5.06	4.55	9.79	8.36	7.92	8.58	8.78	1.5	6.23	5.58	7.09	6.06	8.13	10.48	8.4	9.13	4.35	6.97	6.2	7.84	8.13	7.87	8.41	6.74	7.73	5.85	6.52	5.15	5.04	8.98	8.88	8.82	1.4	8.74	5.18	7.56	8.92	7.47	4.99	
initialCoverageValue----------	360	360	360	360	360	360	360	360	360	360	320	344	336	360	340	360	356	353	319	360	360	357	360	360	360	346	360	345	360	353	360	340	360	360	360	360	360	360	360	360	352	354	353	353	359	360	352	340	360	360	360	357	335	360	360	360	360	360	360	360	360	360	360	360	360	305	360	358	360	360	360	360	352	360	343	360	360	356	360	360	360	348	360	360	360	326	354	360	360	340	360	360	360	337	360	360	360	360	353	332	
initialRedundantCoverageValue-	840	1440	1620	960	1680	1260	1020	1320	1140	960	1120	916	864	1320	740	1560	1744	1507	281	840	660	843	1080	780	1080	1154	900	915	1380	907	1380	740	1680	1020	780	1140	1320	1260	780	1200	1028	726	1387	967	901	1800	908	920	960	1200	780	963	1345	1140	1080	900	1680	780	960	720	1140	1140	1560	1620	900	595	1080	902	1200	1860	1320	1500	668	1560	1337	1020	1140	1084	1080	840	1560	972	1200	540	1020	814	906	840	1380	1640	780	1680	1380	383	900	540	1440	960	1267	748	
additionalPoiTime-------------	0.0
algorithmTime-----------------	3.39926179E7
Total Transferred Metadata----	15383

Photo List Size: 2485
Gained Coverage %-------------	0.8956266907123535
Gained Redundancy %-----------	0.24337718179499326
Total Cluster Created---------	50
Total Transferred Photo-------	13474
Total Photo at Destination----	980
Coverage Group----------------	1-30	31-60	61-90	91-120	121-150	151-180	181-210	211-240	241-270	271-300	301-330	331-360	
Coverage Distribution---------	0	0	0	0	0	0	1	4	8	14	28	45	
Ratio Group-------------------	.0	.1	.2	.3	.4	.5	.6	.7	.8	.9	1.0	
Coverage Ratio----------------	0	0	0	0	0	0	2	3	12	25	58	
Redundant Ratio---------------	0	3	34	35	19	9	0	0	0	0	0	
NumberOfPoint Group-----------	0	1	2	3	4	
NumOfPoint Distribution-------	0	2	22	13	13	
SD Group----------------------	0-1	1-2	2-3	3-4	4-5	5-6	6-7	7-8	8-9	9-10	10-11	11-12	
SD Distribution---------------	50	2	0	0	6	9	6	8	13	3	2	1	
Half Coverage Group-----------	0-33750	33750-67500	67500-101250	101250-135000	135000-168750	168750-202500	202500-236250	236250-270000	270000-303750	303750-337500	337500-371250	
Half Cvg Time Distribution----	99	0	0	0	0	0	1	0	0	0	0	
Transferred Photo Group-------	0-33750	33750-67500	67500-101250	101250-135000	135000-168750	168750-202500	202500-236250	236250-270000	270000-303750	303750-337500	337500-371250	
Photo Time Distribution-------	2483	6198	3489	10	2998	278	112	468	0	0	0	

Cvg&Red Distribution----------	0.0	2.0	33750.0	67500.0	135000.0	270000.0	168750.0	337500.0	101250.0	202500.0	303750.0	236250.0	
Average PhotoNum--------------	25.61855670103093	25.61855670103093	28.804123711340207	33.54639175257732	33.93814432989691	36.876288659793815	36.2680412371134	36.65979381443299	33.93814432989691	36.2680412371134	36.876288659793815	36.2680412371134	
Nodes Above Average-----------	51	51	40	43	44	54	52	54	44	52	54	52	
Nodes Below Average-----------	46	46	57	54	53	43	45	43	53	45	43	45	

Average Coverage--------------	1499.7113402061855	1499.7113402061855	1681.1134020618556	1940.4845360824743	1947.1443298969073	2111.659793814433	2076.1958762886597	2099.7319587628867	1947.1443298969073	2077.3092783505153	2111.659793814433	2077.2680412371133	
Nodes Above Average-----------	54	54	38	44	45	54	52	54	45	52	54	52	
Nodes Below Average-----------	43	43	59	53	52	43	45	43	52	45	43	45	
Photos Above Average----------	30	30	40	48	48	49	49	49	48	49	49	49	
Photos Below Average----------	19	19	21	21	21	21	20	21	21	20	21	20	
Network Coverage--------------	35474	35474	35418	35308	35308	35305	35305	35305	35308	35305	35305	35305	

Average Redundancy------------	37.402061855670105	37.402061855670105	47.134020618556704	72.29896907216495	89.14432989690722	100.91752577319588	99.88659793814433	99.85567010309278	89.14432989690722	98.77319587628865	100.91752577319588	98.81443298969072	
Nodes Above Average-----------	43	43	40	40	39	46	44	45	39	44	46	44	
Nodes Below Average-----------	54	54	57	57	58	51	53	52	58	53	51	53	
Photos Above Average----------	28	28	36	46	47	48	48	47	47	48	48	48	
Photos Below Average----------	23	23	23	24	24	26	26	26	24	26	26	26	
Network Redundancy------------	113626	113626	132222	159932	162212	179315	175775	178055	162212	175775	179315	175775	

