Message stats for scenario Photo_5000-Scenario_8-ActualPOI_50-K_2
sim_time: 337500.0000

Photo List Size: 1715
coverageValue-----------------	360	360	360	360	355	360	360	359	360	360	360	360	360	360	357	355	360	360	360	360	360	360	360	360	360	359	320	360	360	341	339	360	345	360	351	360	354	348	360	333	360	360	360	360	359	360	360	360	360	354	260	321	227	189	141	254	278	329	284	223	287	261	80	293	241	278	215	313	196	279	177	333	237	260	196	287	208	338	279	220	237	273	234	208	321	348	287	161	180	245	264	251	205	339	267	268	179	311	236	235	
redundantCoverageValue--------	1140	1260	1320	1320	1565	1320	900	661	1320	1080	1140	1020	1560	1020	1023	785	1440	1440	1020	1140	1440	1200	1260	1320	2220	1561	1180	960	1560	679	801	840	1215	960	609	840	1266	1452	2220	1287	840	1500	1440	1200	1081	1260	1020	1200	1260	906	160	399	373	111	99	106	262	211	256	137	253	159	40	247	239	142	205	227	44	201	183	207	63	160	44	193	212	382	201	80	123	87	246	152	279	312	133	79	0	115	336	229	95	141	213	272	181	229	64	185	
halfCoverageTime--------------	75763.0	56218.0	136461.0	136042.0	19782.0	136652.0	142908.0	139034.0	19776.0	136902.0	71256.0	71241.0	128738.0	56170.0	65296.0	137072.0	128804.0	139818.0	71330.0	75683.0	136270.0	128862.0	65375.0	134405.0	65302.0	134558.0	75603.0	139724.0	75613.0	136299.0	144068.0	134626.0	137403.0	136037.0	137453.0	136891.0	136331.0	134416.0	2540.0	65317.0	139635.0	128626.0	71128.0	65353.0	128844.0	71312.0	128673.0	65286.0	136688.0	136662.0	156649.0	144053.0	148079.0	169012.0	.0	136914.0	139640.0	1522.0	161868.0	158249.0	136126.0	134524.0	.0	145733.0	145907.0	2612.0	146400.0	139093.0	161905.0	157221.0	.0	139450.0	227196.0	157089.0	163656.0	141968.0	139077.0	139770.0	146897.0	146596.0	157137.0	139419.0	158032.0	139057.0	142823.0	136412.0	2628.0	.0	227169.0	146666.0	142802.0	137019.0	136027.0	146854.0	156842.0	137382.0	.0	146644.0	239726.0	144904.0	
numberOfPoint-----------------	1	1	1	1	1	1	1	1	1	1	1	1	1	1	1	1	1	1	1	1	1	1	1	1	1	1	1	1	1	1	1	1	1	1	1	1	1	1	1	1	1	1	1	1	1	1	1	1	1	1	3	1	1	2	2	3	2	2	3	3	2	3	1	2	3	1	1	1	3	1	2	1	3	1	2	1	2	2	2	1	2	1	2	1	2	2	3	1	2	2	2	1	1	1	1	2	3	2	1	2	
standardDeviation-------------	.0	.0	.0	.0	.0	.0	.0	.0	.0	.0	.0	.0	.0	.0	.0	.0	.0	.0	.0	.0	.0	.0	.0	.0	.0	.0	.0	.0	.0	.0	.0	.0	.0	.0	.0	.0	.0	.0	.0	.0	.0	.0	.0	.0	.0	.0	.0	.0	.0	.0	10.05	.73	1.35	5.88	8.7	8.27	7.3	8.23	9.39	9.52	6.91	6.34	11.22	5.91	10.29	3.3	4.04	3.75	10.39	.42	6.72	3.54	10.65	1.53	10.06	2.31	4.73	6.4	7.07	2.02	8.26	3.91	6.74	3.27	8.9	7.23	10.32	1.3	7.2	6.87	5.33	1.2	.85	7.25	2.34	5.85	7.54	5.66	2.67	6.13	
initialCoverageValue----------	360	360	360	360	360	360	360	360	360	360	360	360	360	360	360	360	360	360	360	360	360	360	360	360	360	359	360	360	360	360	360	360	360	360	360	360	360	360	360	360	360	360	360	360	360	360	360	360	360	360	360	360	360	360	360	360	360	360	360	360	360	360	360	360	360	360	360	360	360	360	360	360	360	360	360	360	360	360	360	360	360	360	360	360	360	360	360	360	360	360	360	360	360	360	360	360	357	360	360	360	
initialRedundantCoverageValue-	1980	2580	2400	2100	2760	2640	1860	2100	2700	2400	2640	1920	3060	2280	2700	2340	2460	2880	2280	3060	2340	2220	2340	2580	3540	2701	2100	1740	2940	1680	1980	1920	2460	2040	2580	1980	2340	2700	3240	2640	2220	2880	2940	2220	2640	2700	2520	2640	2460	1860	2400	2580	3120	2100	2100	2820	2940	2700	1920	2160	2520	3360	2280	2100	2160	2160	2280	2760	1980	2700	2940	2760	2160	2040	2340	2160	2460	2280	2760	2160	2220	2040	1980	2220	1980	2940	2640	2400	2580	2340	2820	2640	2640	2100	2040	2700	2223	2160	2340	2460	
additionalPoiTime-------------	1029606.6
algorithmTime-----------------	2.32620948732544E11
serverTime--------------------	140400.9
Total Transferred Metadata----	7789

Photo List Size: 1715
Gained Coverage %-------------	0.8434826091787977
Gained Redundancy %-----------	0.28450177818756583
Total Cluster Created---------	0
Total Transferred Photo-------	140528
Total Photo at Destination----	1716
Coverage Group----------------	1-30	31-60	61-90	91-120	121-150	151-180	181-210	211-240	241-270	271-300	301-330	331-360	
Coverage Distribution---------	0	0	1	0	1	4	6	9	10	10	6	53	
Ratio Group-------------------	.0	.1	.2	.3	.4	.5	.6	.7	.8	.9	1.0	
Coverage Ratio----------------	0	0	0	1	1	3	8	11	16	6	54	
Redundant Ratio---------------	1	35	14	1	5	22	18	4	0	0	0	
NumberOfPoint Group-----------	0	1	2	3	
NumOfPoint Distribution-------	0	19	21	10	
SD Group----------------------	0-1	1-2	2-3	3-4	4-5	5-6	6-7	7-8	8-9	9-10	10-11	11-12	
SD Distribution---------------	53	4	4	5	2	5	7	6	5	2	6	1	
Half Coverage Group-----------	0-33750	33750-67500	67500-101250	101250-135000	135000-168750	168750-202500	202500-236250	236250-270000	270000-303750	303750-337500	337500-371250	
Half Cvg Time Distribution----	6	8	9	11	57	1	2	1	0	0	0	
Transferred Photo Group-------	0-33750	33750-67500	67500-101250	101250-135000	135000-168750	168750-202500	202500-236250	236250-270000	270000-303750	303750-337500	337500-371250	
Photo Time Distribution-------	225243	273964	115495	10951	204275	20421	33403	23171	1950	15676	0	

Cvg&Red Distribution----------	0.0	2.0	33750.0	67500.0	135000.0	270000.0	168750.0	337500.0	101250.0	202500.0	303750.0	236250.0	
Average PhotoNum--------------	51.05154639175258	51.05154639175258	166.10309278350516	194.0	197.02061855670104	199.44329896907217	199.2680412371134	199.44329896907217	197.02061855670104	199.2577319587629	199.44329896907217	199.2680412371134	
Nodes Above Average-----------	50	50	67	90	92	95	94	95	92	93	95	94	
Nodes Below Average-----------	47	47	30	7	5	2	3	2	5	4	2	3	

Average Coverage--------------	2925.5876288659792	2925.5876288659792	8003.144329896907	9205.546391752578	9312.268041237114	9387.783505154639	9337.917525773197	9384.185567010309	9310.742268041236	9357.690721649484	9377.865979381444	9352.556701030928	
Nodes Above Average-----------	51	51	68	70	67	50	55	50	65	55	49	47	
Nodes Below Average-----------	46	46	29	27	30	47	42	47	32	42	48	50	
Photos Above Average----------	61	61	198	200	200	200	200	200	200	199	200	200	
Photos Below Average----------	39	39	89	178	190	198	198	198	190	198	198	198	
Network Coverage--------------	35996	35996	35996	35996	35996	35996	35996	35996	35996	35996	35996	35996	

Average Redundancy------------	137.50515463917526	137.50515463917526	1963.041237113402	2434.453608247423	2508.9690721649486	2578.814432989691	2618.1649484536083	2582.4123711340208	2510.494845360825	2597.773195876289	2588.7319587628867	2603.5257731958764	
Nodes Above Average-----------	43	43	66	60	52	51	50	49	47	49	54	54	
Nodes Below Average-----------	54	54	31	37	45	46	47	48	50	48	43	43	
Photos Above Average----------	60	60	199	199	199	199	199	199	199	199	199	199	
Photos Below Average----------	43	43	95	184	193	198	198	198	194	198	198	198	
Network Redundancy------------	261124	261124	930724	1093084	1110664	1124764	1123744	1124764	1110664	1123684	1124764	1123744	

