Message stats for scenario Photo_2500-Scenario_4-ActualPOI_50
sim_time: 337500.0000

Photo List Size: 2485
coverageValue-----------------	336	236	280	279	276	302	261	199	326	267	327	354	346	329	331	284	283	334	286	314	217	337	334	299	338	300	318	273	327	322	356	216	257	299	288	360	350	360	358	266	360	225	316	230	272	345	299	292	319	274	355	353	318	351	329	336	336	346	334	358	296	297	339	343	326	335	360	258	329	217	320	354	320	355	334	334	256	328	360	346	355	341	312	333	324	284	331	353	360	360	318	279	345	328	299	360	262	324	305	348	
redundantCoverageValue--------	144	184	200	81	84	118	39	101	274	153	153	186	374	91	209	136	317	86	194	226	143	83	206	241	202	240	162	147	273	338	544	144	43	121	252	180	310	180	302	154	360	75	104	10	328	315	301	188	101	146	545	667	162	429	271	504	564	374	446	242	304	123	381	197	154	145	480	102	271	143	520	366	220	365	206	326	464	272	480	554	485	499	168	147	456	556	209	547	480	540	282	261	495	212	361	240	218	336	355	492	
halfCoverageTime--------------	10333.0	10091.0	11688.0	17451.0	7336.0	11610.0	9956.0	252264.0	10242.0	8312.0	9512.0	9086.0	10112.0	9886.0	10003.0	5915.0	11195.0	8288.0	10008.0	8276.0	48602.0	7738.0	7754.0	9152.0	8264.0	9548.0	12772.0	7208.0	11166.0	9104.0	10146.0	85064.0	17616.0	11155.0	8270.0	8038.0	10056.0	10690.0	10832.0	9076.0	9482.0	11664.0	12730.0	25138.0	11184.0	7748.0	9128.0	8022.0	8318.0	11004.0	9164.0	7308.0	10534.0	9470.0	6983.0	9146.0	7096.0	9945.0	12504.0	7412.0	7678.0	9452.0	12528.0	7828.0	7297.0	7402.0	7458.0	8333.0	10080.0	252434.0	8252.0	7846.0	8105.0	12438.0	9846.0	11094.0	6918.0	5854.0	10290.0	5674.0	7817.0	7375.0	7302.0	10784.0	7292.0	8353.0	6820.0	6830.0	6798.0	12748.0	10096.0	8060.0	9812.0	9447.0	10322.0	3698.0	10596.0	7348.0	6874.0	6955.0	
numberOfPoint-----------------	1	1	1	1	1	1	1	1	1	1	1	1	1	1	1	1	1	1	1	1	1	1	1	1	1	1	1	1	1	1	1	1	1	1	1	1	1	1	1	1	1	1	1	1	1	1	1	1	1	1	2	4	3	1	2	2	3	3	2	3	2	2	3	3	2	2	3	4	1	2	3	3	1	3	2	2	3	2	4	3	4	3	3	2	2	3	3	4	3	3	2	3	4	3	2	2	2	3	2	4	
standardDeviation-------------	.0	.0	.0	.0	.0	.0	.0	.0	.0	.0	.0	.0	.0	.0	.0	.0	.0	.0	.0	.0	.0	.0	.0	.0	.0	.0	.0	.0	.0	.0	.0	.0	.0	.0	.0	.0	.0	.0	.0	.0	.0	.0	.0	.0	.0	.0	.0	.0	.0	.0	5.23	7.91	8.08	1.5	6.11	5.67	5.98	8.91	5.38	6.18	5.83	7.65	6.95	8.76	6.64	7.54	8.95	9.99	1.43	7.02	8.83	6.22	1.2	8.64	5.15	5.58	7.62	5.69	11.36	7.18	8.14	6.68	9.65	6.32	5.26	7.32	7.43	8.13	7.28	8.26	5.24	8.03	9.1	6.59	7.73	5.77	6.15	9.18	5.86	8.44	
initialCoverageValue----------	360	334	350	360	340	360	350	333	359	349	360	360	353	357	360	300	360	350	360	314	360	360	360	354	360	360	360	360	360	353	356	360	359	360	360	360	351	360	358	360	360	359	360	354	360	347	360	360	360	331	360	360	349	354	342	360	360	360	360	360	360	360	360	353	355	360	360	360	360	353	360	360	355	357	360	354	350	360	360	360	360	345	360	360	324	332	331	360	360	360	345	352	360	360	349	360	360	360	360	360	
initialRedundantCoverageValue-	840	926	910	840	740	900	730	927	1021	1091	1260	1200	1207	1143	780	1020	1260	1090	720	1126	1140	1080	1140	966	720	1020	1560	1140	1020	1207	1384	960	841	1320	1080	780	1029	1620	1562	1080	1200	541	1260	786	1020	1033	1020	660	960	929	1500	1680	551	1146	738	960	1440	1560	1500	1140	1140	1260	1200	1027	965	840	1380	1200	900	547	1680	1260	905	903	900	1026	1090	1200	1500	1260	1320	1155	660	1200	1056	1348	929	1500	1500	1260	915	1028	1200	1020	1331	1140	1200	1140	1200	1320	
additionalPoiTime-------------	1.36188873E7
algorithmTime-----------------	3.46790223E7
Total Transferred Metadata----	15366

Photo List Size: 2485
Gained Coverage %-------------	0.88525838008514
Gained Redundancy %-----------	0.24778074793128302
Total Cluster Created---------	50
Total Transferred Photo-------	13827
Total Photo at Destination----	981
Coverage Group----------------	1-30	31-60	61-90	91-120	121-150	151-180	181-210	211-240	241-270	271-300	301-330	331-360	
Coverage Distribution---------	0	0	0	0	0	0	1	6	7	20	23	43	
Ratio Group-------------------	.0	.1	.2	.3	.4	.5	.6	.7	.8	.9	1.0	
Coverage Ratio----------------	0	0	0	0	0	0	2	4	16	19	59	
Redundant Ratio---------------	0	11	25	34	21	8	1	0	0	0	0	
NumberOfPoint Group-----------	0	1	2	3	4	
NumOfPoint Distribution-------	0	3	19	21	7	
SD Group----------------------	0-1	1-2	2-3	3-4	4-5	5-6	6-7	7-8	8-9	9-10	10-11	11-12	
SD Distribution---------------	50	3	0	0	0	12	9	10	11	4	0	1	
Half Coverage Group-----------	0-33750	33750-67500	67500-101250	101250-135000	135000-168750	168750-202500	202500-236250	236250-270000	270000-303750	303750-337500	337500-371250	
Half Cvg Time Distribution----	96	1	1	0	0	0	0	2	0	0	0	
Transferred Photo Group-------	0-33750	33750-67500	67500-101250	101250-135000	135000-168750	168750-202500	202500-236250	236250-270000	270000-303750	303750-337500	337500-371250	
Photo Time Distribution-------	2563	6534	3723	9	2982	247	116	478	0	0	0	

Cvg&Red Distribution----------	0.0	2.0	33750.0	67500.0	135000.0	270000.0	168750.0	337500.0	101250.0	202500.0	303750.0	236250.0	
Average PhotoNum--------------	25.61855670103093	25.61855670103093	28.762886597938145	33.51546391752577	33.896907216494846	36.81443298969072	36.23711340206186	36.45360824742268	33.896907216494846	36.23711340206186	36.81443298969072	36.23711340206186	
Nodes Above Average-----------	51	51	39	43	44	54	52	54	44	52	54	52	
Nodes Below Average-----------	46	46	58	54	53	43	45	43	53	45	43	45	

Average Coverage--------------	1506.721649484536	1506.721649484536	1680.5876288659795	1932.5360824742268	1948.7113402061855	2119.2474226804125	2079.4742268041236	2101.2474226804125	1948.7113402061855	2083.783505154639	2119.2474226804125	2084.40206185567	
Nodes Above Average-----------	51	51	35	43	44	54	52	54	44	52	54	52	
Nodes Below Average-----------	46	46	62	54	53	43	45	43	53	45	43	45	
Photos Above Average----------	30	30	41	48	49	49	49	48	49	49	49	49	
Photos Below Average----------	19	19	21	21	21	20	20	20	21	20	20	20	
Network Coverage--------------	35471	35471	35439	35322	35322	35237	35237	35237	35322	35237	35237	35237	

Average Redundancy------------	30.391752577319586	30.391752577319586	45.18556701030928	78.3917525773196	85.10309278350516	89.61855670103093	94.75257731958763	85.96907216494846	85.10309278350516	90.44329896907216	89.61855670103093	89.82474226804123	
Nodes Above Average-----------	40	40	37	39	37	45	42	46	37	44	45	43	
Nodes Below Average-----------	57	57	60	58	60	52	55	51	60	53	52	54	
Photos Above Average----------	27	27	37	47	48	48	49	48	48	48	48	48	
Photos Below Average----------	24	24	23	24	24	26	26	25	24	25	26	26	
Network Redundancy------------	113629	113629	131961	159738	161958	179023	175663	176923	161958	175663	179023	175663	

