Message stats for scenario Photo_5000-Scenario_8-ActualPOI_50-K_1
sim_time: 337500.0000

Photo List Size: 1750
coverageValue-----------------	360	347	360	340	360	342	322	360	358	360	336	360	360	360	359	360	360	360	360	351	358	360	360	360	353	350	310	360	355	330	360	259	356	360	334	350	357	360	360	360	350	323	337	360	360	360	352	360	360	360	357	360	320	316	331	344	345	167	306	324	294	360	300	357	325	333	304	272	249	330	194	330	331	321	341	293	283	346	261	360	286	314	269	348	349	325	353	269	266	247	329	282	230	231	301	324	360	279	282	268	
redundantCoverageValue--------	1080	913	960	680	720	978	998	1200	1202	1320	444	840	1200	1380	1201	1020	1200	780	1200	549	842	1080	960	1200	1567	1090	1010	960	725	1110	1260	701	844	1680	806	1090	603	660	960	1140	850	817	443	780	1140	1320	1208	1380	900	900	603	480	340	524	329	376	435	133	354	216	366	660	420	303	335	507	476	328	411	270	226	390	509	759	739	487	317	314	339	660	314	226	391	432	611	395	547	271	274	173	211	558	250	249	419	396	600	381	138	152	
halfCoverageTime--------------	128768.0	136641.0	1618.0	71330.0	137128.0	74232.0	128838.0	19816.0	136401.0	71306.0	75728.0	136331.0	2528.0	71210.0	19790.0	137453.0	75613.0	71346.0	128708.0	145907.0	136086.0	136528.0	128799.0	136027.0	56154.0	128789.0	128833.0	65281.0	136677.0	136320.0	71324.0	136249.0	19784.0	1642.0	139424.0	75773.0	141962.0	138956.0	136069.0	75763.0	56213.0	128696.0	128784.0	128738.0	71256.0	1594.0	65386.0	128702.0	71283.0	136032.0	1636.0	144978.0	145110.0	145062.0	136434.0	137426.0	136533.0	.0	157231.0	137045.0	145012.0	136294.0	145779.0	75624.0	75694.0	19806.0	139808.0	136854.0	145816.0	142926.0	137361.0	137034.0	145838.0	128626.0	136554.0	146562.0	144925.0	136618.0	146545.0	139017.0	157046.0	146359.0	145827.0	144984.0	148240.0	1412.0	134410.0	146892.0	146693.0	136566.0	136440.0	136577.0	227208.0	169072.0	139734.0	136326.0	136957.0	128850.0	168994.0	143380.0	
numberOfPoint-----------------	1	1	1	1	1	1	1	1	1	1	1	1	1	1	1	1	1	1	1	1	1	1	1	1	1	1	1	1	1	1	1	1	1	1	1	1	1	1	1	1	1	1	1	1	1	1	1	1	1	1	2	2	2	2	1	1	2	2	2	2	2	2	3	2	1	2	4	3	3	3	1	1	2	1	3	3	1	1	2	3	1	2	2	2	2	2	2	2	2	2	1	3	1	3	3	2	2	1	2	2	
standardDeviation-------------	.0	.0	.0	.0	.0	.0	.0	.0	.0	.0	.0	.0	.0	.0	.0	.0	.0	.0	.0	.0	.0	.0	.0	.0	.0	.0	.0	.0	.0	.0	.0	.0	.0	.0	.0	.0	.0	.0	.0	.0	.0	.0	.0	.0	.0	.0	.0	.0	.0	.0	6.28	7.31	7.49	6.32	4.41	2.86	9.17	6.03	5.47	6.16	5.48	5.2	9.87	7.32	1.94	4.37	9.4	8.28	9.67	6.35	1.92	3.33	5.57	1.22	6.64	7.41	2.28	3.75	6.7	8.5	1.88	5.62	7.66	5.72	9.17	5.29	7.29	6.16	5.82	5.42	.95	8.79	2.98	8.41	9.01	7.01	8.84	2.44	9.84	9.82	
initialCoverageValue----------	360	360	360	360	360	360	360	360	360	360	360	360	360	360	360	360	360	360	360	360	360	360	360	360	360	360	360	360	360	360	360	360	360	360	360	360	360	360	360	360	360	360	360	360	360	360	360	360	360	360	360	360	360	360	360	360	360	348	360	360	360	360	360	360	360	360	360	360	360	360	360	360	360	360	360	360	360	360	360	360	360	360	360	360	360	360	360	360	360	360	360	360	360	360	360	360	360	360	360	360	
initialRedundantCoverageValue-	2100	2460	2340	1980	2580	2760	2760	2520	2820	2400	1920	1740	2340	2700	2640	2100	2700	2160	2520	2460	2160	2400	1800	2040	2460	1980	2460	2460	2460	1620	2640	2340	2280	3240	2520	2460	1800	1740	2460	2520	2280	2040	2220	2160	2400	3480	2520	3060	3180	2340	2580	2580	2520	2400	3180	2220	2520	2472	3060	2400	2340	2580	2100	2040	2040	2640	2760	2220	2280	2040	2520	2100	2280	2160	2520	2520	2760	3120	2820	2640	1800	2640	2280	2040	2820	1800	2820	2280	1800	2340	2400	2880	2280	1980	2880	2220	3660	2400	2400	2460	
additionalPoiTime-------------	748804.8
algorithmTime-----------------	1.09877815002416E11
serverTime--------------------	405602.6
Total Transferred Metadata----	7807

Photo List Size: 1750
Gained Coverage %-------------	0.9118317216850061
Gained Redundancy %-----------	0.2869952749140893
Total Cluster Created---------	0
Total Transferred Photo-------	142859
Total Photo at Destination----	1751
Coverage Group----------------	1-30	31-60	61-90	91-120	121-150	151-180	181-210	211-240	241-270	271-300	301-330	331-360	
Coverage Distribution---------	0	0	0	0	0	1	1	2	8	9	18	61	
Ratio Group-------------------	.0	.1	.2	.3	.4	.5	.6	.7	.8	.9	1.0	
Coverage Ratio----------------	0	0	0	0	0	1	1	4	12	15	67	
Redundant Ratio---------------	0	8	33	15	17	17	8	2	0	0	0	
NumberOfPoint Group-----------	0	1	2	3	4	
NumOfPoint Distribution-------	0	12	27	10	1	
SD Group----------------------	0-1	1-2	2-3	3-4	4-5	5-6	6-7	7-8	8-9	9-10	
SD Distribution---------------	51	4	4	2	2	9	8	7	5	8	
Half Coverage Group-----------	0-33750	33750-67500	67500-101250	101250-135000	135000-168750	168750-202500	202500-236250	236250-270000	270000-303750	303750-337500	337500-371250	
Half Cvg Time Distribution----	10	4	14	13	55	2	1	0	0	0	0	
Transferred Photo Group-------	0-33750	33750-67500	67500-101250	101250-135000	135000-168750	168750-202500	202500-236250	236250-270000	270000-303750	303750-337500	337500-371250	
Photo Time Distribution-------	115510	122785	52421	5301	93968	8881	15250	11304	1018	6856	0	

Cvg&Red Distribution----------	0.0	2.0	33750.0	67500.0	135000.0	270000.0	168750.0	337500.0	101250.0	202500.0	303750.0	236250.0	
Average PhotoNum--------------	51.05154639175258	51.05154639175258	93.19587628865979	99.52577319587628	99.55670103092784	99.98969072164948	100.0	100.0	99.55670103092784	99.98969072164948	99.98969072164948	99.98969072164948	
Nodes Above Average-----------	50	50	81	94	95	96	0	0	95	96	96	96	
Nodes Below Average-----------	47	47	16	3	2	1	97	97	2	1	1	1	

Average Coverage--------------	2930.278350515464	2930.278350515464	5089.567010309278	5391.690721649485	5390.381443298969	5420.40206185567	5437.020618556701	5431.618556701031	5385.18556701031	5432.340206185567	5416.783505154639	5416.556701030928	
Nodes Above Average-----------	50	50	80	59	52	52	52	52	54	48	54	50	
Nodes Below Average-----------	47	47	17	38	45	45	45	45	43	49	43	47	
Photos Above Average----------	62	62	100	100	100	100	100	100	100	100	100	100	
Photos Below Average----------	39	39	61	98	99	99	100	100	99	99	99	99	
Network Coverage--------------	35988	35988	35988	35988	35988	35988	35988	35988	35988	35988	35988	35988	

Average Redundancy------------	132.81443298969072	132.81443298969072	502.1855670103093	579.8556701030927	583.020618556701	578.979381443299	562.979381443299	568.3814432989691	588.2164948453608	567.0412371134021	582.5979381443299	582.8247422680413	
Nodes Above Average-----------	46	46	52	43	55	45	45	45	51	49	44	48	
Nodes Below Average-----------	51	51	45	54	42	52	52	52	46	48	53	49	
Photos Above Average----------	59	59	99	99	99	99	100	100	99	99	99	99	
Photos Below Average----------	43	43	85	99	99	100	100	100	99	100	100	100	
Network Redundancy------------	261132	261132	506412	543252	543432	545952	546012	546012	543432	545952	545952	545952	

