Message stats for scenario Photo_10000-Scenario_5-ActualPOI_50
sim_time: 337500.0000

Photo List Size: 9942
coverageValue-----------------	360	360	360	360	360	359	360	360	350	360	360	341	360	360	360	360	360	360	360	360	347	359	328	327	358	348	360	359	360	360	360	360	351	360	360	321	360	360	360	360	343	360	360	360	360	360	357	345	360	360	354	360	345	360	360	351	352	358	360	360	358	360	360	360	359	360	360	360	360	350	360	360	360	353	360	360	341	352	360	360	349	338	276	359	354	353	360	360	357	360	355	360	342	339	360	360	360	360	360	360	
redundantCoverageValue--------	240	420	360	360	360	301	480	360	490	420	300	379	360	540	360	420	300	360	240	300	133	361	212	393	302	552	300	421	300	240	240	480	309	360	480	339	360	240	480	240	377	420	360	240	480	300	243	495	300	240	1086	840	615	600	840	669	608	662	720	780	722	720	480	480	841	960	720	780	900	850	1020	960	720	967	660	1020	499	548	900	840	731	262	564	1141	966	907	960	1200	543	780	665	1080	438	561	660	840	780	540	720	780	
halfCoverageTime--------------	7124.0	7855.0	6810.0	7241.0	7870.0	8373.0	7760.0	11402.0	8446.0	8363.0	9187.0	13838.0	9812.0	8436.0	7892.0	7865.0	10550.0	8407.0	10521.0	11476.0	10230.0	7968.0	7407.0	5936.0	7452.0	8033.0	7364.0	7458.0	8060.0	7832.0	8451.0	11083.0	10358.0	9512.0	7944.0	10212.0	9583.0	12952.0	10087.0	6027.0	7696.0	8282.0	7074.0	7476.0	10172.0	10280.0	9563.0	7370.0	7354.0	9076.0	7508.0	11682.0	10468.0	7262.0	6902.0	7212.0	6868.0	7286.0	7375.0	7058.0	7932.0	14232.0	8142.0	7738.0	10662.0	6047.0	7434.0	7386.0	9834.0	8318.0	9940.0	7650.0	7224.0	8022.0	7324.0	8343.0	11664.0	7810.0	9996.0	6108.0	8462.0	9914.0	11694.0	8136.0	5804.0	11368.0	6052.0	9104.0	11756.0	7342.0	10444.0	5942.0	10571.0	11844.0	5890.0	7380.0	9506.0	9950.0	10434.0	9500.0	
numberOfPoint-----------------	1	1	1	1	1	1	1	1	1	1	1	1	1	1	1	1	1	1	1	1	1	1	1	1	1	1	1	1	1	1	1	1	1	1	1	1	1	1	1	1	1	1	1	1	1	1	1	1	1	1	5	5	5	4	3	5	5	4	4	5	6	5	5	5	5	5	4	3	6	5	4	5	2	5	4	4	5	4	6	3	4	3	4	5	5	4	4	6	4	5	6	5	4	5	3	5	5	5	3	6	
standardDeviation-------------	.0	.0	.0	.0	.0	.0	.0	.0	.0	.0	.0	.0	.0	.0	.0	.0	.0	.0	.0	.0	.0	.0	.0	.0	.0	.0	.0	.0	.0	.0	.0	.0	.0	.0	.0	.0	.0	.0	.0	.0	.0	.0	.0	.0	.0	.0	.0	.0	.0	.0	9.75	9.14	9.55	8.17	7.05	9.7	10.46	9.86	10.71	9.72	10.43	9.05	8.54	9.46	8.73	9.62	9.35	6.56	10.34	9.36	9.22	9.86	5.78	8.36	9.2	8.55	9.62	7.61	9.83	7.54	7.72	7.55	7.83	10.2	9.81	9.24	8.86	9.99	8.18	10.32	9.35	9.53	7.17	9.61	7.56	9.61	9.86	9.12	6.78	9.95	
initialCoverageValue----------	360	360	360	360	360	360	360	360	360	360	360	360	360	360	360	360	360	360	360	360	360	360	360	360	360	360	360	360	360	360	360	360	360	360	360	360	360	360	360	360	360	360	360	360	360	360	360	360	360	360	360	360	360	360	360	360	360	360	360	360	360	360	360	360	360	360	360	360	360	360	360	360	360	360	360	360	360	360	360	360	360	360	360	360	360	360	360	360	360	360	360	360	360	360	360	360	360	360	360	360	
initialRedundantCoverageValue-	4860	5100	4860	4080	4680	5040	4140	4560	4080	4860	4680	5160	4620	4740	4620	5040	4560	4740	5040	4320	4260	4260	4860	5280	5520	4860	4560	5220	5160	3600	4920	5160	4920	4500	5280	4620	5040	4680	4080	4920	5100	4620	4380	5040	4680	5940	4740	4560	4920	5760	4860	4500	4920	5100	4620	5160	4860	4980	5160	5160	5280	5220	4440	4020	4440	5520	4860	4620	5280	4920	5460	5400	5640	4080	4740	5460	5100	4920	5160	4980	4500	4200	4080	5460	5040	5400	5340	5220	5460	4440	5280	5340	4140	4560	5220	4860	4440	4140	4620	4440	
additionalPoiTime-------------	0.0
algorithmTime-----------------	7.068249309E8
Total Transferred Metadata----	15324

Photo List Size: 9942
Gained Coverage %-------------	0.9868888888888889
Gained Redundancy %-----------	0.11496303638541279
Total Cluster Created---------	50
Total Transferred Photo-------	20197
Total Photo at Destination----	1542
Coverage Group----------------	1-30	31-60	61-90	91-120	121-150	151-180	181-210	211-240	241-270	271-300	301-330	331-360	
Coverage Distribution---------	0	0	0	0	0	0	0	0	0	1	3	96	
Ratio Group-------------------	.0	.1	.2	.3	.4	.5	.6	.7	.8	.9	1.0	
Coverage Ratio----------------	0	0	0	0	0	0	0	0	1	1	98	
Redundant Ratio---------------	0	46	49	5	0	0	0	0	0	0	0	
NumberOfPoint Group-----------	0	1	2	3	4	5	6	
NumOfPoint Distribution-------	0	0	1	6	14	23	6	
SD Group----------------------	0-1	1-2	2-3	3-4	4-5	5-6	6-7	7-8	8-9	9-10	10-11	
SD Distribution---------------	50	0	0	0	0	1	2	8	7	26	6	
Half Coverage Group-----------	0-33750	33750-67500	67500-101250	101250-135000	135000-168750	168750-202500	202500-236250	236250-270000	270000-303750	303750-337500	337500-371250	
Half Cvg Time Distribution----	100	0	0	0	0	0	0	0	0	0	0	
Transferred Photo Group-------	0-33750	33750-67500	67500-101250	101250-135000	135000-168750	168750-202500	202500-236250	236250-270000	270000-303750	303750-337500	337500-371250	
Photo Time Distribution-------	8974	30077	16909	56	15038	1241	522	2220	0	0	0	

Cvg&Red Distribution----------	0.0	2.0	33750.0	67500.0	135000.0	270000.0	168750.0	337500.0	101250.0	202500.0	303750.0	236250.0	
Average PhotoNum--------------	102.49484536082474	102.49484536082474	114.12371134020619	134.17525773195877	137.1340206185567	148.2577319587629	146.03092783505156	148.0721649484536	137.1443298969072	146.1237113402062	148.2577319587629	146.09278350515464	
Nodes Above Average-----------	50	50	42	41	43	53	51	53	43	51	53	51	
Nodes Below Average-----------	47	47	55	56	54	44	46	44	54	46	44	46	

Average Coverage--------------	5643.948453608247	5643.948453608247	6188.742268041237	7122.350515463918	7263.453608247422	7786.329896907217	7681.969072164949	7778.711340206186	7264.072164948454	7683.690721649485	7786.329896907217	7682.381443298969	
Nodes Above Average-----------	51	51	45	41	43	54	52	54	43	52	54	52	
Nodes Below Average-----------	46	46	52	56	54	43	45	43	54	45	43	45	
Photos Above Average----------	123	123	148	192	196	196	196	196	196	197	196	197	
Photos Below Average----------	79	79	84	91	90	87	87	87	90	87	87	87	
Network Coverage--------------	36000	36000	36000	36000	36000	36000	36000	36000	36000	36000	36000	36000	

Average Redundancy------------	505.74226804123714	505.74226804123714	658.680412371134	928.1649484536083	964.5876288659794	1109.1340206185566	1079.8865979381444	1105.618556701031	964.5876288659794	1083.7319587628865	1109.1340206185566	1083.1855670103093	
Nodes Above Average-----------	48	48	34	39	42	53	51	53	42	51	53	51	
Nodes Below Average-----------	49	49	63	58	55	44	46	44	55	46	44	46	
Photos Above Average----------	120	120	155	195	197	197	198	197	197	198	197	198	
Photos Below Average----------	84	84	91	92	90	88	88	88	90	88	88	88	
Network Redundancy------------	560520	560520	628200	744900	762120	826860	813900	825780	762180	814440	826860	814260	

