Message stats for scenario Photo_5000-Scenario_7-ActualPOI_50-K_2
sim_time: 337500.0000

Photo List Size: 4952
coverageValue-----------------	302	350	345	235	360	360	311	308	360	278	309	337	349	353	320	324	356	360	323	360	336	319	360	322	327	337	326	330	314	288	360	353	360	360	344	348	336	360	353	284	346	335	322	357	313	282	331	360	360	353	337	314	332	360	360	337	304	358	360	360	360	360	314	360	315	337	360	336	348	358	353	360	311	360	360	342	360	305	360	359	360	360	304	360	316	332	347	336	344	360	330	341	316	360	336	315	343	320	344	360	
redundantCoverageValue--------	658	1030	435	65	780	1080	349	352	540	382	711	563	671	787	460	456	724	540	637	300	204	461	780	878	693	623	574	450	586	912	660	427	540	900	676	912	624	900	787	496	554	865	698	603	467	498	1229	660	1140	487	863	706	688	840	840	863	896	1082	840	780	780	960	646	720	765	683	720	504	732	782	607	1200	289	1080	780	558	960	535	1080	901	660	780	596	900	404	568	433	504	916	1380	930	739	584	840	1044	225	617	580	676	900	
halfCoverageTime--------------	75618.0	71177.0	139062.0	163624.0	136384.0	75672.0	128632.0	1486.0	128844.0	139734.0	134524.0	56154.0	139625.0	136440.0	139660.0	137432.0	138984.0	139780.0	75568.0	71267.0	142880.0	139103.0	137377.0	128726.0	75635.0	71216.0	145769.0	143360.0	71256.0	136630.0	139854.0	139419.0	56165.0	134558.0	75562.0	57019.0	1480.0	71128.0	57002.0	149812.0	136080.0	75773.0	134456.0	139708.0	139635.0	145078.0	136509.0	139046.0	56175.0	139744.0	71340.0	128732.0	1920.0	136596.0	1636.0	19648.0	19765.0	74235.0	136514.0	1558.0	2534.0	71324.0	1808.0	71312.0	71161.0	136978.0	74160.0	75705.0	75573.0	57036.0	137022.0	56180.0	128768.0	136356.0	75763.0	75768.0	19612.0	134574.0	71294.0	65391.0	134502.0	128738.0	136870.0	75593.0	145890.0	128744.0	65302.0	65337.0	19676.0	19811.0	137032.0	60648.0	128656.0	75588.0	19606.0	155907.0	56160.0	138330.0	1534.0	74230.0	
numberOfPoint-----------------	1	1	1	1	1	1	1	1	1	1	1	1	1	1	1	1	1	1	1	1	1	1	1	1	1	1	1	1	1	1	1	1	1	1	1	1	1	1	1	1	1	1	1	1	1	1	1	1	1	1	6	3	5	2	4	5	4	5	3	3	3	3	4	4	4	3	4	3	2	4	2	3	4	5	3	4	5	3	6	2	3	3	4	4	4	3	3	3	3	4	3	1	4	4	4	2	3	4	3	4	
standardDeviation-------------	.0	.0	.0	.0	.0	.0	.0	.0	.0	.0	.0	.0	.0	.0	.0	.0	.0	.0	.0	.0	.0	.0	.0	.0	.0	.0	.0	.0	.0	.0	.0	.0	.0	.0	.0	.0	.0	.0	.0	.0	.0	.0	.0	.0	.0	.0	.0	.0	.0	.0	10.36	7.29	10.14	6.27	10.05	8.97	9.47	10.4	6.43	6.29	6.2	7.78	7.38	8.19	9.22	8.84	8.19	9.19	4.95	7.78	4.29	7.7	8.27	9.2	7.59	8.76	10.1	9.71	9.85	5.79	6.56	7.0	10.47	9.62	8.1	6.37	7.07	9.66	7.06	8.87	8.66	.1	10.14	9.02	9.71	4.93	6.61	9.39	8.09	10.47	
initialCoverageValue----------	360	360	360	360	360	360	360	360	360	360	360	360	360	360	360	360	360	360	360	360	360	360	360	360	360	360	360	360	360	360	360	360	360	360	360	360	360	360	360	360	360	360	360	360	360	360	360	360	360	358	360	360	360	360	360	360	360	360	360	360	360	360	360	360	360	360	360	360	360	360	360	360	360	360	360	360	360	360	360	360	360	360	360	360	360	360	360	360	360	360	360	360	360	360	360	360	360	360	360	360	
initialRedundantCoverageValue-	2280	2700	2460	1800	2580	2640	2700	2280	2460	2100	2580	1920	2820	3180	2580	2460	2400	2280	2400	1320	2100	2760	2400	2520	2400	2460	2040	2580	2460	2700	2100	2340	2760	2820	2280	2700	2400	2760	2460	2700	2940	2880	2640	2280	2040	2580	2760	2640	2520	2102	2880	3000	2760	2340	2280	2880	2700	2940	2760	2040	1980	2880	2460	2340	2760	2580	2640	2280	1980	2220	2280	2460	1740	3120	2280	2340	2100	1860	2340	3060	2460	2040	2340	1860	2520	1740	2220	2640	1920	3120	2460	2640	2640	2520	2580	1500	1920	1920	2580	2940	
additionalPoiTime-------------	9.20717902E7
algorithmTime-----------------	1.4820095E8
serverTime--------------------	7753249.7
Total Transferred Metadata----	15330

Photo List Size: 4952
Gained Coverage %-------------	0.9389410522806823
Gained Redundancy %-----------	0.2860165148297267
Total Cluster Created---------	50
Total Transferred Photo-------	17672
Total Photo at Destination----	1781
Coverage Group----------------	1-30	31-60	61-90	91-120	121-150	151-180	181-210	211-240	241-270	271-300	301-330	331-360	
Coverage Distribution---------	0	0	0	0	0	0	0	1	0	4	27	68	
Ratio Group-------------------	.0	.1	.2	.3	.4	.5	.6	.7	.8	.9	1.0	
Coverage Ratio----------------	0	0	0	0	0	0	0	1	4	23	72	
Redundant Ratio---------------	0	2	18	38	32	10	0	0	0	0	0	
NumberOfPoint Group-----------	0	1	2	3	4	5	6	
NumOfPoint Distribution-------	0	1	5	19	18	5	2	
SD Group----------------------	0-1	1-2	2-3	3-4	4-5	5-6	6-7	7-8	8-9	9-10	10-11	
SD Distribution---------------	51	0	0	0	3	1	8	8	10	11	8	
Half Coverage Group-----------	0-33750	33750-67500	67500-101250	101250-135000	135000-168750	168750-202500	202500-236250	236250-270000	270000-303750	303750-337500	337500-371250	
Half Cvg Time Distribution----	14	12	25	13	36	0	0	0	0	0	0	
Transferred Photo Group-------	0-33750	33750-67500	67500-101250	101250-135000	135000-168750	168750-202500	202500-236250	236250-270000	270000-303750	303750-337500	337500-371250	
Photo Time Distribution-------	2960	7566	3455	281	35780	2030	5770	2234	0	267	0	

Cvg&Red Distribution----------	0.0	2.0	33750.0	67500.0	135000.0	270000.0	168750.0	337500.0	101250.0	202500.0	303750.0	236250.0	
Average PhotoNum--------------	51.05154639175258	51.05154639175258	54.28865979381443	64.88659793814433	72.23711340206185	121.68041237113403	115.68041237113403	119.22680412371135	71.48453608247422	116.44329896907216	121.68041237113403	120.08247422680412	
Nodes Above Average-----------	50	50	43	23	21	53	48	51	22	50	53	52	
Nodes Below Average-----------	47	47	54	74	76	44	49	46	75	47	44	45	

Average Coverage--------------	2929.907216494845	2929.907216494845	3091.742268041237	3599.979381443299	3946.5257731958764	6394.969072164949	6098.567010309278	6282.123711340206	3908.5154639175257	6130.2474226804125	6394.969072164949	6312.546391752578	
Nodes Above Average-----------	50	50	46	28	25	54	49	53	26	51	54	53	
Nodes Below Average-----------	47	47	51	69	72	43	48	44	71	46	43	44	
Photos Above Average----------	62	62	69	110	144	173	173	171	138	172	173	174	
Photos Below Average----------	39	39	40	46	47	56	56	56	47	54	56	54	
Network Coverage--------------	35993	35993	35993	35993	35993	35991	35991	35991	35993	35991	35991	35991	

Average Redundancy------------	133.18556701030928	133.18556701030928	165.57731958762886	293.21649484536084	387.70103092783506	905.8556701030927	842.2577319587629	871.4845360824743	380.55670103092785	856.3505154639175	905.8556701030927	892.4020618556701	
Nodes Above Average-----------	42	42	32	13	19	44	41	45	19	41	44	43	
Nodes Below Average-----------	55	55	65	84	78	53	56	52	78	56	53	54	
Photos Above Average----------	59	59	70	158	165	183	181	178	161	182	183	184	
Photos Below Average----------	44	44	46	50	49	70	67	67	49	67	70	68	
Network Redundancy------------	261127	261127	279967	341647	384427	672189	637269	657909	380047	641709	672189	662889	

