Message stats for scenario Photo_1250-Scenario_4-ActualPOI_50
sim_time: 337500.0000

Photo List Size: 1242
coverageValue-----------------	60	251	250	270	120	319	201	305	238	250	313	256	209	286	281	242	209	234	266	270	271	120	256	240	237	169	219	185	285	316	190	316	215	294	237	240	282	284	280	120	168	202	169	334	241	333	174	291	205	335	247	233	177	245	246	285	275	293	291	242	255	269	312	232	231	249	212	312	211	281	201	266	294	172	197	309	198	340	239	248	313	248	255	298	238	204	218	188	229	240	164	278	247	282	290	309	180	217	236	285	
redundantCoverageValue--------	0	49	50	150	0	221	39	175	2	50	167	104	91	74	139	118	151	66	154	90	29	0	104	60	183	71	141	115	135	164	50	104	145	126	183	0	138	76	140	0	72	38	131	206	119	267	6	69	95	205	113	67	3	115	234	195	265	187	69	178	45	91	228	128	69	51	28	48	269	319	219	274	186	188	103	51	42	80	241	112	287	52	345	122	62	96	142	112	251	0	76	262	233	258	130	291	0	203	244	195	
halfCoverageTime--------------	.0	22016.0	9938.0	9956.0	.0	7030.0	10706.0	11610.0	245226.0	17528.0	8300.0	25132.0	17446.0	10563.0	12566.0	25090.0	13932.0	13972.0	7096.0	9452.0	10230.0	.0	10264.0	13966.0	17320.0	.0	21941.0	235369.0	9458.0	7102.0	22049.0	7118.0	252293.0	17468.0	13820.0	11106.0	10811.0	9944.0	9846.0	.0	.0	252384.0	.0	12724.0	13978.0	9476.0	.0	10062.0	13956.0	6856.0	19618.0	11094.0	.0	25108.0	13808.0	12748.0	7769.0	10717.0	10656.0	5758.0	12550.0	9822.0	10712.0	9892.0	20943.0	25114.0	14020.0	11118.0	10806.0	16890.0	22060.0	6792.0	7112.0	.0	21888.0	13796.0	21930.0	12606.0	13938.0	6966.0	9447.0	13961.0	10540.0	11140.0	12742.0	10568.0	235315.0	245220.0	17314.0	17434.0	.0	11626.0	48592.0	12461.0	5726.0	12760.0	22138.0	19606.0	12539.0	12496.0	
numberOfPoint-----------------	1	1	1	1	1	1	1	1	1	1	1	1	1	1	1	1	1	1	1	1	1	1	1	1	1	1	1	1	1	1	1	1	1	1	1	1	1	1	1	1	1	1	1	1	1	1	1	1	1	1	1	2	1	1	2	3	2	2	1	2	2	2	1	3	1	2	2	2	3	2	2	2	1	1	2	2	2	2	2	2	3	3	1	2	2	2	2	1	3	1	3	4	2	3	1	3	1	2	3	2	
standardDeviation-------------	.0	.0	.0	.0	.0	.0	.0	.0	.0	.0	.0	.0	.0	.0	.0	.0	.0	.0	.0	.0	.0	.0	.0	.0	.0	.0	.0	.0	.0	.0	.0	.0	.0	.0	.0	.0	.0	.0	.0	.0	.0	.0	.0	.0	.0	.0	.0	.0	.0	.0	2.42	6.74	2.8	3.83	6.79	8.94	5.4	7.55	1.1	10.63	4.98	10.09	1.96	8.57	.85	5.6	5.54	8.67	10.28	5.23	5.46	5.07	.2	2.94	7.24	4.96	10.07	8.99	5.0	7.89	8.57	8.23	2.73	8.39	10.62	6.61	4.93	.51	10.69	3.1	7.06	9.3	4.99	8.92	1.14	9.77	2.22	7.85	7.01	5.14	
initialCoverageValue----------	329	287	358	321	215	356	338	330	306	275	322	329	263	342	324	309	350	350	300	321	348	227	300	324	324	325	317	328	346	328	299	360	295	335	360	281	325	334	337	213	339	230	169	360	347	344	340	345	280	336	296	280	283	331	247	356	360	332	341	242	335	319	324	307	322	347	284	326	299	316	265	358	328	311	245	343	288	340	256	295	314	348	338	317	326	261	284	296	240	315	289	343	276	343	347	309	255	359	353	360	
initialRedundantCoverageValue-	211	133	542	339	145	784	322	750	414	685	398	391	277	438	276	351	610	850	720	219	312	13	360	276	396	275	163	452	494	512	361	600	485	625	540	379	275	446	503	87	621	370	131	840	433	796	560	495	260	564	184	320	257	389	473	484	720	688	319	238	385	461	576	293	338	493	496	94	481	464	275	662	572	589	295	377	252	320	284	365	406	192	742	283	394	339	316	544	420	225	311	677	684	497	313	411	225	601	667	540	
additionalPoiTime-------------	2418015.5
algorithmTime-----------------	8798456.4
Total Transferred Metadata----	15403

Photo List Size: 1242
Gained Coverage %-------------	0.7841061720498881
Gained Redundancy %-----------	0.29759490686158924
Total Cluster Created---------	50
Total Transferred Photo-------	8160
Total Photo at Destination----	623
Coverage Group----------------	1-30	31-60	61-90	91-120	121-150	151-180	181-210	211-240	241-270	271-300	301-330	331-360	
Coverage Distribution---------	0	1	0	3	0	8	12	20	22	20	10	4	
Ratio Group-------------------	.0	.1	.2	.3	.4	.5	.6	.7	.8	.9	1.0	
Coverage Ratio----------------	0	0	1	0	0	1	10	11	27	31	19	
Redundant Ratio---------------	7	8	14	25	19	12	6	2	4	2	1	
NumberOfPoint Group-----------	0	1	2	3	4	
NumOfPoint Distribution-------	0	13	26	10	1	
SD Group----------------------	0-1	1-2	2-3	3-4	4-5	5-6	6-7	7-8	8-9	9-10	10-11	
SD Distribution---------------	53	3	5	2	4	8	3	6	8	2	6	
Half Coverage Group-----------	0-33750	33750-67500	67500-101250	101250-135000	135000-168750	168750-202500	202500-236250	236250-270000	270000-303750	303750-337500	337500-371250	
Half Cvg Time Distribution----	82	1	0	0	0	0	2	4	0	0	0	
Transferred Photo Group-------	0-33750	33750-67500	67500-101250	101250-135000	135000-168750	168750-202500	202500-236250	236250-270000	270000-303750	303750-337500	337500-371250	
Photo Time Distribution-------	1441	3196	1732	2	1290	125	49	215	0	0	0	

Cvg&Red Distribution----------	0.0	2.0	33750.0	67500.0	135000.0	270000.0	168750.0	337500.0	101250.0	202500.0	303750.0	236250.0	
Average PhotoNum--------------	12.804123711340207	12.804123711340207	14.257731958762887	16.670103092783506	16.896907216494846	18.1340206185567	17.8659793814433	17.84536082474227	16.896907216494846	17.876288659793815	18.1340206185567	17.855670103092784	
Nodes Above Average-----------	54	54	33	43	45	53	52	54	45	52	53	52	
Nodes Below Average-----------	43	43	64	54	52	44	45	43	52	45	44	45	

Average Coverage--------------	760.2989690721649	760.2989690721649	842.0412371134021	984.5876288659794	998.0824742268042	1064.1546391752577	1049.0721649484535	1047.3917525773195	998.0824742268042	1049.319587628866	1064.1546391752577	1048.0824742268042	
Nodes Above Average-----------	52	52	33	43	45	53	52	53	45	52	53	52	
Nodes Below Average-----------	45	45	64	54	52	44	45	44	52	45	44	45	
Photos Above Average----------	15	15	21	24	24	24	24	24	24	24	24	24	
Photos Below Average----------	10	10	10	10	10	10	9	10	10	9	10	9	
Network Coverage--------------	31168	31168	30707	30502	30502	30431	30431	30431	30502	30431	30431	30431	

Average Redundancy------------	7.948453608247423	7.948453608247423	13.422680412371134	15.618556701030927	15.731958762886597	23.88659793814433	22.88659793814433	23.329896907216494	15.731958762886597	23.257731958762886	23.88659793814433	23.257731958762886	
Nodes Above Average-----------	18	18	25	32	30	36	35	35	30	35	36	35	
Nodes Below Average-----------	79	79	72	65	67	61	62	62	67	62	61	62	
Photos Above Average----------	13	13	18	21	21	22	22	22	21	22	22	22	
Photos Below Average----------	12	12	12	14	14	15	15	15	14	15	15	15	
Network Redundancy------------	43352	43352	52273	66518	67838	75109	73549	73429	67838	73609	75109	73489	

