Message stats for scenario Photo_10000-Scenario_6-ActualPOI_50
sim_time: 337500.0000

Photo List Size: 1782
coverageValue-----------------	360	356	360	358	355	360	342	337	337	348	360	358	360	360	275	356	322	332	360	334	360	320	351	349	360	355	360	353	307	360	360	360	289	359	311	360	360	291	360	343	320	258	359	360	327	356	360	342	360	360	360	346	329	336	321	360	342	321	312	336	324	308	342	360	360	356	315	360	354	323	360	351	309	337	360	360	350	337	357	337	316	360	306	338	337	302	359	357	358	306	360	299	360	360	360	360	338	340	360	302	
redundantCoverageValue--------	720	724	900	602	1145	900	798	923	803	912	960	602	840	600	445	664	758	568	960	806	540	460	609	851	600	545	780	547	593	900	780	660	431	841	1069	1020	480	1029	1020	377	580	282	481	1140	453	664	1020	558	1020	360	780	854	751	804	639	420	618	939	468	564	636	892	618	780	840	604	825	720	1326	517	900	789	771	323	480	1080	670	503	723	743	764	780	294	742	503	598	601	843	362	474	720	481	780	840	660	660	502	620	900	478	
halfCoverageTime--------------	134416.0	1546.0	139445.0	136630.0	128833.0	137458.0	19748.0	71140.0	134552.0	71177.0	71251.0	136952.0	19694.0	136988.0	144068.0	65281.0	2564.0	136482.0	128708.0	136657.0	65375.0	71300.0	75733.0	134546.0	74144.0	75624.0	1466.0	137392.0	138941.0	136876.0	71231.0	71256.0	136652.0	136620.0	19822.0	128644.0	128678.0	137398.0	1558.0	142859.0	75768.0	145827.0	142966.0	1808.0	1856.0	149822.0	75688.0	56186.0	136384.0	75578.0	19806.0	128732.0	65358.0	144882.0	136487.0	139696.0	136379.0	19760.0	75728.0	137437.0	158032.0	136412.0	136461.0	139046.0	136120.0	137038.0	139456.0	144079.0	74230.0	128662.0	56234.0	19648.0	65307.0	139012.0	139713.0	1418.0	137403.0	71288.0	139067.0	136946.0	71351.0	134456.0	128868.0	75758.0	139660.0	139034.0	75640.0	71128.0	145880.0	156508.0	71182.0	136091.0	2576.0	136625.0	137147.0	143400.0	136032.0	71210.0	65317.0	137092.0	
numberOfPoint-----------------	1	1	1	1	1	1	1	1	1	1	1	1	1	1	1	1	1	1	1	1	1	1	1	1	1	1	1	1	1	1	1	1	1	1	1	1	1	1	1	1	1	1	1	1	1	1	1	1	1	1	2	4	1	3	2	2	2	2	2	2	3	1	2	2	3	3	2	2	3	4	3	3	3	3	3	3	3	2	1	2	2	1	1	0	3	2	3	4	1	2	3	2	2	2	3	3	3	2	3	3	
standardDeviation-------------	.0	.0	.0	.0	.0	.0	.0	.0	.0	.0	.0	.0	.0	.0	.0	.0	.0	.0	.0	.0	.0	.0	.0	.0	.0	.0	.0	.0	.0	.0	.0	.0	.0	.0	.0	.0	.0	.0	.0	.0	.0	.0	.0	.0	.0	.0	.0	.0	.0	.0	5.25	8.84	2.5	6.4	8.46	6.56	5.63	5.95	4.95	6.18	9.28	1.04	9.47	5.01	6.53	6.0	5.36	6.95	7.36	9.98	9.25	9.22	9.12	6.76	6.77	6.89	7.36	6.71	1.39	5.49	6.12	.5	2.8	.0	9.94	5.66	8.15	8.24	1.22	5.48	9.89	7.84	5.86	5.62	6.98	8.1	7.62	6.41	8.47	9.24	
initialCoverageValue----------	360	360	360	360	360	360	360	360	360	360	360	360	360	360	360	360	360	360	360	360	360	360	360	360	360	360	360	360	360	360	360	360	360	360	360	360	360	360	360	360	360	360	360	360	360	360	360	360	360	360	360	360	360	360	360	360	360	360	360	360	360	360	360	360	360	360	360	360	360	360	360	360	360	360	360	360	360	360	360	360	360	360	360	360	360	360	360	360	360	360	360	360	360	360	360	360	360	360	360	360	
initialRedundantCoverageValue-	4320	4560	5340	5100	5220	5940	5100	4380	5700	3900	5160	4740	4200	4560	4740	4260	4440	5220	4920	4740	4800	4560	4800	4620	4560	5040	4680	5160	4680	5220	4620	5040	4980	4860	4860	5040	4200	4680	5340	4800	4860	4920	4740	5040	4200	4980	5340	4980	5220	4560	4020	4800	5340	4620	4500	4560	4680	5700	4560	5400	4320	4740	5460	5460	5220	4440	5040	4860	5880	4380	5280	4680	4380	4020	5100	5100	5340	5160	4380	5160	4800	4560	4560	3900	5040	5280	4920	5400	4620	4740	5160	4440	5160	5520	4620	5220	4920	4260	4740	4740	
additionalPoiTime-------------	202801.3
algorithmTime-----------------	5.2922559245E9
serverTime--------------------	702004.5
Total Transferred Metadata----	8966

Photo List Size: 1782
Gained Coverage %-------------	0.9500277777777778
Gained Redundancy %-----------	0.14532879818594105
Total Cluster Created---------	0
Total Transferred Photo-------	27906
Total Photo at Destination----	1782
Coverage Group----------------	1-30	31-60	61-90	91-120	121-150	151-180	181-210	211-240	241-270	271-300	301-330	331-360	
Coverage Distribution---------	0	0	0	0	0	0	0	0	1	4	20	75	
Ratio Group-------------------	.0	.1	.2	.3	.4	.5	.6	.7	.8	.9	1.0	
Coverage Ratio----------------	0	0	0	0	0	0	0	0	2	21	77	
Redundant Ratio---------------	0	13	78	9	0	0	0	0	0	0	0	
NumberOfPoint Group-----------	0	1	2	3	4	
NumOfPoint Distribution-------	1	6	20	20	3	
SD Group----------------------	0-1	1-2	2-3	3-4	4-5	5-6	6-7	7-8	8-9	9-10	
SD Distribution---------------	52	3	2	0	1	10	13	4	6	9	
Half Coverage Group-----------	0-33750	33750-67500	67500-101250	101250-135000	135000-168750	168750-202500	202500-236250	236250-270000	270000-303750	303750-337500	337500-371250	
Half Cvg Time Distribution----	14	7	21	11	47	0	0	0	0	0	0	
Transferred Photo Group-------	0-33750	33750-67500	67500-101250	101250-135000	135000-168750	168750-202500	202500-236250	236250-270000	270000-303750	303750-337500	337500-371250	
Photo Time Distribution-------	8501	15794	10753	1463	53353	5143	11553	6160	112	4105	0	

Cvg&Red Distribution----------	0.0	2.0	33750.0	67500.0	135000.0	270000.0	168750.0	337500.0	101250.0	202500.0	303750.0	236250.0	
Average PhotoNum--------------	102.09278350515464	102.09278350515464	107.20618556701031	113.95876288659794	121.82474226804123	165.79381443298968	157.69072164948454	168.84536082474227	120.45360824742268	159.43298969072166	165.79381443298968	163.84536082474227	
Nodes Above Average-----------	50	50	47	47	44	66	60	69	45	61	66	65	
Nodes Below Average-----------	47	47	50	50	53	31	37	28	52	36	31	32	

Average Coverage--------------	5607.092783505154	5607.092783505154	5846.0	6166.618556701031	6532.226804123711	8590.886597938144	8209.134020618556	8735.134020618556	6465.907216494846	8291.123711340206	8590.886597938144	8492.525773195875	
Nodes Above Average-----------	52	52	48	48	46	66	61	69	46	61	66	65	
Nodes Below Average-----------	45	45	49	49	51	31	36	28	51	36	31	32	
Photos Above Average----------	122	122	133	144	160	199	196	199	158	197	199	198	
Photos Below Average----------	78	78	81	84	87	95	92	94	86	94	95	93	
Network Coverage--------------	36000	36000	36000	36000	36000	36000	36000	36000	36000	36000	36000	36000	

Average Redundancy------------	518.4742268041238	518.4742268041238	586.3711340206186	670.9072164948453	777.2577319587629	1356.7422680412371	1252.3092783505156	1395.5876288659795	761.3092783505155	1274.8556701030927	1356.7422680412371	1338.1958762886597	
Nodes Above Average-----------	49	49	45	44	37	64	59	67	38	61	64	63	
Nodes Below Average-----------	48	48	52	53	60	33	38	30	59	36	33	34	
Photos Above Average----------	122	122	132	143	167	198	197	199	163	197	198	198	
Photos Below Average----------	81	81	85	89	93	101	95	101	92	94	101	99	
Network Redundancy------------	558180	558180	587940	627240	673020	928920	881760	946680	665040	891900	928920	917580	

