Message stats for scenario Photo_1250-Scenario_5-ActualPOI_50
sim_time: 337500.0000

Photo List Size: 1238
coverageValue-----------------	339	346	342	354	224	324	347	318	321	304	153	305	256	316	311	279	285	316	273	296	181	359	275	314	234	322	180	356	246	313	290	301	343	182	331	265	329	305	343	326	245	330	338	278	253	315	265	296	246	285	205	268	340	305	213	290	325	295	333	291	243	159	352	311	290	360	135	242	343	307	258	264	266	346	339	312	332	290	319	262	240	253	273	215	276	350	274	311	320	360	176	302	312	295	346	283	337	344	277	284	
redundantCoverageValue--------	321	314	198	186	16	156	253	222	99	236	207	175	224	164	349	81	15	104	147	184	59	241	85	106	66	158	0	244	114	107	70	119	197	118	269	95	211	235	197	154	115	210	202	82	47	105	215	184	114	195	35	272	380	295	87	250	215	185	447	249	117	81	368	229	370	240	165	118	497	293	42	96	214	314	201	228	328	130	461	98	60	47	267	85	264	250	86	349	160	360	184	358	108	245	194	77	263	196	263	196	
halfCoverageTime--------------	136254.0	128638.0	137045.0	60643.0	325598.0	137377.0	136646.0	60660.0	136032.0	134450.0	.0	136986.0	239682.0	141886.0	145029.0	141896.0	146312.0	142813.0	144043.0	239140.0	145126.0	149812.0	145034.0	144921.0	139414.0	60604.0	241290.0	57030.0	146881.0	144090.0	224447.0	60670.0	141936.0	239146.0	56175.0	139630.0	143375.0	136641.0	136848.0	71193.0	139625.0	137008.0	136058.0	142828.0	145748.0	139456.0	145044.0	136265.0	143354.0	154122.0	227235.0	56165.0	65286.0	137392.0	141921.0	74208.0	136080.0	142818.0	19612.0	1884.0	137408.0	.0	19665.0	19706.0	136445.0	74166.0	.0	71204.0	136102.0	71210.0	139620.0	134456.0	136401.0	65271.0	128626.0	136544.0	136485.0	144882.0	19660.0	136434.0	144867.0	227190.0	74230.0	154078.0	134439.0	65296.0	136108.0	141911.0	136294.0	143385.0	.0	74213.0	141891.0	19822.0	71161.0	19806.0	19606.0	136064.0	136315.0	136957.0	
numberOfPoint-----------------	1	1	1	1	1	1	1	1	1	1	1	1	1	1	1	1	1	1	1	1	1	1	1	1	1	1	1	1	1	1	1	1	1	1	1	1	1	1	1	1	1	1	1	1	1	1	1	1	1	1	3	2	2	2	3	2	3	2	3	2	2	2	2	1	2	1	2	1	2	2	1	2	4	2	1	2	3	2	3	1	2	1	2	3	3	3	3	3	1	2	3	3	1	2	2	1	2	1	3	3	
standardDeviation-------------	.0	.0	.0	.0	.0	.0	.0	.0	.0	.0	.0	.0	.0	.0	.0	.0	.0	.0	.0	.0	.0	.0	.0	.0	.0	.0	.0	.0	.0	.0	.0	.0	.0	.0	.0	.0	.0	.0	.0	.0	.0	.0	.0	.0	.0	.0	.0	.0	.0	.0	8.66	4.89	6.77	6.61	9.52	6.23	8.46	5.97	9.86	5.84	6.7	6.63	5.73	.1	6.2	.36	4.87	2.73	4.88	6.43	4.2	5.57	10.57	5.33	.22	8.05	10.21	6.33	7.73	.98	7.36	2.21	8.06	10.06	7.59	8.53	8.69	7.72	1.7	10.25	9.45	7.31	2.28	7.35	4.91	1.21	8.53	.36	7.4	8.41	
initialCoverageValue----------	339	346	360	354	360	328	347	318	360	304	311	344	347	329	323	279	286	342	273	333	181	359	345	336	310	354	277	358	326	325	290	348	343	280	331	341	358	325	351	326	307	357	360	286	311	315	292	322	278	285	205	351	350	308	277	291	325	325	333	345	243	236	360	322	345	360	221	255	343	322	269	291	266	346	339	328	341	290	319	330	240	313	336	235	279	354	274	323	323	360	260	302	324	295	346	338	360	344	277	301	
initialRedundantCoverageValue-	741	674	600	306	240	572	553	462	600	476	349	496	433	571	517	141	134	438	387	267	59	481	375	444	290	546	83	602	394	455	70	552	557	260	809	379	602	335	549	394	413	483	720	254	229	585	428	278	382	255	35	729	610	532	263	369	515	335	627	615	117	124	780	518	555	600	199	285	737	638	91	249	394	374	261	572	619	190	641	450	60	407	504	245	501	426	86	577	517	600	340	598	456	305	554	202	540	376	563	299	
additionalPoiTime-------------	0.0
algorithmTime-----------------	8798456.4
serverTime--------------------	327602.1
Total Transferred Metadata----	15381

Photo List Size: 1238
Gained Coverage %-------------	0.9207726409119696
Gained Redundancy %-----------	0.447688679245283
Total Cluster Created---------	49
Total Transferred Photo-------	8160
Total Photo at Destination----	805
Coverage Group----------------	1-30	31-60	61-90	91-120	121-150	151-180	181-210	211-240	241-270	271-300	301-330	331-360	
Coverage Distribution---------	0	0	0	0	1	4	3	5	15	21	27	24	
Ratio Group-------------------	.0	.1	.2	.3	.4	.5	.6	.7	.8	.9	1.0	
Coverage Ratio----------------	0	0	0	0	0	1	0	6	9	11	73	
Redundant Ratio---------------	1	1	4	17	18	17	16	12	5	3	6	
NumberOfPoint Group-----------	0	1	2	3	4	
NumOfPoint Distribution-------	0	11	23	15	1	
SD Group----------------------	0-1	1-2	2-3	3-4	4-5	5-6	6-7	7-8	8-9	9-10	10-11	
SD Distribution---------------	55	2	3	0	5	5	8	7	8	3	4	
Half Coverage Group-----------	0-33750	33750-67500	67500-101250	101250-135000	135000-168750	168750-202500	202500-236250	236250-270000	270000-303750	303750-337500	337500-371250	
Half Cvg Time Distribution----	8	10	8	5	57	0	3	4	0	1	0	
Transferred Photo Group-------	0-33750	33750-67500	67500-101250	101250-135000	135000-168750	168750-202500	202500-236250	236250-270000	270000-303750	303750-337500	337500-371250	
Photo Time Distribution-------	936	1293	699	49	5194	237	692	207	0	20	0	

Cvg&Red Distribution----------	0.0	2.0	33750.0	67500.0	135000.0	270000.0	168750.0	337500.0	101250.0	202500.0	303750.0	236250.0	
Average PhotoNum--------------	12.762886597938145	12.762886597938145	12.948453608247423	13.824742268041238	13.876288659793815	17.216494845360824	17.917525773195877	16.814432989690722	13.814432989690722	17.835051546391753	17.216494845360824	17.051546391752577	
Nodes Above Average-----------	54	54	51	44	43	54	59	54	43	58	54	51	
Nodes Below Average-----------	43	43	46	53	54	43	38	43	54	39	43	46	

Average Coverage--------------	754.979381443299	754.979381443299	765.4536082474227	813.5567010309278	820.0412371134021	1013.9484536082474	1054.1546391752577	990.3298969072165	816.4845360824743	1049.2474226804125	1013.9484536082474	1004.9072164948453	
Nodes Above Average-----------	51	51	48	42	41	55	57	54	41	57	55	52	
Nodes Below Average-----------	46	46	49	55	56	42	40	43	56	40	42	45	
Photos Above Average----------	15	15	15	18	19	23	23	22	19	23	23	23	
Photos Below Average----------	10	10	10	10	9	9	9	9	9	9	9	9	
Network Coverage--------------	31531	31531	31266	30665	30205	28958	29368	28958	30283	29201	28958	28966	

Average Redundancy------------	10.793814432989691	10.793814432989691	11.45360824742268	15.927835051546392	12.536082474226804	19.04123711340206	20.896907216494846	18.536082474226806	12.381443298969073	20.855670103092784	19.04123711340206	18.185567010309278	
Nodes Above Average-----------	24	24	25	28	25	33	32	35	25	35	33	34	
Nodes Below Average-----------	73	73	72	69	72	64	65	62	72	62	64	63	
Photos Above Average----------	14	14	15	18	18	23	22	22	18	22	23	22	
Photos Below Average----------	12	12	12	11	12	14	15	13	12	15	14	13	
Network Redundancy------------	42749	42749	44094	49795	50555	71242	74912	68902	50117	74599	71242	70274	

