Message stats for scenario Photo_5000-Scenario_4-ActualPOI_50-K_3
sim_time: 337500.0000

Photo List Size: 4952
coverageValue-----------------	250	351	308	357	355	360	344	347	335	360	352	356	336	297	343	360	360	304	360	337	360	345	354	334	319	345	329	315	360	360	360	342	360	262	356	331	357	329	312	305	277	339	345	352	330	326	328	359	246	327	336	360	360	348	360	360	347	355	356	360	354	324	360	360	267	360	360	360	348	360	360	360	360	316	347	332	360	335	356	360	324	314	307	341	350	317	335	360	360	360	360	360	320	351	360	360	360	360	306	338	
redundantCoverageValue--------	290	1029	652	543	545	780	496	673	385	780	848	724	624	423	737	900	720	356	540	323	660	795	966	806	521	315	811	825	660	660	720	618	1080	398	1024	629	1083	331	348	715	263	261	435	428	870	694	692	901	54	273	744	780	900	732	780	840	793	1385	1024	1080	1266	756	720	780	273	660	720	720	672	1080	1260	900	1020	524	973	628	540	745	1144	900	516	706	773	799	790	463	805	900	780	960	720	960	580	369	780	900	720	960	594	742	
halfCoverageTime--------------	145827.0	128750.0	139017.0	75753.0	136636.0	128638.0	138325.0	71324.0	145854.0	136564.0	137387.0	136390.0	136693.0	144952.0	134563.0	136096.0	136114.0	75678.0	136870.0	141978.0	136624.0	1624.0	56165.0	136570.0	57036.0	139434.0	138340.0	136080.0	71330.0	128668.0	136530.0	139466.0	136022.0	163640.0	137377.0	139077.0	57093.0	136552.0	137408.0	136524.0	138226.0	139136.0	134472.0	141911.0	71193.0	136064.0	138941.0	1832.0	143354.0	138956.0	57098.0	19612.0	71340.0	136069.0	19654.0	2612.0	138305.0	1802.0	19736.0	74160.0	2634.0	71306.0	2602.0	136472.0	137398.0	19688.0	136596.0	128773.0	74187.0	1552.0	56170.0	128626.0	2528.0	19624.0	65296.0	74202.0	128726.0	74144.0	19806.0	1856.0	71182.0	71226.0	75728.0	74213.0	1785.0	19748.0	128756.0	65375.0	19718.0	128862.0	138236.0	137048.0	71318.0	144043.0	138330.0	65286.0	137448.0	56198.0	137027.0	71128.0	
numberOfPoint-----------------	1	1	1	1	1	1	1	1	1	1	1	1	1	1	1	1	1	1	1	1	1	1	1	1	1	1	1	1	1	1	1	1	1	1	1	1	1	1	1	1	1	1	1	1	1	1	1	1	1	1	4	3	4	3	4	4	4	4	4	3	4	4	5	3	3	3	4	5	3	4	2	4	2	3	3	4	3	3	5	3	3	3	2	4	6	4	4	5	4	4	3	4	4	4	3	4	1	5	5	4	
standardDeviation-------------	.0	.0	.0	.0	.0	.0	.0	.0	.0	.0	.0	.0	.0	.0	.0	.0	.0	.0	.0	.0	.0	.0	.0	.0	.0	.0	.0	.0	.0	.0	.0	.0	.0	.0	.0	.0	.0	.0	.0	.0	.0	.0	.0	.0	.0	.0	.0	.0	.0	.0	8.26	6.27	7.9	8.64	9.63	9.73	8.84	9.53	8.77	7.26	8.2	10.61	9.83	8.09	7.73	6.56	9.39	10.56	10.29	8.22	6.0	7.55	5.67	6.74	6.09	8.06	8.81	8.79	9.59	6.55	7.85	7.08	5.89	8.54	10.46	8.57	7.32	9.4	8.06	7.84	9.21	9.64	9.44	9.58	9.59	10.36	.14	10.24	8.97	8.27	
initialCoverageValue----------	360	360	360	360	360	360	360	360	360	360	360	360	360	360	360	360	360	360	360	360	360	360	360	360	360	360	360	360	360	360	360	360	360	360	360	360	360	360	360	360	360	360	360	360	360	360	360	360	360	360	360	360	360	360	360	360	360	360	360	360	360	360	360	360	360	360	360	360	360	360	360	360	360	360	360	360	360	360	360	360	360	360	360	360	360	360	360	360	360	360	360	360	360	360	360	360	360	360	360	360	
initialRedundantCoverageValue-	1860	2400	2220	2100	2820	2580	2580	2160	2160	3420	2880	1980	2100	2700	2160	3060	3240	2100	2760	2160	2100	2820	3300	2040	2220	2160	2460	3120	2280	2100	2400	2640	3120	2460	2220	2040	2580	2160	2280	2340	2340	2340	2400	2340	2880	2160	2040	3060	1500	2220	2820	1740	3000	2520	1980	2760	2760	3060	2640	2640	3180	2460	2400	2400	1920	2160	2160	2520	1500	3000	3120	2160	2580	2220	2400	2280	1620	2460	3180	2280	2640	2220	1920	2460	2820	1740	2520	2880	2220	2940	1980	2280	1680	2520	2280	2520	2220	3060	2460	2400	
additionalPoiTime-------------	8.32733338E7
algorithmTime-----------------	1.531149815E8
serverTime--------------------	1.199803691E8
Total Transferred Metadata----	15329

Photo List Size: 4952
Gained Coverage %-------------	0.9461111111111111
Gained Redundancy %-----------	0.2933728005262292
Total Cluster Created---------	50
Total Transferred Photo-------	17619
Total Photo at Destination----	1800
Coverage Group----------------	1-30	31-60	61-90	91-120	121-150	151-180	181-210	211-240	241-270	271-300	301-330	331-360	
Coverage Distribution---------	0	0	0	0	0	0	0	0	4	2	20	74	
Ratio Group-------------------	.0	.1	.2	.3	.4	.5	.6	.7	.8	.9	1.0	
Coverage Ratio----------------	0	0	0	0	0	0	0	2	3	15	80	
Redundant Ratio---------------	0	1	20	26	41	12	0	0	0	0	0	
NumberOfPoint Group-----------	0	1	2	3	4	5	6	
NumOfPoint Distribution-------	0	1	3	16	23	6	1	
SD Group----------------------	0-1	1-2	2-3	3-4	4-5	5-6	6-7	7-8	8-9	9-10	10-11	
SD Distribution---------------	51	0	0	0	0	3	5	8	15	12	6	
Half Coverage Group-----------	0-33750	33750-67500	67500-101250	101250-135000	135000-168750	168750-202500	202500-236250	236250-270000	270000-303750	303750-337500	337500-371250	
Half Cvg Time Distribution----	18	9	17	10	46	0	0	0	0	0	0	
Transferred Photo Group-------	0-33750	33750-67500	67500-101250	101250-135000	135000-168750	168750-202500	202500-236250	236250-270000	270000-303750	303750-337500	337500-371250	
Photo Time Distribution-------	3520	8223	3565	268	42466	2373	7147	2722	0	359	0	

Cvg&Red Distribution----------	0.0	2.0	33750.0	67500.0	135000.0	270000.0	168750.0	337500.0	101250.0	202500.0	303750.0	236250.0	
Average PhotoNum--------------	51.05154639175258	51.05154639175258	55.5360824742268	70.21649484536083	79.52577319587628	142.2577319587629	133.69072164948454	139.37113402061857	78.48453608247422	135.18556701030928	142.2577319587629	139.659793814433	
Nodes Above Average-----------	50	50	40	15	19	42	39	42	19	41	42	43	
Nodes Below Average-----------	47	47	57	82	78	55	58	55	78	56	55	54	

Average Coverage--------------	2913.0	2913.0	3110.2474226804125	3791.618556701031	4217.659793814433	7172.907216494846	6739.0	7037.907216494846	4173.59793814433	6807.639175257732	7172.907216494846	7038.061855670103	
Nodes Above Average-----------	51	51	43	19	19	46	47	47	19	47	46	48	
Nodes Below Average-----------	46	46	54	78	78	51	50	50	78	50	51	49	
Photos Above Average----------	61	61	73	159	204	225	213	219	199	216	225	220	
Photos Below Average----------	39	39	41	48	49	66	58	63	49	59	66	60	
Network Coverage--------------	36000	36000	36000	36000	36000	36000	36000	36000	36000	36000	36000	36000	

Average Redundancy------------	150.09278350515464	150.09278350515464	221.91752577319588	421.37113402061857	553.8865979381443	1362.5567010309278	1282.4432989690722	1324.360824742268	535.4742268041238	1303.4948453608247	1362.5567010309278	1341.5257731958764	
Nodes Above Average-----------	43	43	24	11	17	35	33	34	17	34	35	34	
Nodes Below Average-----------	54	54	73	86	80	62	64	63	80	63	62	63	
Photos Above Average----------	59	59	81	223	216	250	246	247	210	246	250	251	
Photos Below Average----------	44	44	46	50	50	80	75	80	50	75	80	79	
Network Redundancy------------	261120	261120	287220	372660	426840	791940	742080	775140	420780	750780	791940	776820	

