Message stats for scenario Photo_2500-Scenario_7-ActualPOI_50
sim_time: 337500.0000

Photo List Size: 2485
coverageValue-----------------	196	305	315	341	241	283	354	266	323	299	360	331	326	310	254	360	270	341	332	255	188	238	264	360	291	342	262	310	325	245	350	351	329	284	271	359	354	280	239	284	340	266	352	360	330	232	317	290	359	340	325	289	286	353	296	309	315	281	306	249	313	183	326	311	254	346	290	317	360	360	242	354	282	324	273	291	351	262	352	199	283	276	271	309	283	238	329	317	360	257	237	322	360	310	262	358	333	359	331	298	
redundantCoverageValue--------	224	175	345	259	239	257	486	454	277	421	300	269	274	410	286	540	450	319	508	465	112	182	156	720	129	498	278	290	395	55	430	549	151	436	149	301	546	140	601	136	380	394	668	420	510	248	103	310	421	380	335	251	194	667	364	291	465	499	294	231	287	297	274	349	526	494	490	463	660	1020	358	486	618	456	87	369	309	278	548	101	497	324	89	411	377	182	391	583	1080	463	123	458	720	170	218	662	447	541	449	242	
halfCoverageTime--------------	19642.0	10040.0	10366.0	9482.0	10078.0	9512.0	7834.0	10784.0	8100.0	11067.0	10068.0	9956.0	7136.0	6840.0	12493.0	9128.0	10094.0	11593.0	10029.0	7375.0	25144.0	235280.0	11659.0	8390.0	10727.0	10088.0	12444.0	13944.0	7812.0	9134.0	7857.0	10007.0	12790.0	20972.0	11610.0	9476.0	10242.0	7760.0	10540.0	14057.0	7330.0	10163.0	8312.0	7063.0	8038.0	8072.0	10790.0	16884.0	8276.0	8095.0	8054.0	10146.0	8306.0	5758.0	10259.0	8407.0	9914.0	5826.0	7748.0	11616.0	9098.0	11298.0	9586.0	8323.0	7867.0	7170.0	7016.0	10201.0	7308.0	5793.0	10236.0	8005.0	8105.0	8294.0	9553.0	12852.0	6902.0	85048.0	9176.0	11200.0	9874.0	8033.0	85031.0	11637.0	7386.0	9834.0	5752.0	10212.0	5924.0	8049.0	10180.0	9919.0	5496.0	12724.0	12834.0	7292.0	10322.0	5747.0	5874.0	12863.0	
numberOfPoint-----------------	1	1	1	1	1	1	1	1	1	1	1	1	1	1	1	1	1	1	1	1	1	1	1	1	1	1	1	1	1	1	1	1	1	1	1	1	1	1	1	1	1	1	1	1	1	1	1	1	1	1	3	3	2	3	1	4	3	3	3	3	3	4	3	2	2	3	3	2	3	3	4	1	2	2	2	4	2	4	4	3	3	2	4	2	2	4	4	3	4	2	2	2	3	3	3	3	3	3	2	5	
standardDeviation-------------	.0	.0	.0	.0	.0	.0	.0	.0	.0	.0	.0	.0	.0	.0	.0	.0	.0	.0	.0	.0	.0	.0	.0	.0	.0	.0	.0	.0	.0	.0	.0	.0	.0	.0	.0	.0	.0	.0	.0	.0	.0	.0	.0	.0	.0	.0	.0	.0	.0	.0	9.33	6.98	4.65	7.65	.67	9.07	6.8	8.16	8.37	6.51	7.21	9.74	8.23	5.26	10.56	8.48	8.03	6.17	7.07	6.05	10.06	.72	6.41	6.33	5.85	9.05	5.37	8.12	8.78	6.81	6.77	6.01	7.81	5.58	5.51	8.64	9.43	9.74	8.24	5.99	5.09	6.48	8.08	9.5	8.0	6.5	7.1	7.28	4.88	8.7	
initialCoverageValue----------	359	338	353	360	350	360	360	351	333	360	360	360	360	360	292	360	351	360	360	360	345	311	325	360	360	360	360	360	360	326	350	360	360	360	341	360	360	357	318	360	357	334	360	360	360	360	360	356	359	360	356	360	347	360	360	334	347	360	358	352	360	341	354	354	333	360	360	360	360	360	360	360	360	360	360	348	360	354	360	360	359	331	343	360	360	310	360	360	360	355	360	358	360	360	340	360	360	360	360	360	
initialRedundantCoverageValue-	1021	502	1027	1080	1090	1260	1320	969	927	1380	780	1200	1140	1260	488	1380	1269	900	1140	960	675	769	1115	1620	720	1320	960	1080	1140	394	850	1380	960	1140	619	1140	1140	663	882	840	1203	866	1380	1320	1080	1380	1020	1144	1021	1200	1024	840	853	1500	1200	1046	1153	1380	602	728	1200	1039	1086	1026	1047	1440	1500	1260	1560	1620	780	960	1380	1380	1020	1212	1140	1206	1020	960	961	929	737	1320	960	830	1560	1260	1860	1025	960	842	1560	720	1160	1440	1320	1320	1500	1200	
additionalPoiTime-------------	1.47888948E7
algorithmTime-----------------	3.54434272E7
Total Transferred Metadata----	15377

Photo List Size: 2485
Gained Coverage %-------------	0.8564233163554047
Gained Redundancy %-----------	0.342026608347002
Total Cluster Created---------	50
Total Transferred Photo-------	13340
Total Photo at Destination----	1152
Coverage Group----------------	1-30	31-60	61-90	91-120	121-150	151-180	181-210	211-240	241-270	271-300	301-330	331-360	
Coverage Distribution---------	0	0	0	0	0	0	4	5	15	21	24	31	
Ratio Group-------------------	.0	.1	.2	.3	.4	.5	.6	.7	.8	.9	1.0	
Coverage Ratio----------------	0	0	0	0	0	0	4	4	25	25	42	
Redundant Ratio---------------	0	1	12	27	30	20	8	2	0	0	0	
NumberOfPoint Group-----------	0	1	2	3	4	5	
NumOfPoint Distribution-------	0	2	15	22	10	1	
SD Group----------------------	0-1	1-2	2-3	3-4	4-5	5-6	6-7	7-8	8-9	9-10	10-11	
SD Distribution---------------	52	0	0	0	2	7	12	7	11	7	2	
Half Coverage Group-----------	0-33750	33750-67500	67500-101250	101250-135000	135000-168750	168750-202500	202500-236250	236250-270000	270000-303750	303750-337500	337500-371250	
Half Cvg Time Distribution----	97	0	2	0	0	0	1	0	0	0	0	
Transferred Photo Group-------	0-33750	33750-67500	67500-101250	101250-135000	135000-168750	168750-202500	202500-236250	236250-270000	270000-303750	303750-337500	337500-371250	
Photo Time Distribution-------	2782	6251	3694	29	2687	218	93	430	0	0	0	

Cvg&Red Distribution----------	0.0	2.0	33750.0	67500.0	135000.0	270000.0	168750.0	337500.0	101250.0	202500.0	303750.0	236250.0	
Average PhotoNum--------------	25.61855670103093	25.61855670103093	28.63917525773196	33.391752577319586	33.88659793814433	36.608247422680414	36.123711340206185	36.422680412371136	33.88659793814433	36.123711340206185	36.608247422680414	36.01030927835052	
Nodes Above Average-----------	51	51	40	42	44	54	52	54	44	52	54	52	
Nodes Below Average-----------	46	46	57	55	53	43	45	43	53	45	43	45	

Average Coverage--------------	1507.5979381443299	1507.5979381443299	1677.7319587628865	1948.2268041237114	1973.7938144329896	2117.453608247423	2092.865979381443	2109.144329896907	1973.7938144329896	2092.9690721649486	2117.453608247423	2086.1546391752577	
Nodes Above Average-----------	51	51	40	42	44	54	52	54	44	52	54	52	
Nodes Below Average-----------	46	46	57	55	53	43	45	43	53	45	43	45	
Photos Above Average----------	30	30	39	48	49	49	49	49	49	49	49	49	
Photos Below Average----------	19	19	20	21	21	20	20	20	21	20	20	20	
Network Coverage--------------	35296	35296	35138	35099	35099	35033	35033	35033	35099	35033	35033	35033	

Average Redundancy------------	29.515463917525775	29.515463917525775	40.618556701030926	55.27835051546392	59.402061855670105	79.04123711340206	74.55670103092784	76.21649484536083	59.402061855670105	74.45360824742268	79.04123711340206	74.4639175257732	
Nodes Above Average-----------	42	42	38	37	38	41	40	41	38	39	41	39	
Nodes Below Average-----------	55	55	59	60	59	56	57	56	59	58	56	58	
Photos Above Average----------	27	27	36	45	47	49	49	49	47	49	49	49	
Photos Below Average----------	23	23	23	26	25	27	26	27	25	27	27	26	
Network Redundancy------------	113804	113804	131542	159241	162121	178027	175207	176947	162121	175207	178027	174547	

