Message stats for scenario Photo_1250-Scenario_6-ActualPOI_50
sim_time: 337500.0000

Photo List Size: 864
coverageValue-----------------	350	273	120	223	288	304	202	360	293	316	299	334	323	336	330	316	263	284	188	236	272	175	328	247	298	336	321	264	255	201	247	295	265	355	252	358	217	293	181	223	168	352	281	239	230	354	328	265	231	360	302	321	208	270	360	269	209	338	169	308	319	238	214	342	205	267	222	180	279	251	266	306	321	214	0	240	330	153	232	320	333	212	327	246	360	284	269	297	315	176	158	219	262	303	273	301	306	251	321	165	
redundantCoverageValue--------	550	267	0	317	312	416	218	300	247	104	301	386	217	384	330	284	397	316	112	304	148	125	332	173	422	444	459	96	45	339	473	125	95	305	228	482	83	187	179	197	252	248	379	421	250	366	272	215	249	480	298	339	92	90	480	91	151	262	71	292	161	302	146	318	95	273	198	300	81	49	154	174	219	206	0	120	210	87	308	340	507	148	453	354	300	136	151	363	225	64	142	81	218	237	147	359	174	169	399	135	
halfCoverageTime--------------	71172.0	163646.0	.0	74166.0	136512.0	71188.0	156475.0	128620.0	146278.0	136428.0	74160.0	128668.0	146323.0	56170.0	139686.0	134490.0	142775.0	128708.0	146920.0	158084.0	230932.0	.0	136502.0	145830.0	146881.0	136401.0	143328.0	158020.0	142844.0	164175.0	57061.0	155874.0	157986.0	139440.0	138966.0	136976.0	157996.0	137084.0	143411.0	227174.0	.0	74230.0	139625.0	60632.0	143334.0	136636.0	136891.0	143360.0	139471.0	71161.0	154078.0	143400.0	134405.0	144947.0	128644.0	143416.0	146348.0	71198.0	.0	136276.0	65348.0	136507.0	227246.0	71226.0	144909.0	164150.0	239140.0	158037.0	136260.0	74218.0	163634.0	142770.0	146932.0	145818.0	.0	145060.0	142849.0	.0	128662.0	136108.0	74213.0	145842.0	74172.0	71111.0	136126.0	71166.0	137420.0	137426.0	144084.0	.0	.0	137056.0	146257.0	136986.0	144994.0	139650.0	137067.0	158064.0	136080.0	.0	
numberOfPoint-----------------	1	1	1	1	1	1	1	1	1	1	1	1	1	1	1	1	1	1	1	1	1	1	1	1	1	1	1	1	1	1	1	1	1	1	1	1	1	1	1	1	1	1	1	1	1	1	1	1	1	1	1	3	2	2	3	2	2	2	1	1	3	2	1	2	1	2	2	3	1	2	1	2	2	3	0	1	1	3	2	1	3	1	1	2	1	1	1	2	2	1	2	1	3	3	1	3	1	1	3	1	
standardDeviation-------------	.0	.0	.0	.0	.0	.0	.0	.0	.0	.0	.0	.0	.0	.0	.0	.0	.0	.0	.0	.0	.0	.0	.0	.0	.0	.0	.0	.0	.0	.0	.0	.0	.0	.0	.0	.0	.0	.0	.0	.0	.0	.0	.0	.0	.0	.0	.0	.0	.0	.0	2.2	6.41	5.94	5.3	11.25	7.57	7.82	9.94	4.8	3.08	10.59	6.42	.92	4.43	2.5	6.2	5.72	8.78	2.4	10.42	7.5	5.68	5.96	7.75	.0	2.48	.1	10.12	6.19	3.42	8.1	1.42	1.65	5.12	1.7	.32	5.46	6.23	5.45	1.0	8.66	.5	8.47	7.59	4.04	9.26	3.8	4.53	9.97	6.38	
initialCoverageValue----------	350	333	275	223	351	327	239	360	351	321	306	353	331	338	349	316	341	293	221	263	309	272	328	315	330	360	330	264	261	224	256	318	309	356	346	360	311	294	192	360	316	360	323	318	272	354	353	325	320	360	360	360	293	285	360	336	209	348	289	334	320	319	287	357	303	327	282	227	310	341	316	359	321	317	134	323	356	217	254	320	357	280	343	246	360	335	304	360	339	281	176	298	278	350	296	314	360	342	353	214	
initialRedundantCoverageValue-	670	447	205	377	489	453	301	600	429	339	474	427	449	622	671	464	619	547	259	337	531	388	512	285	570	660	570	336	159	616	524	282	471	544	254	780	409	366	288	300	404	540	577	642	388	426	607	215	400	660	840	780	247	195	720	204	271	492	131	446	340	401	193	423	237	693	378	373	290	139	344	481	399	403	46	397	604	203	466	460	663	260	617	534	480	385	236	480	381	259	184	422	442	550	304	466	540	378	547	266	
additionalPoiTime-------------	31200.2
algorithmTime-----------------	2.10289348E7
serverTime--------------------	93600.6
Total Transferred Metadata----	9000

Photo List Size: 864
Gained Coverage %-------------	0.8668151160163939
Gained Redundancy %-----------	0.5714552282322207
Total Cluster Created---------	0
Total Transferred Photo-------	13269
Total Photo at Destination----	864
Coverage Group----------------	1-30	31-60	61-90	91-120	121-150	151-180	181-210	211-240	241-270	271-300	301-330	331-360	
Coverage Distribution---------	1	0	0	1	0	8	7	15	17	14	22	15	
Ratio Group-------------------	.0	.1	.2	.3	.4	.5	.6	.7	.8	.9	1.0	
Coverage Ratio----------------	1	0	0	0	0	1	2	6	17	25	48	
Redundant Ratio---------------	2	0	1	7	11	18	15	22	13	6	5	
NumberOfPoint Group-----------	0	1	2	3	
NumOfPoint Distribution-------	1	21	17	11	
SD Group----------------------	0-1	1-2	2-3	3-4	4-5	5-6	6-7	7-8	8-9	9-10	10-11	11-12	
SD Distribution---------------	55	4	4	3	4	8	6	5	4	3	3	1	
Half Coverage Group-----------	0-33750	33750-67500	67500-101250	101250-135000	135000-168750	168750-202500	202500-236250	236250-270000	270000-303750	303750-337500	337500-371250	
Half Cvg Time Distribution----	0	4	13	7	63	0	3	1	0	0	0	
Transferred Photo Group-------	0-33750	33750-67500	67500-101250	101250-135000	135000-168750	168750-202500	202500-236250	236250-270000	270000-303750	303750-337500	337500-371250	
Photo Time Distribution-------	1093	2243	1406	168	6700	714	1428	691	14	502	0	

Cvg&Red Distribution----------	0.0	2.0	33750.0	67500.0	135000.0	270000.0	168750.0	337500.0	101250.0	202500.0	303750.0	236250.0	
Average PhotoNum--------------	12.762886597938145	12.762886597938145	13.371134020618557	14.54639175257732	15.618556701030927	21.463917525773194	20.690721649484537	21.63917525773196	15.412371134020619	20.835051546391753	21.463917525773194	21.1340206185567	
Nodes Above Average-----------	54	54	42	41	40	73	68	74	39	69	73	71	
Nodes Below Average-----------	43	43	55	56	57	24	29	23	58	28	24	26	

Average Coverage--------------	758.4432989690722	758.4432989690722	794.2371134020618	864.0927835051547	926.3917525773196	1263.4123711340205	1218.0721649484535	1274.0309278350514	914.020618556701	1225.4742268041236	1263.4123711340205	1242.9896907216496	
Nodes Above Average-----------	52	52	42	40	40	73	68	74	39	69	73	71	
Nodes Below Average-----------	45	45	55	57	57	24	29	23	58	28	24	26	
Photos Above Average----------	15	15	16	19	21	25	24	25	21	25	25	25	
Photos Below Average----------	10	10	10	11	11	10	10	10	11	10	10	10	
Network Coverage--------------	30918	30918	30577	30073	29895	27002	27541	27002	29901	27295	27002	27168	

Average Redundancy------------	7.329896907216495	7.329896907216495	8.030927835051546	8.690721649484535	10.721649484536082	24.422680412371133	23.371134020618555	24.31958762886598	10.721649484536082	24.628865979381445	24.422680412371133	25.051546391752577	
Nodes Above Average-----------	18	18	17	21	23	41	42	40	23	43	41	42	
Nodes Below Average-----------	79	79	80	76	74	56	55	57	74	54	56	55	
Photos Above Average----------	13	13	14	18	19	23	23	23	19	23	23	23	
Photos Below Average----------	12	12	13	13	14	19	18	20	14	18	19	19	
Network Redundancy------------	43362	43362	47243	54587	61005	97918	92879	98938	59799	93965	97918	95832	

