Message stats for scenario Photo_5000-Scenario_7-ActualPOI_50-K_4
sim_time: 337500.0000

Photo List Size: 4952
coverageValue-----------------	339	330	348	360	351	339	338	292	335	331	359	258	350	360	360	360	360	354	357	342	265	360	347	337	340	360	334	342	345	354	314	322	353	360	338	348	360	350	320	322	360	360	348	345	334	345	356	360	351	345	326	335	350	332	302	360	359	355	360	310	360	351	360	346	322	360	360	280	341	282	324	346	344	323	335	346	344	360	337	360	360	285	360	329	299	353	358	348	335	360	360	360	360	306	327	341	360	354	327	357	
redundantCoverageValue--------	801	810	732	780	729	261	802	668	985	389	541	282	790	480	660	1260	720	546	903	618	335	840	673	803	620	660	446	678	795	606	706	758	787	660	802	552	600	550	580	398	1080	720	1032	555	746	975	1084	720	609	255	574	565	490	388	298	840	961	545	780	770	1140	489	720	434	698	780	840	560	619	438	696	1094	796	577	565	674	496	960	503	1020	780	495	720	991	841	727	482	972	445	420	1260	1020	1500	354	753	619	780	606	573	1083	
halfCoverageTime--------------	71312.0	128844.0	136983.0	136585.0	136492.0	139062.0	75640.0	128708.0	71122.0	134546.0	137170.0	154160.0	128602.0	139456.0	145044.0	75578.0	136672.0	71330.0	57002.0	136530.0	238723.0	139813.0	136536.0	56142.0	2592.0	75728.0	138272.0	138267.0	136472.0	75758.0	136379.0	128773.0	136854.0	128690.0	137022.0	139119.0	134621.0	134586.0	139414.0	154198.0	65337.0	128662.0	134484.0	136406.0	65312.0	128678.0	1820.0	142898.0	134450.0	75738.0	137048.0	139635.0	71204.0	134541.0	71216.0	19648.0	1808.0	136412.0	65348.0	136667.0	74230.0	1814.0	136390.0	141978.0	71288.0	128804.0	136120.0	137432.0	71300.0	75662.0	65327.0	56160.0	75603.0	19742.0	75618.0	128608.0	60645.0	56208.0	137082.0	1468.0	75688.0	1850.0	74160.0	128794.0	74177.0	75700.0	139088.0	19806.0	138972.0	138346.0	75657.0	56175.0	1746.0	136064.0	71161.0	19828.0	136624.0	75784.0	142869.0	19660.0	
numberOfPoint-----------------	1	1	1	1	1	1	1	1	1	1	1	1	1	1	1	1	1	1	1	1	1	1	1	1	1	1	1	1	1	1	1	1	1	1	1	1	1	1	1	1	1	1	1	1	1	1	1	1	1	1	4	2	4	3	2	3	5	5	3	2	4	4	3	2	3	5	5	4	4	3	5	3	3	4	5	3	5	5	4	4	4	4	3	4	4	4	4	3	5	2	3	4	5	3	4	3	3	4	4	3	
standardDeviation-------------	.0	.0	.0	.0	.0	.0	.0	.0	.0	.0	.0	.0	.0	.0	.0	.0	.0	.0	.0	.0	.0	.0	.0	.0	.0	.0	.0	.0	.0	.0	.0	.0	.0	.0	.0	.0	.0	.0	.0	.0	.0	.0	.0	.0	.0	.0	.0	.0	.0	.0	7.73	7.47	8.54	9.34	4.48	6.44	9.55	9.35	6.15	5.86	7.91	7.54	6.34	5.71	9.07	9.06	10.25	9.22	7.28	7.23	9.79	7.88	7.45	10.05	8.77	7.28	10.22	10.08	9.57	9.73	9.22	7.63	7.59	8.08	7.74	10.48	9.66	8.87	9.96	5.6	7.26	9.07	9.59	6.97	8.43	6.96	8.45	8.24	9.32	5.98	
initialCoverageValue----------	360	360	360	360	360	360	360	360	360	360	360	360	360	360	360	360	360	360	360	360	360	360	360	360	360	360	360	360	360	360	360	360	360	360	360	360	360	360	360	360	360	360	360	360	360	360	360	360	360	360	360	360	360	360	360	360	359	360	360	360	360	360	360	360	360	360	360	360	360	360	360	347	360	360	360	360	360	360	360	360	360	360	360	360	360	360	360	360	360	360	360	360	360	360	360	360	360	360	360	360	
initialRedundantCoverageValue-	2700	2460	2400	2940	2400	1920	2940	2220	2580	2280	2820	1980	2760	1740	2760	2820	2040	2100	2580	1980	2160	2100	2340	2880	2400	2640	2160	2340	3180	2580	2460	2220	3180	2160	2700	2280	2280	2880	2280	2160	2880	2820	3060	2160	2520	2760	2760	2700	2220	2220	2580	2580	2640	1980	2220	3060	2281	2280	2400	2640	3360	1980	2040	2400	2160	2700	2220	2760	2400	1980	2040	2413	2160	1800	2580	2400	1920	2820	2040	2580	2700	2280	2520	2580	2520	2640	1740	2040	2220	1800	3120	2460	3600	2100	2700	2220	2160	1740	1920	2880	
additionalPoiTime-------------	8.76101616E7
algorithmTime-----------------	1.496829595E8
serverTime--------------------	7566048.5
Total Transferred Metadata----	15330

Photo List Size: 4952
Gained Coverage %-------------	0.9477852498193742
Gained Redundancy %-----------	0.28822958718047803
Total Cluster Created---------	50
Total Transferred Photo-------	17627
Total Photo at Destination----	1781
Coverage Group----------------	1-30	31-60	61-90	91-120	121-150	151-180	181-210	211-240	241-270	271-300	301-330	331-360	
Coverage Distribution---------	0	0	0	0	0	0	0	0	2	5	15	78	
Ratio Group-------------------	.0	.1	.2	.3	.4	.5	.6	.7	.8	.9	1.0	
Coverage Ratio----------------	0	0	0	0	0	0	0	0	5	12	83	
Redundant Ratio---------------	0	0	13	50	30	7	0	0	0	0	0	
NumberOfPoint Group-----------	0	1	2	3	4	5	
NumOfPoint Distribution-------	0	0	5	16	19	10	
SD Group----------------------	0-1	1-2	2-3	3-4	4-5	5-6	6-7	7-8	8-9	9-10	10-11	
SD Distribution---------------	50	0	0	0	1	4	5	13	7	15	5	
Half Coverage Group-----------	0-33750	33750-67500	67500-101250	101250-135000	135000-168750	168750-202500	202500-236250	236250-270000	270000-303750	303750-337500	337500-371250	
Half Cvg Time Distribution----	12	10	23	16	38	0	0	1	0	0	0	
Transferred Photo Group-------	0-33750	33750-67500	67500-101250	101250-135000	135000-168750	168750-202500	202500-236250	236250-270000	270000-303750	303750-337500	337500-371250	
Photo Time Distribution-------	2914	8855	3692	280	47509	2570	7976	2925	0	373	0	

Cvg&Red Distribution----------	0.0	2.0	33750.0	67500.0	135000.0	270000.0	168750.0	337500.0	101250.0	202500.0	303750.0	236250.0	
Average PhotoNum--------------	51.05154639175258	51.05154639175258	56.855670103092784	74.22680412371135	84.29896907216495	155.05154639175257	145.48453608247422	151.91752577319588	83.31958762886597	147.70103092783506	155.04123711340208	152.15463917525773	
Nodes Above Average-----------	50	50	39	12	19	38	36	39	19	36	38	39	
Nodes Below Average-----------	47	47	58	85	78	59	61	58	78	61	59	58	

Average Coverage--------------	2936.7938144329896	2936.7938144329896	3189.865979381443	3973.8865979381444	4446.237113402062	7742.371134020618	7300.319587628866	7606.061855670103	4402.505154639175	7393.690721649485	7741.969072164949	7603.979381443299	
Nodes Above Average-----------	50	50	42	16	19	40	39	40	19	39	40	42	
Nodes Below Average-----------	47	47	55	81	78	57	58	57	78	58	57	55	
Photos Above Average----------	62	62	76	200	228	269	259	263	223	263	269	260	
Photos Below Average----------	39	39	41	49	49	75	69	73	49	69	75	69	
Network Coverage--------------	35986	35986	35986	35982	35982	35982	35982	35982	35982	35982	35982	35982	

Average Redundancy------------	126.29896907216495	126.29896907216495	221.4742268041237	479.7216494845361	611.7010309278351	1560.721649484536	1428.7525773195875	1508.9896907216496	596.6701030927835	1468.3711340206185	1560.5051546391753	1525.298969072165	
Nodes Above Average-----------	44	44	18	11	15	34	31	33	16	31	34	32	
Nodes Below Average-----------	53	53	79	86	82	63	66	64	81	66	63	65	
Photos Above Average----------	60	60	94	258	261	286	286	283	245	291	286	291	
Photos Below Average----------	43	43	48	50	51	83	79	83	51	80	83	83	
Network Redundancy------------	261134	261134	294914	396018	454638	866418	810738	848178	448938	823638	866358	849558	

