Message stats for scenario Photo_5000-Scenario_7-ActualPOI_50
sim_time: 337500.0000

Photo List Size: 4971
coverageValue-----------------	353	360	313	344	291	331	330	300	360	326	332	325	347	341	360	330	339	353	343	360	277	348	360	340	324	311	329	320	334	282	346	328	328	244	354	331	300	360	304	349	349	304	283	340	352	360	336	360	337	331	360	306	358	356	360	291	349	346	360	334	357	325	360	264	320	360	360	306	336	337	357	330	332	289	300	360	351	352	314	360	360	358	360	329	216	341	360	318	336	352	323	283	237	341	360	351	349	331	281	360	
redundantCoverageValue--------	727	1080	407	496	609	329	270	420	960	454	628	575	493	379	660	930	441	607	677	780	323	552	600	560	216	409	451	520	506	558	554	272	692	296	666	869	600	780	476	671	791	356	257	680	668	600	624	540	323	449	600	294	662	364	600	369	1151	614	540	686	783	575	840	516	460	720	720	594	864	563	783	750	568	251	420	720	489	428	346	660	540	422	720	451	324	679	900	522	864	248	457	437	183	919	840	609	551	689	499	1200	
halfCoverageTime--------------	10521.0	7118.0	10306.0	9464.0	7202.0	11716.0	12824.0	10247.0	7418.0	11112.0	8060.0	9182.0	10092.0	10184.0	8348.0	7236.0	7440.0	6955.0	7781.0	5930.0	17576.0	9806.0	8294.0	11067.0	10110.0	7218.0	11150.0	7292.0	8472.0	12539.0	9671.0	6880.0	9116.0	19794.0	10230.0	10346.0	6782.0	9583.0	10166.0	13024.0	8100.0	11260.0	10017.0	12621.0	10206.0	7720.0	6918.0	7476.0	10076.0	9950.0	7798.0	13138.0	10722.0	7068.0	8054.0	7308.0	6983.0	8005.0	7154.0	9076.0	8373.0	11637.0	10468.0	6960.0	9834.0	6835.0	6978.0	7770.0	5996.0	7196.0	5975.0	7142.0	10627.0	9666.0	9962.0	6787.0	5648.0	10301.0	10832.0	6151.0	10396.0	6103.0	7175.0	9945.0	17432.0	3754.0	6825.0	8441.0	7684.0	10178.0	5985.0	12834.0	85026.0	7402.0	6136.0	5832.0	6032.0	7708.0	7880.0	7212.0	
numberOfPoint-----------------	1	1	1	1	1	1	1	1	1	1	1	1	1	1	1	1	1	1	1	1	1	1	1	1	1	1	1	1	1	1	1	1	1	1	1	1	1	1	1	1	1	1	1	1	1	1	1	1	1	1	3	2	3	2	4	4	5	4	4	5	4	4	4	4	2	5	5	4	5	4	4	3	4	4	4	4	5	4	4	5	4	2	3	2	1	5	3	5	3	3	4	2	4	3	2	5	4	4	4	3	
standardDeviation-------------	.0	.0	.0	.0	.0	.0	.0	.0	.0	.0	.0	.0	.0	.0	.0	.0	.0	.0	.0	.0	.0	.0	.0	.0	.0	.0	.0	.0	.0	.0	.0	.0	.0	.0	.0	.0	.0	.0	.0	.0	.0	.0	.0	.0	.0	.0	.0	.0	.0	.0	6.27	5.96	7.27	5.79	8.87	10.21	9.3	7.45	8.53	9.23	6.79	8.68	8.93	9.63	5.18	9.11	10.4	7.78	8.81	7.92	8.36	8.28	11.75	9.76	10.16	7.46	10.16	8.84	7.57	9.56	9.62	5.4	8.06	5.26	2.02	9.44	8.39	9.33	9.09	8.77	7.64	5.26	10.82	7.76	5.96	9.5	8.0	8.12	8.09	9.56	
initialCoverageValue----------	360	360	360	360	360	360	360	360	360	360	360	360	360	360	360	360	360	360	360	360	360	360	360	360	360	360	360	360	355	360	360	354	360	360	360	360	360	360	360	360	360	360	360	360	360	360	360	360	360	360	360	360	360	360	360	360	360	360	360	360	360	360	360	360	360	360	360	360	360	360	360	353	360	360	360	360	360	360	360	360	360	360	360	360	356	360	360	360	360	360	360	360	360	359	360	360	360	360	360	360	
initialRedundantCoverageValue-	2820	3060	2040	2100	2700	1800	2700	2340	2820	2700	2400	2100	2580	2520	2340	2760	2400	2100	2700	1980	2340	2220	2940	3120	1920	2040	2640	3000	2285	2760	3060	2106	2400	2100	2940	3300	2700	2880	2280	2400	2700	2460	2100	2640	2880	2760	2280	2340	2160	2400	2160	2280	2040	2460	2220	1740	2640	2340	2220	2580	2160	2040	2160	2400	2340	2640	2640	2700	2580	2760	2520	1867	2940	1800	2220	2640	1920	2280	2220	2580	1800	2340	2580	2460	1744	2700	2400	2760	2580	2040	2160	2160	1860	2581	2640	2820	2400	2700	2040	2520	
additionalPoiTime-------------	8.17913243E7
algorithmTime-----------------	1.640818518E8
Total Transferred Metadata----	15324

Photo List Size: 4971
Gained Coverage %-------------	0.9226728187453095
Gained Redundancy %-----------	0.23822288572807165
Total Cluster Created---------	50
Total Transferred Photo-------	18164
Total Photo at Destination----	1552
Coverage Group----------------	1-30	31-60	61-90	91-120	121-150	151-180	181-210	211-240	241-270	271-300	301-330	331-360	
Coverage Distribution---------	0	0	0	0	0	0	0	2	2	11	22	63	
Ratio Group-------------------	.0	.1	.2	.3	.4	.5	.6	.7	.8	.9	1.0	
Coverage Ratio----------------	0	0	0	0	0	0	0	3	6	18	73	
Redundant Ratio---------------	0	2	32	50	13	3	0	0	0	0	0	
NumberOfPoint Group-----------	0	1	2	3	4	5	
NumOfPoint Distribution-------	0	1	7	9	23	10	
SD Group----------------------	0-1	1-2	2-3	3-4	4-5	5-6	6-7	7-8	8-9	9-10	10-11	11-12	
SD Distribution---------------	50	0	1	0	0	7	2	9	13	12	5	1	
Half Coverage Group-----------	0-33750	33750-67500	67500-101250	101250-135000	135000-168750	168750-202500	202500-236250	236250-270000	270000-303750	303750-337500	337500-371250	
Half Cvg Time Distribution----	99	0	1	0	0	0	0	0	0	0	0	
Transferred Photo Group-------	0-33750	33750-67500	67500-101250	101250-135000	135000-168750	168750-202500	202500-236250	236250-270000	270000-303750	303750-337500	337500-371250	
Photo Time Distribution-------	5358	13167	7569	6	6727	559	298	1055	0	0	0	

Cvg&Red Distribution----------	0.0	2.0	33750.0	67500.0	135000.0	270000.0	168750.0	337500.0	101250.0	202500.0	303750.0	236250.0	
Average PhotoNum--------------	51.24742268041237	51.24742268041237	57.70103092783505	67.58762886597938	68.34020618556701	73.9278350515464	72.94845360824742	73.77319587628865	68.38144329896907	73.0618556701031	73.9278350515464	72.81443298969072	
Nodes Above Average-----------	50	50	42	43	43	53	52	53	43	52	53	52	
Nodes Below Average-----------	47	47	55	54	54	44	45	44	54	45	44	45	

Average Coverage--------------	2933.5876288659792	2933.5876288659792	3283.4845360824743	3803.185567010309	3843.4845360824743	4147.5360824742265	4092.6494845360826	4139.309278350515	3845.958762886598	4098.948453608247	4147.5360824742265	4086.546391752577	
Nodes Above Average-----------	51	51	41	43	44	53	52	53	44	52	53	52	
Nodes Below Average-----------	46	46	56	54	53	44	45	44	53	45	44	45	
Photos Above Average----------	61	61	78	96	97	98	98	98	97	98	98	98	
Photos Below Average----------	39	39	42	44	44	43	43	43	44	43	43	43	
Network Coverage--------------	35977	35977	35973	35973	35973	35973	35973	35973	35973	35973	35973	35973	

Average Redundancy------------	141.2577319587629	141.2577319587629	178.57731958762886	252.0721649484536	256.92783505154637	288.1340206185567	284.25773195876286	287.08247422680415	256.92783505154637	284.7628865979381	288.1340206185567	282.319587628866	
Nodes Above Average-----------	43	43	41	43	42	50	47	50	42	47	50	47	
Nodes Below Average-----------	54	54	56	54	55	47	50	47	55	50	47	50	
Photos Above Average----------	60	60	75	94	94	96	97	96	94	97	96	97	
Photos Below Average----------	44	44	44	46	48	49	50	49	48	50	49	49	
Network Redundancy------------	262283	262283	299847	357387	361767	394287	388587	393387	362007	389247	394287	387807	

