Message stats for scenario Photo_5000-Scenario_8-ActualPOI_50-K_3
sim_time: 337500.0000

Photo List Size: 1704
coverageValue-----------------	360	360	360	360	360	360	332	360	360	360	360	360	337	356	360	360	355	360	360	358	360	360	336	360	360	360	360	360	351	360	360	357	360	360	358	360	360	360	360	360	360	323	360	340	360	360	360	360	360	352	256	212	125	248	258	178	129	271	105	239	268	274	250	293	105	214	312	222	317	202	282	127	258	218	208	239	289	237	306	309	72	313	233	214	194	231	133	220	250	214	248	257	272	232	220	299	254	304	254	238	
redundantCoverageValue--------	1440	960	1140	1020	1500	1260	448	1320	1020	1080	1500	960	1103	1204	1320	1740	1085	1620	1380	1022	1440	1260	1284	1260	1920	1500	1080	900	909	1140	1320	1263	1440	1440	1262	1320	1200	780	600	1320	1200	637	1560	920	1860	1500	1020	1500	1140	968	164	148	55	112	102	62	51	269	75	61	392	146	50	187	75	206	468	258	403	98	258	113	222	82	332	61	191	63	174	291	48	407	127	206	106	189	47	200	290	146	112	103	268	68	80	241	106	236	346	2	
halfCoverageTime--------------	134568.0	19822.0	74235.0	65291.0	71335.0	75778.0	141978.0	19724.0	139681.0	1618.0	71161.0	75624.0	65348.0	139440.0	65380.0	71340.0	56240.0	56170.0	75694.0	136108.0	134462.0	137062.0	75748.0	138990.0	134422.0	71145.0	74202.0	134472.0	71283.0	136401.0	71111.0	136310.0	75598.0	128799.0	1430.0	19828.0	65327.0	134580.0	137089.0	71156.0	19800.0	137045.0	75784.0	71231.0	74230.0	128626.0	128810.0	134626.0	56180.0	74133.0	227288.0	325748.0	.0	148142.0	154282.0	.0	.0	158059.0	.0	158074.0	141921.0	163634.0	158192.0	239794.0	.0	224447.0	1480.0	139119.0	75758.0	156462.0	75603.0	.0	158249.0	158228.0	148084.0	156447.0	142775.0	167156.0	138946.0	146354.0	.0	139108.0	146886.0	139408.0	158112.0	239406.0	.0	2534.0	71312.0	154515.0	167027.0	137014.0	145922.0	145083.0	139625.0	148012.0	128784.0	143400.0	136672.0	145186.0	
numberOfPoint-----------------	1	1	1	1	1	1	1	1	1	1	1	1	1	1	1	1	1	1	1	1	1	1	1	1	1	1	1	1	1	1	1	1	1	1	1	1	1	1	1	1	1	1	1	1	1	1	1	1	1	1	2	2	1	2	1	1	1	1	1	2	3	2	2	2	1	2	1	2	2	1	2	1	2	3	3	3	1	1	2	2	1	1	2	1	1	1	1	3	3	2	2	2	3	1	3	1	2	1	2	3	
standardDeviation-------------	.0	.0	.0	.0	.0	.0	.0	.0	.0	.0	.0	.0	.0	.0	.0	.0	.0	.0	.0	.0	.0	.0	.0	.0	.0	.0	.0	.0	.0	.0	.0	.0	.0	.0	.0	.0	.0	.0	.0	.0	.0	.0	.0	.0	.0	.0	.0	.0	.0	.0	8.04	6.97	4.83	5.05	1.08	4.55	2.1	.89	8.67	5.47	7.99	6.89	8.16	5.51	2.19	5.2	4.33	4.5	10.72	7.08	8.33	1.62	8.54	10.25	7.94	8.92	4.47	3.32	10.7	6.12	2.12	1.28	9.28	6.4	.4	5.8	7.02	8.0	9.41	9.81	5.6	6.29	9.61	1.2	8.77	5.56	8.03	2.41	8.16	10.09	
initialCoverageValue----------	360	360	360	360	360	360	360	360	360	360	360	360	360	360	360	360	360	360	360	360	360	360	360	360	360	360	360	360	360	360	360	360	360	360	360	360	360	360	360	360	360	360	360	359	360	360	360	360	360	360	360	360	360	360	360	360	360	360	360	360	360	360	360	360	360	360	360	360	360	360	360	360	360	360	360	360	360	360	360	360	360	360	360	360	360	360	360	360	360	360	360	360	360	360	360	360	360	360	360	360	
initialRedundantCoverageValue-	2760	2100	2520	1980	2700	2160	1500	2640	2700	2700	2700	1740	1860	2580	2460	2520	2460	3180	3300	1980	2700	2820	2460	2580	3300	2580	2640	2280	2040	2700	2220	2520	2640	3240	2100	2700	2340	1860	1860	2760	2700	1620	2760	1441	2700	2400	2520	3480	2640	1980	2220	2460	2160	2220	2340	2220	2460	2580	2100	3060	2160	2460	2100	2400	2220	2640	2640	1860	2580	2460	2520	2280	2160	3480	2220	1740	2460	2100	2520	2760	1800	2280	2340	2160	3060	2400	2520	2280	2700	2220	2100	2520	2280	2460	2520	2220	2580	2400	2940	2820	
additionalPoiTime-------------	1762811.3
algorithmTime-----------------	3.3552407226572E11
serverTime--------------------	156001.0
Total Transferred Metadata----	7793

Photo List Size: 1704
Gained Coverage %-------------	0.8177449373593711
Gained Redundancy %-----------	0.2859092235543627
Total Cluster Created---------	0
Total Transferred Photo-------	142513
Total Photo at Destination----	1705
Coverage Group----------------	1-30	31-60	61-90	91-120	121-150	151-180	181-210	211-240	241-270	271-300	301-330	331-360	
Coverage Distribution---------	0	0	1	2	4	1	3	15	11	7	7	49	
Ratio Group-------------------	.0	.1	.2	.3	.4	.5	.6	.7	.8	.9	1.0	
Coverage Ratio----------------	0	0	1	2	4	1	7	15	11	10	49	
Redundant Ratio---------------	0	36	14	1	5	20	19	5	0	0	0	
NumberOfPoint Group-----------	0	1	2	3	
NumOfPoint Distribution-------	0	21	20	9	
SD Group----------------------	0-1	1-2	2-3	3-4	4-5	5-6	6-7	7-8	8-9	9-10	10-11	
SD Distribution---------------	52	4	4	1	5	7	5	4	10	4	4	
Half Coverage Group-----------	0-33750	33750-67500	67500-101250	101250-135000	135000-168750	168750-202500	202500-236250	236250-270000	270000-303750	303750-337500	337500-371250	
Half Cvg Time Distribution----	8	7	21	10	41	0	2	2	0	1	0	
Transferred Photo Group-------	0-33750	33750-67500	67500-101250	101250-135000	135000-168750	168750-202500	202500-236250	236250-270000	270000-303750	303750-337500	337500-371250	
Photo Time Distribution-------	306409	384853	183299	17572	311423	29133	51710	34231	2874	22309	0	

Cvg&Red Distribution----------	0.0	2.0	33750.0	67500.0	135000.0	270000.0	168750.0	337500.0	101250.0	202500.0	303750.0	236250.0	
Average PhotoNum--------------	51.05154639175258	51.05154639175258	227.7319587628866	285.9587628865979	290.6701030927835	296.77319587628864	296.5360824742268	296.77319587628864	290.03092783505156	296.5360824742268	296.77319587628864	296.5360824742268	
Nodes Above Average-----------	50	50	63	88	90	94	94	94	88	94	94	94	
Nodes Below Average-----------	47	47	34	9	7	3	3	3	9	3	3	3	

Average Coverage--------------	2946.9484536082473	2946.9484536082473	9800.762886597939	11938.082474226803	12221.773195876289	12341.092783505155	12369.474226804125	12325.288659793814	12182.814432989691	12313.814432989691	12347.061855670103	12319.154639175258	
Nodes Above Average-----------	52	52	65	76	70	51	52	54	70	56	51	53	
Nodes Below Average-----------	45	45	32	21	27	46	45	43	27	41	46	44	
Photos Above Average----------	61	61	294	299	300	300	300	300	300	300	300	300	
Photos Below Average----------	38	38	91	235	266	293	292	292	264	291	293	292	
Network Coverage--------------	35999	35999	35999	35999	35999	35999	35999	35999	35999	35999	35999	35999	

Average Redundancy------------	116.14432989690722	116.14432989690722	3863.1546391752577	5219.443298969072	5218.432989690722	5465.298969072165	5422.690721649485	5481.103092783505	5219.041237113402	5478.350515463918	5459.329896907217	5473.01030927835	
Nodes Above Average-----------	45	45	62	68	60	58	55	60	60	60	56	59	
Nodes Below Average-----------	52	52	35	29	37	39	42	37	37	37	41	38	
Photos Above Average----------	57	57	298	299	299	300	300	300	299	300	300	300	
Photos Below Average----------	45	45	102	253	276	291	292	291	274	290	292	291	
Network Redundancy------------	261121	261121	1289401	1628281	1655701	1691221	1689841	1691221	1651981	1689841	1691221	1689841	

