Message stats for scenario Photo_5000-Scenario_8-ActualPOI_50-K_1
sim_time: 31622400.0000

Photo List Size: 665
coverageValue-----------------	245	324	246	252	319	339	241	223	165	346	183	327	222	260	71	141	152	304	353	221	260	278	219	324	248	331	265	279	224	301	264	274	356	360	275	271	263	329	262	313	203	323	283	151	306	342	311	240	360	325	60	244	120	185	137	70	60	129	120	94	120	261	162	183	275	199	124	142	151	260	210	60	201	308	120	164	230	253	183	299	120	60	203	182	219	120	199	273	277	60	337	196	149	207	120	120	277	175	197	174	
redundantCoverageValue--------	115	156	174	168	401	261	179	137	75	254	57	273	198	160	49	159	148	236	847	199	340	202	201	516	232	389	275	201	256	179	636	206	304	720	145	269	397	271	338	407	157	337	317	89	354	318	289	240	240	275	0	56	0	55	43	50	0	51	0	206	0	39	18	57	145	101	56	98	89	160	270	0	159	112	0	76	70	47	57	241	0	0	97	118	81	0	41	267	83	0	203	224	31	33	0	0	143	5	103	6	
halfCoverageTime--------------	13511480.0	14319570.0	11280801.0	13227666.0	3951120.0	11280774.0	13202200.0	4293008.0	.0	1083508.0	19664080.0	12592207.0	11280791.0	13201562.0	.0	.0	.0	4013708.0	757820.0	3951062.0	14319582.0	4013836.0	14343054.0	757944.0	757896.0	12651448.0	19748306.0	12665016.0	12566048.0	4299384.0	4013760.0	3949520.0	4013582.0	147326.0	14141279.0	14319552.0	147316.0	4014542.0	11280756.0	12567362.0	757890.0	11280762.0	11797928.0	.0	4014645.0	12665004.0	757803.0	28384898.0	3951056.0	490400.0	.0	12566031.0	.0	28384880.0	.0	.0	.0	.0	.0	.0	.0	12651519.0	.0	13227654.0	12665968.0	12651540.0	.0	.0	.0	12592212.0	19664693.0	.0	14319576.0	4013600.0	.0	.0	20347964.0	4299372.0	14319510.0	4014758.0	.0	.0	14343362.0	14141290.0	20345796.0	.0	382414.0	12565176.0	19664086.0	.0	4013876.0	19664420.0	.0	19748294.0	.0	.0	4013702.0	.0	13287584.0	.0	
numberOfPoint-----------------	1	1	1	1	1	1	1	1	1	1	1	1	1	1	1	1	1	1	1	1	1	1	1	1	1	1	1	1	1	1	1	1	1	1	1	1	1	1	1	1	1	1	1	1	1	1	1	1	1	1	1	2	1	1	0	0	1	1	0	2	1	3	1	2	2	2	2	1	1	2	1	1	2	2	0	1	1	1	1	2	1	0	1	1	1	1	1	2	1	0	2	1	0	2	0	1	2	0	1	2	
standardDeviation-------------	.0	.0	.0	.0	.0	.0	.0	.0	.0	.0	.0	.0	.0	.0	.0	.0	.0	.0	.0	.0	.0	.0	.0	.0	.0	.0	.0	.0	.0	.0	.0	.0	.0	.0	.0	.0	.0	.0	.0	.0	.0	.0	.0	.0	.0	.0	.0	.0	.0	.0	8.09	8.86	5.76	9.8	.0	.0	3.54	2.05	.0	6.61	10.0	8.03	1.03	4.53	7.91	.76	6.69	6.67	13.07	9.35	4.7	11.39	7.65	7.04	.0	4.17	3.78	8.71	2.79	5.16	1.5	.0	7.03	7.3	2.94	4.21	3.9	10.02	6.07	.0	6.33	6.36	.0	6.72	.0	8.21	2.93	.0	7.65	11.01	
initialCoverageValue----------	360	360	360	360	360	360	357	360	360	360	360	360	360	360	360	360	360	360	360	360	360	360	360	360	360	360	360	360	360	360	360	360	360	360	360	360	360	360	360	360	360	360	360	360	360	360	360	360	360	360	360	360	360	360	360	360	360	360	360	360	360	360	360	360	360	360	360	360	360	360	360	330	360	360	360	360	360	360	360	360	360	360	360	360	360	360	360	360	360	360	360	360	360	360	360	360	360	360	360	360	
initialRedundantCoverageValue-	2160	2220	2160	2100	2640	3420	1923	1680	1920	2700	1920	1860	2400	2220	1800	2220	2880	2940	2880	2940	2220	2700	2280	2820	2040	2100	2340	2520	2760	2100	2520	2280	2460	3240	2460	2880	2760	2700	2760	2280	2700	2400	2580	2160	2640	2820	1560	2220	2820	2580	2340	2820	2400	2280	2160	2160	1740	2760	2760	3120	2340	3120	2520	2640	2580	3300	2220	2700	2640	2700	3060	1650	2040	2880	2340	2400	2520	2400	2340	2820	1800	2040	1560	3000	2760	1920	1980	2460	2340	2580	2640	2640	2400	2040	1980	2280	2160	2100	2760	2340	
additionalPoiTime-------------	514803.3
algorithmTime-----------------	4.1587219833236E10
serverTime--------------------	358802.3
Total Transferred Metadata----	7590

Photo List Size: 665
Gained Coverage %-------------	0.6189840687296688
Gained Redundancy %-----------	0.0700497095138829
Total Cluster Created---------	0
Total Transferred Photo-------	114992
Total Photo at Destination----	665
Coverage Group----------------	1-30	31-60	61-90	91-120	121-150	151-180	181-210	211-240	241-270	271-300	301-330	331-360	
Coverage Distribution---------	0	5	2	9	6	8	14	8	15	11	13	9	
Ratio Group-------------------	.0	.1	.2	.3	.4	.5	.6	.7	.8	.9	1.0	
Coverage Ratio----------------	0	0	7	1	13	9	14	14	19	11	12	
Redundant Ratio---------------	13	64	20	3	0	0	0	0	0	0	0	
NumberOfPoint Group-----------	0	1	2	3	
NumOfPoint Distribution-------	9	25	15	1	
SD Group----------------------	0-1	1-2	2-3	3-4	4-5	5-6	6-7	7-8	8-9	9-10	10-11	11-12	12-13	13-14	
SD Distribution---------------	60	2	4	3	4	2	7	6	5	2	2	2	0	1	
Half Coverage Group-----------	0-3162240	3162240-6324480	6324480-9486720	9486720-12648960	12648960-15811200	15811200-18973440	18973440-22135680	22135680-25297920	25297920-28460160	28460160-31622400	31622400-34784640	
Half Cvg Time Distribution----	10	17	0	12	21	0	8	0	2	0	0	
Transferred Photo Group-------	0-3162240	3162240-6324480	6324480-9486720	9486720-12648960	12648960-15811200	15811200-18973440	18973440-22135680	22135680-25297920	25297920-28460160	28460160-31622400	31622400-34784640	
Photo Time Distribution-------	37096	16711	14064	28005	35625	18439	13260	13201	8131	14840	0	

Cvg&Red Distribution----------	2.0	9486720.0	1.897344E7	2.846016E7	3162240.0	6324480.0	1.264896E7	2.529792E7	2.213568E7	1.58112E7	3.16224E7	
Average PhotoNum--------------	20.555066079295155	31.744493392070485	36.66079295154185	37.48458149779736	29.273127753303964	30.823788546255507	34.06167400881057	37.29955947136564	36.87665198237885	35.79295154185022	38.46696035242291	
Nodes Above Average-----------	118	147	201	209	122	138	175	207	203	193	216	
Nodes Below Average-----------	109	80	26	18	105	89	52	20	24	34	11	

Average Coverage--------------	1208.8590308370044	1835.035242290749	2113.8942731277534	2157.3259911894274	1702.6651982378855	1785.52422907489	1966.5198237885463	2149.2422907488985	2124.568281938326	2066.5991189427314	2217.3127753303966	
Nodes Above Average-----------	117	146	201	205	122	137	175	205	201	193	200	
Nodes Below Average-----------	110	81	26	22	105	90	52	22	26	34	27	
Photos Above Average----------	26	39	40	39	39	39	39	39	40	40	39	
Photos Below Average----------	14	17	10	14	17	17	14	12	12	11	27	
Network Coverage--------------	35950	35950	35950	35950	35950	35950	35950	35950	35950	35950	35950	

Average Redundancy------------	24.444933920704845	69.63436123348018	85.7533039647577	91.7488986784141	53.72246696035242	63.903083700440526	77.18061674008811	88.73127753303964	88.03083700440529	80.97797356828194	90.70484581497797	
Nodes Above Average-----------	83	101	113	105	89	99	104	105	105	107	106	
Nodes Below Average-----------	144	126	114	122	138	128	123	122	122	120	121	
Photos Above Average----------	24	39	39	39	37	39	39	39	39	39	39	
Photos Below Average----------	18	25	33	35	23	24	29	35	34	32	37	
Network Redundancy------------	244010	396410	463370	474590	362750	383870	427970	472070	466310	451550	487970	

