Message stats for scenario K_2-Photo_5000-Scenario_6-ActualPOI_50
sim_time: 31622400.0000

Photo List Size: 651
coverageValue-----------------	256	297	289	349	221	293	242	275	235	206	249	262	272	264	180	194	321	210	240	343	159	287	208	276	121	314	238	286	220	342	120	134	264	303	350	161	319	157	314	180	180	331	210	171	224	336	311	180	268	316	120	287	226	195	303	336	193	329	226	291	140	140	345	266	282	120	225	258	137	224	130	317	166	214	125	254	226	60	186	187	292	279	292	206	169	270	119	219	146	284	291	185	175	189	264	337	339	305	224	251	
redundantCoverageValue--------	164	183	131	311	19	127	118	85	185	94	171	218	88	96	0	106	159	30	60	317	81	253	152	84	59	286	182	74	140	198	0	106	336	177	370	79	161	83	406	0	0	329	210	69	76	444	169	120	92	464	0	73	74	105	477	324	47	211	134	249	40	40	195	274	138	0	135	222	43	76	50	223	194	206	115	46	14	0	54	53	308	141	128	94	131	150	61	81	94	196	369	55	125	51	36	323	441	235	136	229	
halfCoverageTime--------------	12651448.0	12651436.0	12651459.0	13203724.0	29426853.0	4804358.0	3950226.0	12566060.0	4014622.0	16050755.0	4023240.0	19664454.0	11280817.0	12651470.0	19708280.0	14319458.0	4799231.0	13278394.0	19667098.0	4014594.0	.0	12665968.0	16050808.0	12613392.0	.0	13377559.0	14319582.0	12566042.0	13511486.0	4013754.0	.0	.0	14319528.0	12651498.0	3951090.0	.0	12651529.0	.0	4023282.0	20344804.0	12651487.0	4013730.0	12651540.0	.0	4293008.0	13287578.0	2026144.0	19698229.0	4023276.0	11280791.0	.0	17846488.0	14319488.0	14319570.0	3951080.0	12565126.0	13287584.0	4023328.0	29431426.0	4023312.0	.0	.0	4293019.0	12565121.0	11280736.0	.0	19708269.0	4299384.0	.0	.0	.0	4023334.0	.0	.0	.0	13511468.0	19664388.0	.0	13201580.0	29617280.0	3951120.0	29588102.0	4293024.0	29663326.0	.0	11280710.0	.0	757841.0	.0	13511452.0	4013576.0	19664420.0	.0	13201568.0	4014542.0	11280796.0	4023234.0	12574304.0	20345772.0	11280806.0	
numberOfPoint-----------------	1	1	1	1	1	1	1	1	1	1	1	1	1	1	1	1	1	1	1	1	1	1	1	1	1	1	1	1	1	1	1	1	1	1	1	1	1	1	1	1	1	1	1	1	1	1	1	1	1	1	0	1	1	0	1	1	1	2	3	2	0	0	1	2	1	1	1	1	0	0	1	2	2	1	1	1	0	0	1	1	2	1	1	2	1	0	0	2	1	1	2	1	2	0	1	4	3	1	1	1	
standardDeviation-------------	.0	.0	.0	.0	.0	.0	.0	.0	.0	.0	.0	.0	.0	.0	.0	.0	.0	.0	.0	.0	.0	.0	.0	.0	.0	.0	.0	.0	.0	.0	.0	.0	.0	.0	.0	.0	.0	.0	.0	.0	.0	.0	.0	.0	.0	.0	.0	.0	.0	.0	.0	4.24	9.04	.0	3.62	4.02	13.93	8.7	6.33	4.87	.0	.0	.91	7.56	6.24	6.18	3.29	3.89	.0	.0	2.13	7.89	8.05	8.83	1.43	2.19	.0	.0	4.55	2.04	8.44	4.75	4.34	7.31	7.4	.0	.0	7.66	9.3	4.18	7.98	6.61	9.03	.0	1.0	8.01	9.41	1.64	1.96	.64	
initialCoverageValue----------	360	360	360	360	360	360	360	360	360	360	360	360	360	360	360	360	360	360	360	360	360	360	360	360	360	360	360	360	360	360	360	360	360	360	360	360	360	360	360	359	360	360	360	360	360	360	360	360	360	360	360	360	360	360	360	360	360	360	360	360	360	360	360	360	360	360	360	360	360	360	360	360	360	360	360	360	360	360	360	360	360	360	360	360	360	360	360	360	360	360	360	360	360	360	360	360	360	360	360	360	
initialRedundantCoverageValue-	1920	2400	2760	2700	2400	2220	2520	2340	2880	2820	2640	2160	2580	2760	2460	2220	2640	2700	2100	2700	2100	2340	2580	2040	2400	2160	2580	2580	2520	2580	2160	2760	2400	2700	2820	2220	2700	2100	2880	1861	2220	2400	2520	2400	2280	2340	2460	2340	2760	2580	1560	2340	2400	1860	2340	2460	2700	2580	2520	2340	2700	2580	3420	2160	2220	2160	2520	2340	1860	2940	2280	2280	2460	2220	1800	2340	2400	2220	2340	2700	2280	2400	2340	2820	2220	2100	2220	2940	2880	2280	2760	2340	2040	2760	2280	2460	2640	2880	1860	2520	
additionalPoiTime-------------	156001.0
algorithmTime-----------------	1.0272041846E9
serverTime--------------------	873605.6
Total Transferred Metadata----	8243

Photo List Size: 651
Gained Coverage %-------------	0.661740603905664
Gained Redundancy %-----------	0.06202808523609641
Total Cluster Created---------	0
Total Transferred Photo-------	6574
Total Photo at Destination----	651
Coverage Group----------------	1-30	31-60	61-90	91-120	121-150	151-180	181-210	211-240	241-270	271-300	301-330	331-360	
Coverage Distribution---------	0	1	0	4	8	11	12	14	13	16	11	10	
Ratio Group-------------------	.0	.1	.2	.3	.4	.5	.6	.7	.8	.9	1.0	
Coverage Ratio----------------	0	0	1	0	11	11	14	16	19	17	11	
Redundant Ratio---------------	7	74	18	1	0	0	0	0	0	0	0	
NumberOfPoint Group-----------	0	1	2	3	4	
NumOfPoint Distribution-------	11	26	10	2	1	
SD Group----------------------	0-1	1-2	2-3	3-4	4-5	5-6	6-7	7-8	8-9	9-10	10-11	11-12	12-13	13-14	
SD Distribution---------------	63	4	3	3	7	0	4	6	5	4	0	0	0	1	
Half Coverage Group-----------	0-3162240	3162240-6324480	6324480-9486720	9486720-12648960	12648960-15811200	15811200-18973440	18973440-22135680	22135680-25297920	25297920-28460160	28460160-31622400	31622400-34784640	
Half Cvg Time Distribution----	2	23	0	12	24	3	9	0	0	5	0	
Transferred Photo Group-------	0-3162240	3162240-6324480	6324480-9486720	9486720-12648960	12648960-15811200	15811200-18973440	18973440-22135680	22135680-25297920	25297920-28460160	28460160-31622400	31622400-34784640	
Photo Time Distribution-------	2092	2047	761	2070	5168	1436	2227	935	242	2960	0	

Cvg&Red Distribution----------	2.0	9486720.0	1.897344E7	2.846016E7	3162240.0	6324480.0	1.264896E7	2.529792E7	2.213568E7	1.58112E7	3.16224E7	
Average PhotoNum--------------	20.555066079295155	24.31718061674009	28.83259911894273	29.863436123348016	22.687224669603523	23.788546255506606	25.53303964757709	29.823788546255507	29.7136563876652	28.621145374449338	31.823788546255507	
Nodes Above Average-----------	118	89	73	69	103	97	85	68	67	72	62	
Nodes Below Average-----------	109	138	154	158	124	130	142	159	160	155	165	

Average Coverage--------------	1207.6211453744493	1419.2466960352424	1671.0308370044054	1728.409691629956	1327.568281938326	1390.7577092511012	1488.15859030837	1726.1409691629956	1720.3832599118944	1659.3215859030836	1840.2995594713657	
Nodes Above Average-----------	115	91	71	70	100	94	87	69	68	74	62	
Nodes Below Average-----------	112	136	156	157	127	133	140	158	159	153	165	
Photos Above Average----------	26	36	52	55	32	35	40	55	55	50	64	
Photos Below Average----------	14	15	18	18	15	15	16	18	18	17	19	
Network Coverage--------------	35978	35978	35978	35978	35978	35978	35978	35978	35978	35978	35978	

Average Redundancy------------	25.68281938325991	39.784140969163	58.92511013215859	63.39647577092511	33.66519823788546	36.55506607929515	43.82378854625551	63.286343612334804	62.436123348017624	57.947136563876654	69.12775330396475	
Nodes Above Average-----------	85	77	70	65	83	77	77	65	65	69	68	
Nodes Below Average-----------	142	150	157	162	144	150	150	162	162	158	159	
Photos Above Average----------	24	35	50	54	30	33	39	54	54	50	59	
Photos Below Average----------	18	18	18	19	18	18	18	19	19	18	20	
Network Redundancy------------	243982	295222	356722	370762	273022	288022	311782	370222	368722	353842	397462	

