Message stats for scenario Photo_5000-Scenario_8-ActualPOI_50-K_2
sim_time: 31622400.0000

Photo List Size: 732
coverageValue-----------------	290	288	360	312	335	270	320	360	339	322	263	360	319	316	360	348	292	115	360	216	330	300	327	342	288	335	276	321	317	278	346	319	347	298	256	354	180	336	229	306	247	269	323	310	220	319	310	249	352	277	170	210	60	200	261	161	64	246	229	131	120	240	60	120	60	60	83	60	176	91	274	122	120	60	0	105	129	139	60	132	60	272	199	255	60	219	204	180	60	0	60	180	202	176	0	120	183	60	60	120	
redundantCoverageValue--------	370	372	840	468	565	150	580	600	801	458	277	540	641	644	780	552	248	65	420	204	330	420	453	378	132	565	324	339	523	562	554	101	493	422	164	246	0	504	251	594	173	271	277	290	320	581	230	111	488	383	10	30	0	40	159	19	56	54	131	49	0	0	0	0	0	0	37	0	4	89	86	58	0	0	0	15	51	41	0	48	0	88	41	45	0	81	36	0	0	0	0	0	38	64	0	0	57	0	0	0	
halfCoverageTime--------------	147512.0	4014564.0	4013696.0	1083502.0	4014640.0	147476.0	4013892.0	757852.0	147566.0	5227438.0	4013618.0	4013796.0	4292990.0	11528902.0	147400.0	4013713.0	4013612.0	.0	757885.0	19748318.0	4014600.0	3951050.0	382426.0	4014628.0	13202194.0	4013576.0	12651470.0	4293002.0	4013754.0	12565116.0	4013623.0	13084919.0	382402.0	4013778.0	4013854.0	11280756.0	29932604.0	3949520.0	19719456.0	4014616.0	4292996.0	14343054.0	4014634.0	4013860.0	13287572.0	4013748.0	14141274.0	13267044.0	4014553.0	3949508.0	.0	14319794.0	.0	12592202.0	12651464.0	.0	.0	14319810.0	.0	.0	.0	757896.0	.0	.0	.0	.0	.0	.0	.0	.0	4013772.0	.0	.0	.0	.0	.0	.0	.0	.0	.0	.0	12665962.0	12581016.0	4023276.0	.0	12592212.0	.0	29426830.0	.0	.0	.0	15535538.0	20345808.0	.0	.0	.0	29431426.0	.0	.0	.0	
numberOfPoint-----------------	1	1	1	1	1	1	1	1	1	1	1	1	1	1	1	1	1	1	1	1	1	1	1	1	1	1	1	1	1	1	1	1	1	1	1	1	1	1	1	1	1	1	1	1	1	1	1	1	1	1	0	2	1	1	2	1	0	1	2	0	2	0	1	1	0	0	0	0	1	1	5	0	0	1	0	1	2	0	0	2	0	2	1	1	0	1	3	1	0	0	0	0	1	2	0	1	1	0	0	1	
standardDeviation-------------	.0	.0	.0	.0	.0	.0	.0	.0	.0	.0	.0	.0	.0	.0	.0	.0	.0	.0	.0	.0	.0	.0	.0	.0	.0	.0	.0	.0	.0	.0	.0	.0	.0	.0	.0	.0	.0	.0	.0	.0	.0	.0	.0	.0	.0	.0	.0	.0	.0	.0	.0	7.88	2.19	8.79	9.23	5.5	.0	6.71	5.69	.0	8.18	.0	5.74	3.8	.0	.0	.0	.0	7.31	7.62	7.83	.0	.0	7.24	.0	8.68	13.37	.0	.0	4.15	.0	7.31	4.61	1.33	.0	4.61	8.94	8.93	.0	.0	.0	.0	3.31	11.03	.0	8.63	3.03	.0	.0	1.91	
initialCoverageValue----------	360	360	360	360	360	360	360	360	360	360	360	360	360	360	360	360	360	360	360	360	360	360	360	360	360	360	360	360	360	360	360	360	360	360	360	360	360	360	360	360	360	360	360	360	360	360	360	360	360	360	360	360	360	360	360	360	360	360	360	360	360	360	360	360	360	360	360	360	360	360	360	360	360	360	360	360	360	360	360	360	360	360	360	360	360	360	360	360	360	360	360	360	360	360	360	360	360	360	360	360	
initialRedundantCoverageValue-	2100	2280	2820	2580	3120	1680	2280	3180	2700	2580	2700	2580	2820	2460	2880	2280	2280	1980	2460	2700	2160	2700	2160	2820	2160	2400	2640	2580	2400	2100	2700	1800	2400	3480	2160	2820	2640	2820	2220	2880	1740	2160	2700	2340	2400	2280	1320	2160	2520	2040	1800	2220	3000	2640	3120	2640	1920	2820	2940	2640	2040	1860	2580	2460	2880	2220	2520	2160	2400	2760	2580	2640	2460	2400	2400	1620	2220	2100	2700	2460	1560	2340	2040	3060	1980	2460	2640	2820	2700	3000	2220	2220	3000	1980	2280	2400	2340	1860	2520	2580	
additionalPoiTime-------------	483603.1
algorithmTime-----------------	8.8986242380992E10
serverTime--------------------	124800.8
Total Transferred Metadata----	7469

Photo List Size: 732
Gained Coverage %-------------	0.6033055555555555
Gained Redundancy %-----------	0.08826840894148587
Total Cluster Created---------	0
Total Transferred Photo-------	155063
Total Photo at Destination----	732
Coverage Group----------------	1-30	31-60	61-90	91-120	121-150	151-180	181-210	211-240	241-270	271-300	301-330	331-360	
Coverage Distribution---------	3	13	2	8	5	7	6	6	9	11	15	15	
Ratio Group-------------------	.0	.1	.2	.3	.4	.5	.6	.7	.8	.9	1.0	
Coverage Ratio----------------	3	0	14	3	11	7	7	8	13	17	17	
Redundant Ratio---------------	25	35	24	16	0	0	0	0	0	0	0	
NumberOfPoint Group-----------	0	1	2	3	4	5	
NumOfPoint Distribution-------	22	18	8	1	0	1	
SD Group----------------------	0-1	1-2	2-3	3-4	4-5	5-6	6-7	7-8	8-9	9-10	10-11	11-12	12-13	13-14	
SD Distribution---------------	72	2	1	3	3	3	1	6	6	1	0	1	0	1	
Half Coverage Group-----------	0-3162240	3162240-6324480	6324480-9486720	9486720-12648960	12648960-15811200	15811200-18973440	18973440-22135680	22135680-25297920	25297920-28460160	28460160-31622400	31622400-34784640	
Half Cvg Time Distribution----	10	29	0	6	12	0	3	0	0	3	0	
Transferred Photo Group-------	0-3162240	3162240-6324480	6324480-9486720	9486720-12648960	12648960-15811200	15811200-18973440	18973440-22135680	22135680-25297920	25297920-28460160	28460160-31622400	31622400-34784640	
Photo Time Distribution-------	72501	35749	30683	60907	78041	41267	29959	28929	17726	32212	0	

Cvg&Red Distribution----------	2.0	9486720.0	1.897344E7	2.846016E7	3162240.0	6324480.0	1.264896E7	2.529792E7	2.213568E7	1.58112E7	3.16224E7	
Average PhotoNum--------------	20.555066079295155	56.0352422907489	71.53744493392071	73.95154185022027	47.89867841409691	53.47136563876652	64.36123348017621	73.27753303964758	72.1453744493392	69.42290748898678	76.2511013215859	
Nodes Above Average-----------	118	140	196	205	110	131	172	201	197	190	213	
Nodes Below Average-----------	109	87	31	22	117	96	55	26	30	37	14	

Average Coverage--------------	1208.9295154185022	3071.5506607929515	3900.488986784141	4039.9735682819382	2652.0088105726873	2936.885462555066	3517.493392070485	3998.643171806167	3940.1674008810573	3795.2643171806167	4139.145374449339	
Nodes Above Average-----------	115	140	195	204	110	131	172	201	197	189	198	
Nodes Below Average-----------	112	87	32	23	117	96	55	26	30	38	29	
Photos Above Average----------	26	79	79	80	78	79	79	79	79	79	80	
Photos Below Average----------	14	18	20	20	19	18	16	21	20	17	50	
Network Coverage--------------	35972	35972	35972	35972	35972	35972	35972	35972	35972	35972	35972	

Average Redundancy------------	24.374449339207047	290.56387665198235	391.75770925110135	397.1189427312775	221.91189427312776	271.3964757709251	344.1806167400881	398.00881057268725	388.55506607929516	370.1101321585903	435.92070484581495	
Nodes Above Average-----------	83	129	136	125	106	121	134	129	134	133	116	
Nodes Below Average-----------	144	98	91	102	121	106	93	98	93	94	111	
Photos Above Average----------	24	79	79	79	78	79	79	79	79	79	79	
Photos Below Average----------	18	25	59	66	20	23	42	64	61	54	72	
Network Redundancy------------	243988	727228	938368	971248	616408	692308	840628	962068	946648	909568	1002568	

