Message stats for scenario K_2-Photo_5000-Scenario_7-ActualPOI_50
sim_time: 340.0000

Photo List Size: 31
coverageValue-----------------	0	0	0	0	0	0	0	0	0	0	0	0	0	0	0	0	0	0	0	0	0	0	0	0	0	0	0	0	0	0	0	0	0	0	0	0	0	0	0	0	0	0	0	0	0	0	0	0	0	0	0	0	0	0	0	0	0	0	0	0	0	0	0	0	0	0	0	0	0	0	0	0	0	0	0	0	0	0	0	0	0	0	0	0	0	0	0	0	0	0	0	0	0	0	0	0	0	0	0	0	
redundantCoverageValue--------	0	0	0	0	0	0	0	0	0	0	0	0	0	0	0	0	0	0	0	0	0	0	0	0	0	0	0	0	0	0	0	0	0	0	0	0	0	0	0	0	0	0	0	0	0	0	0	0	0	0	0	0	0	0	0	0	0	0	0	0	0	0	0	0	0	0	0	0	0	0	0	0	0	0	0	0	0	0	0	0	0	0	0	0	0	0	0	0	0	0	0	0	0	0	0	0	0	0	0	0	
halfCoverageTime--------------	.0	.0	.0	.0	.0	.0	.0	.0	.0	.0	.0	.0	.0	.0	.0	.0	.0	.0	.0	.0	.0	.0	.0	.0	.0	.0	.0	.0	.0	.0	.0	.0	.0	.0	.0	.0	.0	.0	.0	.0	.0	.0	.0	.0	.0	.0	.0	.0	.0	.0	.0	.0	.0	.0	.0	.0	.0	.0	.0	.0	.0	.0	.0	.0	.0	.0	.0	.0	.0	.0	.0	.0	.0	.0	.0	.0	.0	.0	.0	.0	.0	.0	.0	.0	.0	.0	.0	.0	.0	.0	.0	.0	.0	.0	.0	.0	.0	.0	.0	.0	
numberOfPoint-----------------	1	1	1	1	1	1	1	1	1	1	1	1	1	1	1	1	1	1	1	1	1	1	1	1	1	1	1	1	1	1	1	1	1	1	1	1	1	1	1	1	1	1	1	1	1	1	1	1	1	1	0	0	0	1	0	0	0	0	0	0	0	0	0	0	0	0	0	0	0	0	1	1	0	0	0	0	0	1	0	1	0	0	0	0	0	0	0	0	0	0	0	0	0	0	1	0	0	1	0	0	
standardDeviation-------------	.0	.0	.0	.0	.0	.0	.0	.0	.0	.0	.0	.0	.0	.0	.0	.0	.0	.0	.0	.0	.0	.0	.0	.0	.0	.0	.0	.0	.0	.0	.0	.0	.0	.0	.0	.0	.0	.0	.0	.0	.0	.0	.0	.0	.0	.0	.0	.0	.0	.0	.0	.0	.0	5.74	.0	.0	.0	.0	.0	.0	.0	.0	.0	.0	.0	.0	.0	.0	.0	.0	6.95	8.98	.0	.0	.0	.0	.0	6.55	.0	6.1	.0	.0	.0	.0	.0	.0	.0	.0	.0	.0	.0	.0	.0	.0	6.94	.0	.0	8.61	.0	.0	
initialCoverageValue----------	360	360	360	360	360	360	360	360	360	360	360	360	360	360	360	360	360	360	360	360	360	360	360	360	360	360	360	360	360	360	360	360	360	360	360	360	360	360	360	360	360	360	360	360	360	360	356	360	360	360	360	360	360	360	360	360	354	360	360	360	360	360	360	360	360	360	360	360	360	360	360	360	360	360	360	360	360	360	360	360	360	360	360	360	360	360	360	360	360	360	360	360	360	360	360	360	360	360	360	360	
initialRedundantCoverageValue-	2700	2340	2640	2520	2640	2340	2580	2160	2580	2520	2460	2460	2640	1920	2640	1800	2880	2640	2340	2340	1800	2160	2520	2160	2220	2340	2400	2340	1860	2280	1920	2520	2700	2700	1860	3060	2520	2280	2460	3240	2760	2700	2520	2760	3300	2640	1744	2220	2880	2280	2520	2220	2760	2280	2400	1800	1986	2400	2220	2100	2460	2100	2100	2880	2400	2580	2580	2640	3180	2280	2760	2100	2160	2100	2760	2940	3060	2280	2460	2220	2640	2040	2700	2400	2280	1860	2640	2580	2280	2580	2520	2580	2460	2400	2520	2160	2580	2880	2040	2340	
additionalPoiTime-------------	0.0
algorithmTime-----------------	0.0
serverTime--------------------	0.0
Total Transferred Metadata----	14

Photo List Size: 31
Gained Coverage %-------------	0.0
Gained Redundancy %-----------	0.0
Total Cluster Created---------	8
Total Transferred Photo-------	0
Total Photo at Destination----	0
Coverage Group----------------	1-30	31-60	61-90	91-120	121-150	151-180	181-210	211-240	241-270	271-300	301-330	331-360	
Coverage Distribution---------	100	0	0	0	0	0	0	0	0	0	0	0	
Ratio Group-------------------	.0	.1	.2	.3	.4	.5	.6	.7	.8	.9	1.0	
Coverage Ratio----------------	100	0	0	0	0	0	0	0	0	0	0	
Redundant Ratio---------------	100	0	0	0	0	0	0	0	0	0	0	
NumberOfPoint Group-----------	0	1	
NumOfPoint Distribution-------	43	7	
SD Group----------------------	0-1	1-2	2-3	3-4	4-5	5-6	6-7	7-8	8-9	
SD Distribution---------------	93	0	0	0	0	1	4	0	2	
Half Coverage Group-----------	0-34	34-68	68-102	102-136	136-170	170-204	204-238	238-272	272-306	306-340	340-374	
Half Cvg Time Distribution----	0	0	0	0	0	0	0	0	0	0	0	
Transferred Photo Group-------	0-34	34-68	68-102	102-136	136-170	170-204	204-238	238-272	272-306	306-340	340-374	
Photo Time Distribution-------	0	31	0	0	0	0	0	0	0	0	0	

Cvg&Red Distribution----------	2.0	
Average PhotoNum--------------	20.555066079295155	
Nodes Above Average-----------	118	
Nodes Below Average-----------	109	

Average Coverage--------------	1207.8810572687225	
Nodes Above Average-----------	116	
Nodes Below Average-----------	111	
Photos Above Average----------	26	
Photos Below Average----------	14	
Network Coverage--------------	35990	

Average Redundancy------------	25.422907488986784	
Nodes Above Average-----------	82	
Nodes Below Average-----------	145	
Photos Above Average----------	24	
Photos Below Average----------	18	
Network Redundancy------------	243970	

