Message stats for scenario K_2-Photo_5000-Scenario_5-ActualPOI_50
sim_time: 31622400.0000

Photo List Size: 10666
coverageValue-----------------	283	267	236	248	354	295	299	284	360	247	267	187	321	304	299	250	298	237	306	253	191	202	187	302	220	284	120	208	219	289	198	299	282	169	238	300	317	120	279	291	279	348	155	338	170	232	222	255	158	214	240	204	231	195	199	261	278	320	173	91	172	248	262	156	268	258	233	165	261	120	191	220	326	301	178	189	244	212	288	280	164	216	246	241	200	295	298	120	287	138	238	120	189	291	180	215	166	288	202	193	
redundantCoverageValue--------	77	153	64	172	186	185	181	136	300	173	153	173	159	176	121	110	182	123	174	167	169	38	173	178	80	76	0	152	21	71	102	301	198	11	62	60	103	0	141	309	81	132	145	82	130	68	78	105	22	86	240	156	69	105	161	39	142	220	67	29	68	112	38	24	152	102	67	135	219	0	49	20	334	119	2	51	56	148	72	140	76	84	234	119	40	125	182	0	193	102	242	0	51	69	0	85	74	72	98	107	
halfCoverageTime--------------	14141274.0	13278384.0	29433801.0	14319458.0	13084924.0	12574298.0	15627698.0	12651448.0	13084914.0	19664092.0	14319432.0	29426814.0	12665004.0	4805100.0	12566078.0	14319482.0	4013748.0	29186212.0	12565121.0	14319444.0	14319476.0	4293014.0	19664437.0	12566072.0	12651482.0	12566048.0	.0	20515144.0	29435811.0	4014548.0	19698212.0	4805110.0	12651464.0	.0	13278389.0	19719462.0	147436.0	.0	12574286.0	4014634.0	19748300.0	13202206.0	.0	13287584.0	.0	13267072.0	20344786.0	4293030.0	.0	12565116.0	13225160.0	12565110.0	11280791.0	15535538.0	330549.0	17846436.0	4014553.0	4023056.0	.0	.0	.0	19664432.0	17846460.0	.0	4799231.0	4023018.0	12566016.0	.0	12651470.0	.0	16050750.0	382444.0	4014570.0	147430.0	.0	14343350.0	3950220.0	29186218.0	4013778.0	1431180.0	.0	20344774.0	4805094.0	4013724.0	19664688.0	147378.0	4299378.0	.0	12566021.0	.0	4013718.0	.0	29617270.0	138514.0	17846484.0	13227666.0	.0	490388.0	19748306.0	13287572.0	
numberOfPoint-----------------	1	1	1	1	1	1	1	1	1	1	1	1	1	1	1	1	1	1	1	1	1	1	1	1	1	1	1	1	1	1	1	1	1	1	1	1	1	1	1	1	1	1	1	1	1	1	1	1	1	1	1	6	5	2	3	2	3	2	8	6	3	3	1	2	3	4	3	1	3	3	1	2	5	1	3	2	7	4	2	9	1	4	5	3	5	1	2	6	3	1	4	5	3	3	2	4	5	2	5	7	
standardDeviation-------------	.0	.0	.0	.0	.0	.0	.0	.0	.0	.0	.0	.0	.0	.0	.0	.0	.0	.0	.0	.0	.0	.0	.0	.0	.0	.0	.0	.0	.0	.0	.0	.0	.0	.0	.0	.0	.0	.0	.0	.0	.0	.0	.0	.0	.0	.0	.0	.0	.0	.0	6.34	7.79	7.07	8.32	6.47	7.23	8.31	6.44	9.08	6.05	7.22	8.34	7.8	5.73	4.74	6.02	6.06	7.53	9.3	7.11	1.43	10.91	6.49	6.71	7.81	9.38	8.13	5.1	5.48	7.52	4.46	6.81	4.94	6.87	6.33	1.9	6.43	5.31	7.0	13.02	5.65	7.88	8.22	7.71	6.89	5.84	5.98	5.08	5.75	7.26	
initialCoverageValue----------	360	360	360	360	360	360	360	360	360	360	360	360	360	360	360	360	360	360	360	360	360	360	360	360	360	360	360	360	360	360	360	360	360	360	360	360	360	360	360	360	360	360	360	360	360	360	360	360	360	360	360	360	360	347	360	360	360	360	360	360	360	360	360	360	360	360	360	360	360	360	360	360	360	360	360	360	360	360	360	360	360	351	360	360	360	360	360	360	360	360	360	360	360	360	360	360	360	360	360	360	
initialRedundantCoverageValue-	2700	2940	2460	2760	2340	2880	2700	3000	2700	2700	2580	2340	2760	2520	2700	2280	2220	3180	2100	2340	2160	2100	2160	3000	2100	2700	2460	2580	2340	2340	1860	3060	2100	1680	2400	2820	2520	1980	2100	2640	2460	2340	2040	2520	2160	2160	2940	2160	2100	1980	2460	2340	2520	2653	2280	2520	2520	2520	2400	2400	2640	2880	2580	2040	2220	2280	2700	2460	2460	1740	2100	2880	3240	2400	1680	2340	2400	2340	1860	2820	2340	1869	2520	2760	2580	1980	2400	2520	3060	2760	2520	2460	2280	2520	2340	2340	2460	1980	2160	2400	
additionalPoiTime-------------	0.0
algorithmTime-----------------	8.04341156E7
serverTime--------------------	2.11069353E7
Total Transferred Metadata----	15086

Photo List Size: 10666
Gained Coverage %-------------	0.6596253265884707
Gained Redundancy %-----------	0.047012942134752884
Total Cluster Created---------	50
Total Transferred Photo-------	1816
Total Photo at Destination----	590
Coverage Group----------------	1-30	31-60	61-90	91-120	121-150	151-180	181-210	211-240	241-270	271-300	301-330	331-360	
Coverage Distribution---------	0	0	0	6	1	12	15	16	16	22	8	4	
Ratio Group-------------------	.0	.1	.2	.3	.4	.5	.6	.7	.8	.9	1.0	
Coverage Ratio----------------	0	0	0	1	6	12	18	20	20	18	5	
Redundant Ratio---------------	6	91	3	0	0	0	0	0	0	0	0	
NumberOfPoint Group-----------	0	1	2	3	4	5	6	7	8	9	
NumOfPoint Distribution-------	0	8	10	13	5	7	3	2	1	1	
SD Group----------------------	0-1	1-2	2-3	3-4	4-5	5-6	6-7	7-8	8-9	9-10	10-11	11-12	12-13	13-14	
SD Distribution---------------	50	2	0	0	3	9	13	13	5	3	1	0	0	1	
Half Coverage Group-----------	0-3162240	3162240-6324480	6324480-9486720	9486720-12648960	12648960-15811200	15811200-18973440	18973440-22135680	22135680-25297920	25297920-28460160	28460160-31622400	31622400-34784640	
Half Cvg Time Distribution----	8	18	0	11	24	4	11	0	0	6	0	
Transferred Photo Group-------	0-3162240	3162240-6324480	6324480-9486720	9486720-12648960	12648960-15811200	15811200-18973440	18973440-22135680	22135680-25297920	25297920-28460160	28460160-31622400	31622400-34784640	
Photo Time Distribution-------	1603	741	222	1166	1064	348	481	145	138	534	0	

Cvg&Red Distribution----------	2.0	9486720.0	1.897344E7	2.846016E7	3162240.0	6324480.0	1.264896E7	2.529792E7	2.213568E7	1.58112E7	3.16224E7	
Average PhotoNum--------------	20.555066079295155	21.54185022026432	23.158590308370044	23.651982378854626	20.951541850220263	21.352422907488986	22.612334801762113	23.599118942731277	23.409691629955947	22.94273127753304	24.312775330396477	
Nodes Above Average-----------	118	110	94	95	119	110	104	96	95	106	92	
Nodes Below Average-----------	109	117	133	132	108	117	123	131	132	121	135	

Average Coverage--------------	1211.2114537444934	1267.2114537444934	1357.8149779735684	1385.84140969163	1233.5859030837005	1255.603524229075	1326.7312775330397	1382.9735682819382	1372.1189427312775	1345.568281938326	1422.5198237885463	
Nodes Above Average-----------	117	108	99	92	114	115	102	93	98	102	93	
Nodes Below Average-----------	110	119	128	135	113	112	125	134	129	125	134	
Photos Above Average----------	26	29	33	35	27	28	31	34	33	32	36	
Photos Below Average----------	14	14	15	15	14	14	15	15	15	15	15	
Network Coverage--------------	35978	35974	35974	35974	35978	35974	35974	35974	35974	35974	35974	

Average Redundancy------------	22.09251101321586	25.29955947136564	31.70044052863436	33.27753303964758	23.506607929515418	25.54185022026432	30.008810572687224	32.97356828193833	32.4625550660793	30.995594713656388	36.24669603524229	
Nodes Above Average-----------	80	79	80	78	81	79	77	81	80	80	74	
Nodes Below Average-----------	147	148	147	149	146	148	150	146	147	147	153	
Photos Above Average----------	24	27	31	33	25	27	30	32	32	31	35	
Photos Below Average----------	18	18	18	18	18	18	18	18	18	18	18	
Network Redundancy------------	243982	257426	279446	286166	249382	254846	272006	285446	282866	276506	295166	

