Message stats for scenario Photo_5000-Scenario_5-ActualPOI_50-K_2
sim_time: 31622400.0000

Photo List Size: 4642
coverageValue-----------------	243	233	133	279	221	139	60	282	306	183	102	250	156	231	270	292	246	107	285	274	120	0	271	223	237	272	237	158	122	210	182	294	120	206	325	255	331	236	110	141	185	209	193	265	234	270	360	259	309	171	260	214	234	321	182	286	136	258	344	333	183	335	314	227	302	294	300	239	171	302	254	242	277	243	240	332	213	238	227	280	299	199	320	147	311	293	156	199	252	64	183	335	289	313	145	269	120	227	281	60	
redundantCoverageValue--------	117	127	107	141	199	161	0	78	234	57	18	230	144	69	90	248	174	13	255	326	0	0	29	17	183	268	123	202	58	210	58	66	0	94	35	105	149	184	130	39	55	151	167	35	126	150	360	101	231	129	100	26	246	99	238	134	44	102	376	387	117	205	106	133	298	186	120	1	189	298	226	118	203	237	180	268	147	182	73	140	481	101	280	153	229	247	144	41	168	56	57	505	131	347	35	151	0	253	379	0	
halfCoverageTime--------------	15535528.0	13225148.0	.0	13201562.0	12651425.0	.0	.0	4805110.0	11280812.0	14323172.0	.0	11791592.0	.0	20344810.0	12566021.0	11280780.0	12574292.0	.0	12581046.0	3951100.0	.0	.0	4014536.0	19748312.0	14319568.0	11280786.0	4293030.0	.0	.0	20344804.0	20347952.0	11798092.0	.0	13267060.0	19664693.0	15535556.0	12581040.0	13202206.0	.0	.0	29431432.0	13202212.0	12566072.0	15627710.0	19664470.0	20344792.0	12665004.0	13202200.0	757896.0	.0	29617270.0	4293008.0	28384880.0	12651504.0	29186212.0	12651529.0	.0	4014588.0	1083502.0	3949526.0	5227444.0	12565110.0	4023034.0	19664376.0	3949508.0	4023039.0	4293002.0	19664465.0	.0	4013724.0	11280806.0	15535568.0	13227666.0	16050750.0	12651545.0	1241042.0	4014558.0	4023008.0	20345854.0	19664092.0	3951062.0	4292990.0	12651492.0	.0	4805100.0	13267078.0	.0	12651514.0	13267044.0	.0	4013612.0	490424.0	12566102.0	500802.0	.0	12566066.0	.0	1241048.0	4014600.0	.0	
numberOfPoint-----------------	1	1	1	1	1	1	1	1	1	1	1	1	1	1	1	1	1	1	1	1	1	1	1	1	1	1	1	1	1	1	1	1	1	1	1	1	1	1	1	1	1	1	1	1	1	1	1	1	1	1	2	2	1	1	1	8	4	3	1	4	5	1	4	3	3	1	4	9	5	1	2	1	2	2	3	4	5	5	2	3	3	1	3	2	7	3	8	3	3	9	5	3	4	4	2	3	1	2	2	3	
standardDeviation-------------	.0	.0	.0	.0	.0	.0	.0	.0	.0	.0	.0	.0	.0	.0	.0	.0	.0	.0	.0	.0	.0	.0	.0	.0	.0	.0	.0	.0	.0	.0	.0	.0	.0	.0	.0	.0	.0	.0	.0	.0	.0	.0	.0	.0	.0	.0	.0	.0	.0	.0	9.74	4.39	3.67	1.93	.9	7.13	6.91	9.41	2.51	8.2	7.78	9.0	6.66	7.18	6.39	1.46	8.02	8.29	8.57	7.31	7.33	1.32	4.81	6.16	8.21	7.57	6.81	6.39	5.3	5.97	6.06	13.78	6.5	6.58	7.71	7.36	10.58	4.77	10.37	4.42	6.42	6.92	7.89	6.61	5.62	7.0	.32	6.28	6.34	8.08	
initialCoverageValue----------	360	360	360	360	360	360	360	360	360	360	360	360	360	360	360	360	360	360	360	360	360	360	360	360	360	360	360	360	360	360	360	360	360	360	360	360	360	360	360	360	360	360	360	360	360	360	360	360	360	360	360	360	360	360	360	360	360	360	360	360	360	360	360	360	358	360	360	360	360	360	360	360	360	360	360	360	360	360	360	360	360	360	360	360	360	360	360	360	360	360	360	360	360	360	360	360	360	360	360	360	
initialRedundantCoverageValue-	2520	2700	1980	3060	2640	2040	2280	2640	2400	2220	1860	2460	2340	2700	2280	2820	2520	2100	2520	2760	2280	1500	2400	1800	1920	2640	2160	2820	2220	2640	2220	2340	2340	2040	2640	1860	2220	2280	2820	2340	2220	2580	2700	3480	1980	2220	2640	2400	2400	2520	2280	2340	2760	2460	2160	2700	2460	2760	2400	3000	2520	2520	2280	3180	2042	2160	2580	2820	2520	2400	2160	2400	2700	2880	2340	2460	2460	2820	2460	2760	2520	2820	2160	1860	3000	2760	2220	2160	1740	1740	1980	3120	2940	2580	2160	2400	1800	2580	2580	1860	
additionalPoiTime-------------	0.0
algorithmTime-----------------	8.31329329E7
serverTime--------------------	7.41472753E7
Total Transferred Metadata----	15087

Photo List Size: 4642
Gained Coverage %-------------	0.640035557530974
Gained Redundancy %-----------	0.06266978226585529
Total Cluster Created---------	50
Total Transferred Photo-------	1857
Total Photo at Destination----	640
Coverage Group----------------	1-30	31-60	61-90	91-120	121-150	151-180	181-210	211-240	241-270	271-300	301-330	331-360	
Coverage Distribution---------	1	2	1	6	7	5	12	17	15	17	10	7	
Ratio Group-------------------	.0	.1	.2	.3	.4	.5	.6	.7	.8	.9	1.0	
Coverage Ratio----------------	1	0	3	2	9	7	14	21	19	16	8	
Redundant Ratio---------------	6	78	16	0	0	0	0	0	0	0	0	
NumberOfPoint Group-----------	0	1	2	3	4	5	6	7	8	9	
NumOfPoint Distribution-------	0	10	10	13	7	5	0	1	2	2	
SD Group----------------------	0-1	1-2	2-3	3-4	4-5	5-6	6-7	7-8	8-9	9-10	10-11	11-12	12-13	13-14	
SD Distribution---------------	52	3	1	1	4	3	14	10	6	3	2	0	0	1	
Half Coverage Group-----------	0-3162240	3162240-6324480	6324480-9486720	9486720-12648960	12648960-15811200	15811200-18973440	18973440-22135680	22135680-25297920	25297920-28460160	28460160-31622400	31622400-34784640	
Half Cvg Time Distribution----	6	20	0	14	22	1	11	0	1	3	0	
Transferred Photo Group-------	0-3162240	3162240-6324480	6324480-9486720	9486720-12648960	12648960-15811200	15811200-18973440	18973440-22135680	22135680-25297920	25297920-28460160	28460160-31622400	31622400-34784640	
Photo Time Distribution-------	1811	827	203	1340	1348	411	655	198	144	661	0	

Cvg&Red Distribution----------	2.0	9486720.0	1.897344E7	2.846016E7	3162240.0	6324480.0	1.264896E7	2.529792E7	2.213568E7	1.58112E7	3.16224E7	
Average PhotoNum--------------	20.555066079295155	21.387665198237887	22.995594713656388	23.484581497797357	20.80616740088106	21.202643171806166	22.462555066079297	23.440528634361232	23.233480176211454	22.691629955947135	24.105726872246695	
Nodes Above Average-----------	118	109	110	98	117	109	106	99	98	109	93	
Nodes Below Average-----------	109	118	117	129	110	118	121	128	129	118	134	

Average Coverage--------------	1211.8854625550662	1258.079295154185	1348.47577092511	1375.273127753304	1225.8325991189427	1247.3700440528635	1318.5066079295154	1372.828193832599	1361.3568281938326	1332.259911894273	1409.215859030837	
Nodes Above Average-----------	113	112	106	104	112	113	109	105	105	108	98	
Nodes Below Average-----------	114	115	121	123	115	114	118	122	122	119	129	
Photos Above Average----------	26	28	32	33	27	28	30	33	32	31	35	
Photos Below Average----------	14	14	14	15	14	14	14	15	15	14	15	
Network Coverage--------------	35998	35998	35998	35998	35998	35998	35998	35998	35998	35998	35998	

Average Redundancy------------	21.41850220264317	25.180616740088105	31.259911894273127	33.801762114537446	22.537444933920703	24.788546255506606	29.24669603524229	33.60352422907489	32.651982378854626	29.237885462555067	37.12775330396476	
Nodes Above Average-----------	72	68	66	67	72	68	68	67	66	68	66	
Nodes Below Average-----------	155	159	161	160	155	159	159	160	161	159	161	
Photos Above Average----------	25	28	32	34	26	27	31	34	33	31	36	
Photos Below Average----------	18	18	18	19	18	18	18	18	18	18	19	
Network Redundancy------------	243962	255302	277202	283862	247382	252782	269942	283262	280442	273062	292322	

