Message stats for scenario K_2-Photo_5000-Scenario_8-ActualPOI_50
sim_time: 31622400.0000

Photo List Size: 726
coverageValue-----------------	328	349	331	360	320	343	316	329	313	312	320	338	128	227	326	347	218	300	340	242	360	333	296	273	347	326	290	322	316	323	329	307	320	338	291	329	313	342	360	333	327	257	311	276	327	209	346	311	329	305	0	191	272	139	240	175	60	158	105	126	0	190	120	60	159	210	203	120	229	183	70	60	107	120	120	131	145	60	168	95	120	267	0	227	212	60	60	120	180	120	192	120	180	133	151	157	232	120	240	0	
redundantCoverageValue--------	332	431	149	720	400	617	644	331	647	228	460	442	52	133	334	373	262	360	740	58	720	387	364	207	313	574	310	518	224	217	271	353	400	502	549	331	407	798	420	207	273	343	169	324	393	211	494	229	391	355	0	49	28	41	0	5	0	22	15	54	0	110	0	0	81	90	97	0	131	57	50	0	13	0	0	49	35	0	72	25	0	93	0	73	88	0	0	0	0	0	48	0	0	47	29	83	8	0	60	0	
halfCoverageTime--------------	4014600.0	147512.0	11791586.0	4014536.0	12651476.0	4293030.0	3951115.0	12566054.0	147460.0	3951056.0	4014570.0	3949520.0	.0	12567368.0	4014558.0	13203730.0	13377554.0	4013623.0	4013612.0	14319789.0	4014606.0	3951080.0	12651470.0	12613090.0	4799231.0	4013576.0	12566066.0	3951068.0	4014763.0	11280791.0	4013824.0	4013818.0	3949526.0	757938.0	12566021.0	11528854.0	4014758.0	4013742.0	1083520.0	11280812.0	382414.0	757846.0	3950220.0	4293014.0	4023252.0	13212921.0	11528884.0	4299384.0	4013760.0	16050745.0	.0	29426848.0	12651420.0	.0	1241030.0	.0	.0	.0	.0	.0	.0	13084919.0	.0	.0	.0	14319748.0	12651550.0	.0	16050750.0	30035876.0	.0	.0	.0	.0	.0	.0	.0	.0	.0	.0	.0	147554.0	.0	14323155.0	19664476.0	.0	.0	.0	14319712.0	.0	19698218.0	.0	14343362.0	.0	.0	.0	14319606.0	.0	12651459.0	.0	
numberOfPoint-----------------	1	1	1	1	1	1	1	1	1	1	1	1	1	1	1	1	1	1	1	1	1	1	1	1	1	1	1	1	1	1	1	1	1	1	1	1	1	1	1	1	1	1	1	1	1	1	1	1	1	1	0	1	1	1	1	1	0	0	1	1	0	0	1	0	1	1	1	1	2	2	0	1	1	1	1	0	1	1	0	1	0	2	0	1	1	1	0	1	1	1	1	1	1	0	1	2	0	1	1	0	
standardDeviation-------------	.0	.0	.0	.0	.0	.0	.0	.0	.0	.0	.0	.0	.0	.0	.0	.0	.0	.0	.0	.0	.0	.0	.0	.0	.0	.0	.0	.0	.0	.0	.0	.0	.0	.0	.0	.0	.0	.0	.0	.0	.0	.0	.0	.0	.0	.0	.0	.0	.0	.0	.0	6.91	2.39	6.67	7.6	8.06	.0	.0	7.14	4.51	.0	.0	9.44	.0	5.94	5.76	2.91	4.02	8.52	6.02	.0	7.08	11.31	5.73	3.05	.0	8.02	3.33	.0	5.39	.0	10.0	.0	2.24	9.93	1.0	.0	3.81	.36	8.15	6.5	7.0	8.86	.0	2.28	9.84	.0	6.89	5.45	.0	
initialCoverageValue----------	360	360	360	360	360	360	360	360	360	360	360	360	360	360	360	360	360	360	360	358	360	360	360	360	360	360	360	360	360	360	360	360	360	360	360	360	360	360	360	360	360	360	360	360	360	360	360	360	360	360	360	360	360	360	360	360	360	360	360	360	360	360	360	360	360	360	360	360	360	360	360	360	360	360	360	360	360	360	360	360	360	360	360	360	360	360	360	360	360	360	360	360	360	353	360	360	360	360	360	360	
initialRedundantCoverageValue-	2880	2280	2220	2820	2520	2520	2460	2460	2640	2520	2460	2520	1740	2400	1500	2460	1920	2400	2460	1922	2700	2460	3000	2220	2340	2940	2760	2160	1620	2280	2700	2640	3240	2760	2520	2220	2340	2940	2100	1860	3000	2580	1920	1680	2640	2460	2400	1860	1620	2460	2100	2520	2400	2880	2820	1740	2940	2580	2340	2400	2340	2760	2280	2340	2700	2460	2580	1680	3720	3240	2460	1980	2700	2400	2460	2040	2100	2580	1920	2880	2220	2880	3060	2160	3000	1500	2700	2940	1920	2460	3300	1920	2940	1927	2760	2580	2280	1800	3060	1980	
additionalPoiTime-------------	483603.1
algorithmTime-----------------	8.8095215656648E10
serverTime--------------------	140400.9
Total Transferred Metadata----	7476

Photo List Size: 726
Gained Coverage %-------------	0.623489205634742
Gained Redundancy %-----------	0.08435800352724986
Total Cluster Created---------	0
Total Transferred Photo-------	154755
Total Photo at Destination----	726
Coverage Group----------------	1-30	31-60	61-90	91-120	121-150	151-180	181-210	211-240	241-270	271-300	301-330	331-360	
Coverage Distribution---------	4	6	1	12	6	8	7	8	3	7	23	15	
Ratio Group-------------------	.0	.1	.2	.3	.4	.5	.6	.7	.8	.9	1.0	
Coverage Ratio----------------	4	0	7	3	14	9	8	8	5	18	24	
Redundant Ratio---------------	22	38	28	11	1	0	0	0	0	0	0	
NumberOfPoint Group-----------	0	1	2	
NumOfPoint Distribution-------	15	31	4	
SD Group----------------------	0-1	1-2	2-3	3-4	4-5	5-6	6-7	7-8	8-9	9-10	10-11	11-12	
SD Distribution---------------	66	1	4	3	2	5	5	4	5	3	1	1	
Half Coverage Group-----------	0-3162240	3162240-6324480	6324480-9486720	9486720-12648960	12648960-15811200	15811200-18973440	18973440-22135680	22135680-25297920	25297920-28460160	28460160-31622400	31622400-34784640	
Half Cvg Time Distribution----	8	26	0	10	15	2	2	0	0	2	0	
Transferred Photo Group-------	0-3162240	3162240-6324480	6324480-9486720	9486720-12648960	12648960-15811200	15811200-18973440	18973440-22135680	22135680-25297920	25297920-28460160	28460160-31622400	31622400-34784640	
Photo Time Distribution-------	71738	35315	30656	60745	76938	41152	29527	28580	17571	31452	0	

Cvg&Red Distribution----------	2.0	9486720.0	1.897344E7	2.846016E7	3162240.0	6324480.0	1.264896E7	2.529792E7	2.213568E7	1.58112E7	3.16224E7	
Average PhotoNum--------------	20.555066079295155	55.98237885462555	71.52863436123349	73.93832599118943	47.82819383259912	53.418502202643175	64.30837004405286	73.24229074889868	72.11453744493392	69.33480176211454	76.22907488986785	
Nodes Above Average-----------	118	139	196	205	109	130	171	201	197	190	212	
Nodes Below Average-----------	109	88	31	22	118	97	56	26	30	37	15	

Average Coverage--------------	1212.6651982378855	3082.418502202643	3910.590308370044	4022.713656387665	2655.1057268722466	2945.8678414096917	3515.3348017621147	3990.3392070484583	3932.647577092511	3793.977973568282	4152.995594713657	
Nodes Above Average-----------	117	138	196	204	109	130	171	201	198	190	203	
Nodes Below Average-----------	110	89	31	23	118	97	56	26	29	37	24	
Photos Above Average----------	26	79	79	80	78	79	79	79	79	79	80	
Photos Below Average----------	14	19	18	20	19	18	16	21	18	15	44	
Network Coverage--------------	35991	35991	35991	35991	35991	35991	35991	35991	35991	35991	35991	

Average Redundancy------------	20.63876651982379	276.5242290748899	381.12775330396477	413.58590308370043	214.58590308370043	259.24229074889865	343.1674008810573	404.19823788546256	394.2246696035242	366.1101321585903	420.7488986784141	
Nodes Above Average-----------	81	131	131	132	106	117	140	131	127	137	124	
Nodes Below Average-----------	146	96	96	95	121	110	87	96	100	90	103	
Photos Above Average----------	24	79	79	80	78	79	79	79	79	79	80	
Photos Below Average----------	18	23	60	65	20	25	39	64	62	53	71	
Network Redundancy------------	243969	726489	938229	971049	615429	691569	839889	961569	946209	908349	1002249	

