Message stats for scenario Photo_5000-Scenario_6-ActualPOI_50-K_2
sim_time: 31622400.0000

Photo List Size: 653
coverageValue-----------------	198	120	246	263	242	324	260	242	273	120	290	270	320	227	209	266	290	200	292	180	333	225	316	340	252	133	65	290	120	291	195	252	205	254	280	316	259	285	229	236	240	338	216	273	298	258	133	236	253	206	187	120	336	312	297	133	290	184	290	251	120	342	220	224	313	117	267	223	167	254	121	285	236	349	268	236	281	257	243	267	189	226	330	285	224	182	222	263	171	327	121	305	218	206	257	197	234	331	225	195	
redundantCoverageValue--------	102	0	54	37	58	336	160	58	147	0	130	210	400	73	211	154	310	100	128	0	267	15	164	440	108	47	55	250	0	369	165	48	95	286	200	44	101	135	71	244	120	202	264	267	182	282	107	244	227	94	113	0	384	228	123	47	130	116	250	109	0	438	20	76	227	123	213	137	73	106	59	255	124	311	32	184	79	43	117	153	111	254	330	75	196	58	198	157	69	213	59	175	82	154	163	43	6	389	75	45	
halfCoverageTime--------------	29433806.0	.0	13212921.0	12651534.0	11791586.0	4023317.0	3951044.0	14319410.0	4014752.0	.0	11791580.0	4014588.0	4013600.0	19748294.0	13511468.0	1017662.0	5227444.0	14343356.0	14141279.0	13511486.0	11280786.0	29588092.0	14319438.0	757890.0	15535556.0	.0	.0	12566016.0	.0	4299384.0	16050760.0	12613392.0	29932604.0	19664688.0	13227648.0	12566066.0	14343054.0	4014628.0	20345866.0	4805110.0	14141284.0	1017650.0	29431438.0	4023352.0	12574274.0	4014611.0	.0	20345826.0	12651504.0	29426888.0	19664470.0	.0	1241042.0	13377554.0	19664432.0	.0	4013772.0	14343350.0	13227666.0	4023406.0	.0	4013582.0	19748312.0	20345872.0	12581028.0	.0	14319474.0	12581052.0	.0	12566650.0	.0	4023270.0	14323172.0	4023294.0	13607014.0	.0	13278384.0	11280731.0	20345814.0	19664420.0	20345849.0	4014548.0	11280774.0	19663962.0	4023322.0	19664080.0	11280817.0	13201568.0	.0	2026132.0	.0	757825.0	13267084.0	19698218.0	4023258.0	28384886.0	19664465.0	11527392.0	13201574.0	13287584.0	
numberOfPoint-----------------	1	1	1	1	1	1	1	1	1	1	1	1	1	1	1	1	1	1	1	1	1	1	1	1	1	1	1	1	1	1	1	1	1	1	1	1	1	1	1	1	1	1	1	1	1	1	1	1	1	1	1	1	2	2	1	1	2	2	2	1	0	1	0	1	2	0	2	2	1	1	1	2	1	1	1	0	2	1	1	1	1	1	2	2	2	1	2	2	1	1	1	2	1	1	1	1	1	2	0	1	
standardDeviation-------------	.0	.0	.0	.0	.0	.0	.0	.0	.0	.0	.0	.0	.0	.0	.0	.0	.0	.0	.0	.0	.0	.0	.0	.0	.0	.0	.0	.0	.0	.0	.0	.0	.0	.0	.0	.0	.0	.0	.0	.0	.0	.0	.0	.0	.0	.0	.0	.0	.0	.0	4.71	6.55	7.18	5.35	2.62	9.55	12.2	6.96	5.27	2.02	.0	4.57	.0	5.52	6.42	.0	6.45	6.92	8.1	4.25	6.19	9.09	4.96	.45	1.03	.0	11.62	9.1	.63	3.14	4.55	2.7	4.39	11.66	9.18	5.3	5.77	5.95	6.2	7.74	6.17	6.19	8.67	9.05	4.86	5.56	13.18	5.43	.0	4.82	
initialCoverageValue----------	360	360	360	360	360	360	360	360	360	360	355	360	360	360	360	360	360	360	360	360	360	360	360	360	360	360	360	360	360	360	360	360	360	360	360	360	360	360	360	360	360	360	360	360	360	360	360	360	360	360	360	360	360	360	360	360	360	360	360	360	360	360	360	360	360	360	360	360	360	360	360	360	360	360	360	360	360	360	360	360	360	360	360	360	360	360	360	360	360	360	360	360	360	360	360	360	360	360	360	360	
initialRedundantCoverageValue-	2880	1620	2160	1800	2700	2880	2520	2220	2820	2160	2105	2700	2400	2400	2400	2460	2580	2880	2400	2280	2700	2220	2640	3180	2400	2580	1740	2400	2640	2280	2820	2640	1980	2580	2520	2760	2220	2400	2040	2640	2700	3120	2400	2460	2820	2520	2220	2280	2700	2520	2520	2160	2580	2820	2400	2280	2460	2220	3060	2040	2100	3060	3000	2340	2280	2760	2160	3000	1560	2340	2040	2460	2820	2280	2220	2280	2460	2580	2280	2280	2280	2460	2940	2580	2640	2220	2400	2460	2760	2580	1440	2880	2460	2580	2820	2640	1740	2040	2820	2280	
additionalPoiTime-------------	160000.0
algorithmTime-----------------	6.3021E8
serverTime--------------------	930000.0
Total Transferred Metadata----	8243

Photo List Size: 653
Gained Coverage %-------------	0.6683428253924156
Gained Redundancy %-----------	0.06066151745501233
Total Cluster Created---------	0
Total Transferred Photo-------	6579
Total Photo at Destination----	653
Coverage Group----------------	1-30	31-60	61-90	91-120	121-150	151-180	181-210	211-240	241-270	271-300	301-330	331-360	
Coverage Distribution---------	0	0	1	6	5	3	13	18	22	16	9	7	
Ratio Group-------------------	.0	.1	.2	.3	.4	.5	.6	.7	.8	.9	1.0	
Coverage Ratio----------------	0	0	1	0	11	3	14	24	22	16	9	
Redundant Ratio---------------	6	76	18	0	0	0	0	0	0	0	0	
NumberOfPoint Group-----------	0	1	2	
NumOfPoint Distribution-------	5	28	17	
SD Group----------------------	0-1	1-2	2-3	3-4	4-5	5-6	6-7	7-8	8-9	9-10	10-11	11-12	12-13	13-14	
SD Distribution---------------	57	1	3	1	8	8	9	2	2	5	0	2	1	1	
Half Coverage Group-----------	0-3162240	3162240-6324480	6324480-9486720	9486720-12648960	12648960-15811200	15811200-18973440	18973440-22135680	22135680-25297920	25297920-28460160	28460160-31622400	31622400-34784640	
Half Cvg Time Distribution----	6	19	0	14	24	1	15	0	1	5	0	
Transferred Photo Group-------	0-3162240	3162240-6324480	6324480-9486720	9486720-12648960	12648960-15811200	15811200-18973440	18973440-22135680	22135680-25297920	25297920-28460160	28460160-31622400	31622400-34784640	
Photo Time Distribution-------	2092	2046	765	2078	5194	1429	2224	935	244	2969	0	

Cvg&Red Distribution----------	2.0	9486720.0	1.897344E7	2.846016E7	3162240.0	6324480.0	1.264896E7	2.529792E7	2.213568E7	1.58112E7	3.16224E7	
Average PhotoNum--------------	20.555066079295155	24.312775330396477	28.82819383259912	29.863436123348016	22.687224669603523	23.788546255506606	25.53303964757709	29.823788546255507	29.7136563876652	28.621145374449338	31.819383259911895	
Nodes Above Average-----------	118	89	73	69	103	97	85	68	67	72	62	
Nodes Below Average-----------	109	138	154	158	124	130	142	159	160	155	165	

Average Coverage--------------	1211.568281938326	1415.819383259912	1665.387665198238	1724.0	1325.3039647577093	1387.784140969163	1482.876651982379	1721.8898678414098	1715.660792951542	1654.4361233480176	1832.955947136564	
Nodes Above Average-----------	117	94	74	68	101	96	87	67	68	76	63	
Nodes Below Average-----------	110	133	153	159	126	131	140	160	159	151	164	
Photos Above Average----------	26	36	51	56	31	34	40	56	55	50	64	
Photos Below Average----------	14	15	17	18	15	15	16	18	18	17	19	
Network Coverage--------------	35975	35969	35969	35969	35969	35969	35969	35969	35969	35969	35969	

Average Redundancy------------	21.73568281938326	42.947136563876654	64.30396475770925	67.80616740088105	35.929515418502206	39.52863436123348	49.1057268722467	67.53744493392071	67.15859030837004	62.83259911894273	76.20704845814979	
Nodes Above Average-----------	84	59	56	58	67	65	53	57	57	56	63	
Nodes Below Average-----------	143	168	171	169	160	162	174	170	170	171	164	
Photos Above Average----------	24	38	56	58	32	35	45	59	59	55	62	
Photos Below Average----------	18	19	19	19	18	19	19	19	19	19	20	
Network Redundancy------------	243985	295171	356671	370771	273031	288031	311791	370231	368731	353851	397411	

