Message stats for scenario Photo_5000-Scenario_6-ActualPOI_50-K_3
sim_time: 31622400.0000

Photo List Size: 651
coverageValue-----------------	301	227	123	186	187	271	233	292	223	221	161	291	242	164	200	297	213	153	209	292	312	292	355	267	60	266	177	316	168	197	304	186	196	182	148	276	326	231	173	139	203	163	203	302	184	236	231	242	305	347	266	250	249	255	200	314	229	317	217	155	198	200	266	169	222	215	185	240	149	321	289	175	120	282	229	232	228	187	210	281	90	325	219	322	314	208	232	159	317	230	274	261	197	310	258	173	149	221	218	265	
redundantCoverageValue--------	179	13	57	54	173	269	67	428	197	79	19	189	118	76	100	243	207	27	211	128	408	68	605	153	0	34	123	164	12	103	236	54	44	58	152	204	154	309	127	41	37	197	37	178	56	184	429	118	175	193	34	290	231	285	40	46	131	283	263	85	222	100	154	11	258	85	115	180	91	159	191	245	0	138	71	188	192	53	270	319	90	515	81	338	226	92	188	141	103	70	266	219	103	350	282	7	91	19	22	155	
halfCoverageTime--------------	12592207.0	12651524.0	.0	4023294.0	29435806.0	14319476.0	19719468.0	4013736.0	20345849.0	5227438.0	.0	4293008.0	29588092.0	.0	13267038.0	4023264.0	17846486.0	.0	16050772.0	14319570.0	4023282.0	13225154.0	4804341.0	15535550.0	.0	13202206.0	.0	4299378.0	.0	4023400.0	4805094.0	29426882.0	19748336.0	14319512.0	.0	4013724.0	12651482.0	14343048.0	.0	.0	14319594.0	.0	12566638.0	4014558.0	16050766.0	13212921.0	4013754.0	14323160.0	4023346.0	4013730.0	29186218.0	12592212.0	12651519.0	4014763.0	29435816.0	147378.0	16050790.0	14319552.0	14319582.0	.0	11280786.0	19664393.0	4013612.0	.0	19708269.0	13511486.0	20345826.0	19664465.0	.0	3951068.0	13201562.0	.0	.0	13287584.0	15627704.0	14319500.0	14141284.0	14319518.0	19667104.0	12651550.0	.0	4014542.0	19667092.0	3949520.0	757846.0	.0	4014564.0	.0	12665004.0	13225160.0	12566048.0	15535562.0	20345854.0	12566102.0	4014606.0	.0	.0	28384880.0	20345844.0	14319410.0	
numberOfPoint-----------------	1	1	1	1	1	1	1	1	1	1	1	1	1	1	1	1	1	1	1	1	1	1	1	1	1	1	1	1	1	1	1	1	1	1	1	1	1	1	1	1	1	1	1	1	1	1	1	1	1	1	1	1	2	2	1	1	1	3	0	1	2	2	3	1	1	1	1	2	0	1	1	0	0	1	1	1	1	2	1	1	1	3	1	1	1	1	1	1	1	0	0	2	1	2	1	1	0	1	0	1	
standardDeviation-------------	.0	.0	.0	.0	.0	.0	.0	.0	.0	.0	.0	.0	.0	.0	.0	.0	.0	.0	.0	.0	.0	.0	.0	.0	.0	.0	.0	.0	.0	.0	.0	.0	.0	.0	.0	.0	.0	.0	.0	.0	.0	.0	.0	.0	.0	.0	.0	.0	.0	.0	8.16	4.14	5.03	7.21	6.58	4.39	10.47	8.75	.0	11.3	5.6	6.0	8.57	6.72	1.65	2.93	7.08	8.14	.0	3.13	2.61	.0	.0	2.38	5.47	7.09	6.05	7.91	6.11	4.92	4.33	6.78	3.75	6.24	1.44	8.3	8.71	6.39	7.51	.0	.0	8.01	1.73	6.33	2.47	5.44	.0	3.35	.0	5.39	
initialCoverageValue----------	360	360	360	360	360	360	360	360	360	360	360	360	360	360	360	360	360	360	360	360	360	360	360	360	360	360	360	360	360	360	360	360	360	360	360	360	360	360	360	360	360	360	360	360	360	360	360	360	360	360	360	360	360	360	360	360	360	360	360	360	360	360	360	360	360	360	360	360	360	360	360	360	360	360	360	360	360	360	360	360	360	360	360	360	360	360	360	360	360	360	360	360	360	360	360	360	360	360	360	360	
initialRedundantCoverageValue-	2640	2340	2220	2640	1920	2460	1980	3000	2460	2640	2280	2160	2520	2700	2520	2520	2580	2400	2580	2280	2460	2700	3120	2280	2160	3060	2340	2340	2640	2580	2640	2100	2520	2520	2580	2580	2520	1800	2220	1740	1800	2340	2520	2220	2940	2520	3120	2280	3240	2640	2160	1920	2700	2940	2700	2760	2160	2940	2580	2640	2520	2340	1980	1620	3240	2340	2280	1920	1860	3300	2220	2400	2640	2580	2040	2760	3000	2340	3000	1980	1980	2940	2700	2580	2580	2460	3240	2640	2220	2760	2700	2100	2400	2160	2220	2280	1560	1800	1980	1500	
additionalPoiTime-------------	310000.0
algorithmTime-----------------	1.32907E9
serverTime--------------------	1030000.0
Total Transferred Metadata----	8242

Photo List Size: 651
Gained Coverage %-------------	0.6406944444444445
Gained Redundancy %-----------	0.0638267355134825
Total Cluster Created---------	0
Total Transferred Photo-------	6543
Total Photo at Destination----	651
Coverage Group----------------	1-30	31-60	61-90	91-120	121-150	151-180	181-210	211-240	241-270	271-300	301-330	331-360	
Coverage Distribution---------	0	1	1	1	5	12	19	21	12	11	15	2	
Ratio Group-------------------	.0	.1	.2	.3	.4	.5	.6	.7	.8	.9	1.0	
Coverage Ratio----------------	0	0	1	1	3	15	21	23	13	19	4	
Redundant Ratio---------------	2	82	16	0	0	0	0	0	0	0	0	
NumberOfPoint Group-----------	0	1	2	3	
NumOfPoint Distribution-------	8	31	8	3	
SD Group----------------------	0-1	1-2	2-3	3-4	4-5	5-6	6-7	7-8	8-9	9-10	10-11	11-12	
SD Distribution---------------	58	3	4	3	4	6	8	5	7	0	1	1	
Half Coverage Group-----------	0-3162240	3162240-6324480	6324480-9486720	9486720-12648960	12648960-15811200	15811200-18973440	18973440-22135680	22135680-25297920	25297920-28460160	28460160-31622400	31622400-34784640	
Half Cvg Time Distribution----	2	22	0	6	28	4	11	0	1	5	0	
Transferred Photo Group-------	0-3162240	3162240-6324480	6324480-9486720	9486720-12648960	12648960-15811200	15811200-18973440	18973440-22135680	22135680-25297920	25297920-28460160	28460160-31622400	31622400-34784640	
Photo Time Distribution-------	2093	2196	752	2240	5644	1761	2320	1057	262	3264	0	

Cvg&Red Distribution----------	2.0	9486720.0	1.897344E7	2.846016E7	3162240.0	6324480.0	1.264896E7	2.529792E7	2.213568E7	1.58112E7	3.16224E7	
Average PhotoNum--------------	20.555066079295155	25.722466960352424	31.98237885462555	33.95594713656388	23.233480176211454	24.90308370044053	27.550660792951543	33.779735682819386	33.25550660792952	31.51101321585903	36.78854625550661	
Nodes Above Average-----------	118	80	48	48	93	89	66	47	47	47	53	
Nodes Below Average-----------	109	147	179	179	134	138	161	180	180	180	174	

Average Coverage--------------	1207.47577092511	1482.5594713656387	1818.8546255506608	1923.5462555066078	1349.8942731277532	1440.171806167401	1580.4669603524228	1914.660792951542	1886.726872246696	1793.4140969162995	2074.8722466960353	
Nodes Above Average-----------	117	85	49	49	95	88	74	48	48	50	53	
Nodes Below Average-----------	110	142	178	178	132	139	153	179	179	177	174	
Photos Above Average----------	26	41	77	85	33	38	49	85	83	74	91	
Photos Below Average----------	14	16	19	19	15	16	17	19	19	19	20	
Network Coverage--------------	35988	35988	35988	35988	35988	35988	35988	35988	35988	35988	35988	

Average Redundancy------------	25.82819383259912	60.78854625550661	100.08810572687224	113.81057268722466	44.11453744493392	54.013215859030836	72.57268722466961	112.12334801762114	108.60352422907489	97.2466960352423	132.44052863436124	
Nodes Above Average-----------	91	44	42	42	68	56	45	41	43	42	44	
Nodes Below Average-----------	136	183	185	185	159	171	182	186	184	185	183	
Photos Above Average----------	23	52	82	92	33	42	60	92	86	80	100	
Photos Below Average----------	18	19	20	20	18	19	19	20	20	20	21	
Network Redundancy------------	243972	314352	399612	426492	280452	303192	339252	424092	416952	393192	465072	

