Message stats for scenario Photo_5000-Scenario_7-ActualPOI_50-K_3
sim_time: 31622400.0000

Photo List Size: 4642
coverageValue-----------------	181	268	211	328	120	328	120	232	301	231	194	245	268	163	168	160	172	159	241	228	136	299	318	321	209	306	159	120	180	134	60	245	239	273	160	226	207	249	222	194	167	307	221	250	360	198	178	312	199	202	286	218	163	311	274	329	257	132	316	310	313	283	258	238	310	185	121	150	226	209	244	120	264	294	264	327	306	247	233	338	263	174	180	291	325	283	119	218	234	309	289	215	360	344	318	258	327	274	356	238	
redundantCoverageValue--------	179	32	149	332	0	212	0	188	239	69	166	295	92	197	72	20	128	81	119	12	44	121	462	99	151	234	141	0	120	46	0	175	61	147	80	74	153	111	78	106	133	173	19	110	240	162	62	168	41	38	194	142	77	409	86	211	103	48	224	170	287	317	102	62	350	115	59	150	14	91	176	0	276	126	276	393	234	113	7	262	277	126	0	69	335	197	121	142	186	171	251	25	420	316	162	222	213	266	124	122	
halfCoverageTime--------------	14319562.0	15535533.0	19664448.0	4013772.0	.0	12567362.0	.0	20345808.0	12613386.0	5227444.0	12613085.0	14319474.0	12574298.0	.0	.0	.0	.0	.0	14319426.0	29932616.0	.0	12566644.0	12613096.0	12565176.0	14319544.0	11280715.0	.0	.0	13511480.0	.0	.0	19719468.0	12565182.0	4013582.0	.0	13212921.0	19698212.0	12651436.0	19664432.0	13511452.0	.0	12651454.0	19664693.0	13225154.0	11280736.0	20345784.0	.0	13278394.0	20345872.0	13511458.0	3951095.0	20344780.0	.0	1017650.0	11127702.0	4013713.0	4013796.0	.0	11280780.0	12574292.0	1431192.0	1431186.0	12566072.0	16050755.0	13267084.0	.0	.0	.0	12665010.0	11280774.0	13377548.0	.0	4013696.0	12651482.0	20344816.0	13278400.0	330538.0	4013576.0	14141290.0	11451300.0	1083502.0	.0	14319502.0	4013730.0	12567356.0	12565388.0	.0	14343345.0	13607020.0	14319416.0	4013718.0	17846472.0	3949542.0	4014548.0	4014622.0	14319514.0	4023080.0	12565126.0	12565394.0	12592196.0	
numberOfPoint-----------------	1	1	1	1	1	1	1	1	1	1	1	1	1	1	1	1	1	1	1	1	1	1	1	1	1	1	1	1	1	1	1	1	1	1	1	1	1	1	1	1	1	1	1	1	1	1	1	1	1	1	4	0	1	3	2	8	3	8	2	2	4	7	5	2	2	4	1	1	6	3	2	2	3	3	3	1	11	2	3	4	5	8	3	3	3	2	3	2	3	2	3	2	2	2	2	3	2	2	5	3	
standardDeviation-------------	.0	.0	.0	.0	.0	.0	.0	.0	.0	.0	.0	.0	.0	.0	.0	.0	.0	.0	.0	.0	.0	.0	.0	.0	.0	.0	.0	.0	.0	.0	.0	.0	.0	.0	.0	.0	.0	.0	.0	.0	.0	.0	.0	.0	.0	.0	.0	.0	.0	.0	8.08	.0	8.13	9.06	5.08	7.79	8.68	8.24	4.4	4.76	8.49	7.36	6.88	6.49	7.45	4.99	4.81	10.16	5.99	6.11	4.57	4.33	6.97	6.71	7.0	5.02	7.61	7.01	6.4	5.4	9.39	5.65	8.52	9.84	6.02	7.29	9.09	5.6	7.06	6.92	8.4	7.97	6.36	7.07	6.04	7.23	5.91	6.85	11.39	7.72	
initialCoverageValue----------	360	360	360	360	360	360	360	360	360	360	360	360	360	360	360	360	360	360	360	360	360	360	360	360	360	360	360	360	360	360	360	360	360	360	360	360	360	360	360	360	360	360	360	360	360	360	360	360	360	360	346	360	360	360	360	360	360	360	360	360	360	360	360	360	360	360	360	360	360	360	360	360	360	360	360	360	360	360	360	360	360	360	360	360	360	360	360	360	360	360	360	360	360	360	360	360	360	360	360	360	
initialRedundantCoverageValue-	2460	2220	2520	2940	2640	2520	1620	2640	2460	2760	2460	2580	2580	2640	3000	3060	1800	1620	2580	2220	2820	2940	2580	2520	2100	2760	2160	2100	2700	2340	2520	1980	2340	1860	2400	2580	2400	2640	2040	2460	2640	3360	2520	2520	2520	2640	1800	2220	1980	2580	2474	1800	2280	2700	2340	2340	2040	2160	2940	2700	2520	2520	2220	2400	2280	2940	2220	1920	1680	2400	2340	1980	2640	2280	2100	3300	2340	2100	2580	2640	2400	2040	2400	2400	2400	2760	2700	2700	2640	3060	2520	1740	2820	2580	2220	2580	1800	3180	3060	2160	
additionalPoiTime-------------	9.20717902E8
algorithmTime-----------------	8.58317502E7
serverTime--------------------	3.54434272E7
Total Transferred Metadata----	15087

Photo List Size: 4642
Gained Coverage %-------------	0.6633135108097593
Gained Redundancy %-----------	0.06135246271658035
Total Cluster Created---------	50
Total Transferred Photo-------	1985
Total Photo at Destination----	656
Coverage Group----------------	1-30	31-60	61-90	91-120	121-150	151-180	181-210	211-240	241-270	271-300	301-330	331-360	
Coverage Distribution---------	0	1	0	5	5	13	10	16	15	10	20	5	
Ratio Group-------------------	.0	.1	.2	.3	.4	.5	.6	.7	.8	.9	1.0	
Coverage Ratio----------------	0	0	1	0	9	14	12	21	13	19	11	
Redundant Ratio---------------	6	79	15	0	0	0	0	0	0	0	0	
NumberOfPoint Group-----------	0	1	2	3	4	5	6	7	8	9	10	11	
NumOfPoint Distribution-------	1	4	17	15	4	3	1	1	3	0	0	1	
SD Group----------------------	0-1	1-2	2-3	3-4	4-5	5-6	6-7	7-8	8-9	9-10	10-11	11-12	
SD Distribution---------------	51	0	0	0	6	7	11	12	7	4	1	1	
Half Coverage Group-----------	0-3162240	3162240-6324480	6324480-9486720	9486720-12648960	12648960-15811200	15811200-18973440	18973440-22135680	22135680-25297920	25297920-28460160	28460160-31622400	31622400-34784640	
Half Cvg Time Distribution----	5	14	0	21	24	2	10	0	0	1	0	
Transferred Photo Group-------	0-3162240	3162240-6324480	6324480-9486720	9486720-12648960	12648960-15811200	15811200-18973440	18973440-22135680	22135680-25297920	25297920-28460160	28460160-31622400	31622400-34784640	
Photo Time Distribution-------	3448	1044	453	2003	2401	591	852	388	265	873	0	

Cvg&Red Distribution----------	2.0	9486720.0	1.897344E7	2.846016E7	3162240.0	6324480.0	1.264896E7	2.529792E7	2.213568E7	1.58112E7	3.16224E7	
Average PhotoNum--------------	20.555066079295155	21.687224669603523	23.47136563876652	24.01762114537445	21.088105726872246	21.45814977973568	22.814977973568283	23.94713656387665	23.722466960352424	23.105726872246695	24.92511013215859	
Nodes Above Average-----------	118	108	96	88	109	107	104	98	97	96	91	
Nodes Below Average-----------	109	119	131	139	118	120	123	129	130	131	136	

Average Coverage--------------	1211.5418502202642	1272.4625550660794	1366.9339207048458	1395.7621145374449	1240.863436123348	1259.8017621145375	1332.3480176211453	1392.2114537444934	1380.7004405286343	1347.863436123348	1442.2026431718061	
Nodes Above Average-----------	118	108	99	95	112	110	100	95	95	100	91	
Nodes Below Average-----------	109	119	128	132	115	117	127	132	132	127	136	
Photos Above Average----------	26	29	34	35	27	28	32	35	35	33	38	
Photos Below Average----------	14	14	15	15	14	14	15	15	15	15	15	
Network Coverage--------------	35972	35972	35972	35972	35972	35972	35972	35972	35972	35972	35972	

Average Redundancy------------	21.762114537444933	28.770925110132158	41.348017621145374	45.29515418502203	24.422907488986784	27.687224669603523	36.55066079295154	44.61674008810573	42.647577092511014	38.480176211453745	53.30396475770925	
Nodes Above Average-----------	81	68	60	56	77	71	64	59	59	59	51	
Nodes Below Average-----------	146	159	167	171	150	156	163	168	168	168	176	
Photos Above Average----------	24	28	35	38	25	27	32	37	36	34	43	
Photos Below Average----------	18	18	19	19	18	18	19	19	19	19	19	
Network Redundancy------------	243988	259408	283708	291148	251248	256288	274768	290188	287128	278728	303508	

