Message stats for scenario Photo_5000-Scenario_8-ActualPOI_50-K_4
sim_time: 31622400.0000

Photo List Size: 747
coverageValue-----------------	346	323	358	326	340	343	360	311	339	319	349	356	263	241	344	360	323	350	341	357	352	359	322	230	317	279	285	298	342	265	338	354	311	238	352	333	358	341	341	347	337	355	356	357	360	332	358	298	270	329	180	60	60	120	60	251	0	120	189	60	120	167	176	120	73	122	60	0	60	223	0	120	95	60	196	60	60	60	60	180	205	201	0	0	60	61	0	0	60	180	120	0	60	190	60	120	60	120	0	60	
redundantCoverageValue--------	494	397	542	454	380	437	540	349	1041	401	551	784	457	359	436	720	577	430	619	603	548	601	398	190	163	321	195	482	198	95	322	546	409	242	668	147	722	379	319	433	623	425	664	423	480	448	542	182	270	511	0	0	0	0	0	109	0	0	51	0	0	13	4	0	47	58	0	0	0	17	0	0	25	0	104	0	0	0	0	0	35	39	0	0	0	59	0	0	0	0	0	0	0	50	0	0	0	0	0	0	
halfCoverageTime--------------	11280710.0	14319664.0	490418.0	4014553.0	3951090.0	757932.0	4013623.0	13267084.0	757908.0	757890.0	4013766.0	4013772.0	12565116.0	12565110.0	4023258.0	3951068.0	4293019.0	757846.0	4014606.0	138555.0	12651482.0	4013870.0	4023400.0	4299372.0	11280741.0	12651534.0	12574274.0	757978.0	1261472.0	1261466.0	12581034.0	4014622.0	4013702.0	14319676.0	382414.0	4013736.0	757926.0	1431186.0	4293014.0	4023358.0	147488.0	11280780.0	4299384.0	4023340.0	4013860.0	4013824.0	490394.0	4013696.0	11280751.0	12651498.0	14319834.0	.0	.0	.0	.0	12581046.0	.0	.0	14343054.0	.0	.0	.0	.0	.0	.0	.0	.0	.0	.0	20345808.0	.0	.0	.0	.0	20515150.0	.0	.0	.0	.0	138474.0	14319486.0	15535574.0	.0	.0	.0	.0	.0	.0	.0	13607031.0	.0	.0	.0	12566036.0	.0	.0	.0	.0	.0	.0	
numberOfPoint-----------------	1	1	1	1	1	1	1	1	1	1	1	1	1	1	1	1	1	1	1	1	1	1	1	1	1	1	1	1	1	1	1	1	1	1	1	1	1	1	1	1	1	1	1	1	1	1	1	1	1	1	3	0	0	1	0	1	0	1	1	0	0	1	1	2	2	0	1	0	1	1	0	0	0	0	1	0	0	0	1	2	1	2	0	0	0	0	0	0	1	1	0	0	1	1	0	1	0	1	0	0	
standardDeviation-------------	.0	.0	.0	.0	.0	.0	.0	.0	.0	.0	.0	.0	.0	.0	.0	.0	.0	.0	.0	.0	.0	.0	.0	.0	.0	.0	.0	.0	.0	.0	.0	.0	.0	.0	.0	.0	.0	.0	.0	.0	.0	.0	.0	.0	.0	.0	.0	.0	.0	.0	11.15	.0	.0	6.06	.0	3.61	.0	8.32	12.53	.0	.0	.2	4.64	9.77	10.44	.0	7.47	.0	8.1	5.22	.0	.0	.0	.0	2.62	.0	.0	.0	10.66	6.89	7.96	6.31	.0	.0	.0	.0	.0	.0	10.55	7.64	.0	.0	4.63	13.4	.0	7.32	.0	7.61	.0	.0	
initialCoverageValue----------	360	360	360	360	360	360	360	360	360	360	360	360	360	360	352	360	360	360	360	360	360	360	360	360	360	360	360	360	360	360	360	360	360	360	360	360	360	360	360	360	360	360	360	360	360	360	360	360	360	360	360	360	358	360	360	360	360	360	360	360	360	360	360	360	360	360	360	360	360	360	360	360	360	360	360	360	360	360	360	360	360	360	360	360	360	360	360	360	360	360	360	360	360	360	360	360	360	360	360	360	
initialRedundantCoverageValue-	2220	2040	2040	2220	2520	2760	2640	2580	2940	2400	2760	3420	2100	2700	2228	2820	2760	2340	2700	2160	2880	2280	2580	2040	1800	2520	2220	2340	2400	1980	2520	2880	1800	2160	2520	2940	2460	1860	1920	2580	2700	2220	2940	2640	2520	2880	2940	1740	2520	2100	2460	3180	2522	2160	2820	2220	3300	2340	3180	2100	2400	2640	2220	2760	2820	2460	2160	2340	2400	2280	1680	2100	2340	1920	2940	2820	2160	1920	2580	1860	2760	2100	2460	2280	2100	2340	2160	2340	2280	2880	2700	1860	2820	2100	1920	2520	2040	2100	2580	2400	
additionalPoiTime-------------	577203.7
algorithmTime-----------------	1.71271013364624E11
serverTime--------------------	31200.2
Total Transferred Metadata----	7473

Photo List Size: 747
Gained Coverage %-------------	0.58438455126424
Gained Redundancy %-----------	0.09555050609378228
Total Cluster Created---------	0
Total Transferred Photo-------	155657
Total Photo at Destination----	747
Coverage Group----------------	1-30	31-60	61-90	91-120	121-150	151-180	181-210	211-240	241-270	271-300	301-330	331-360	
Coverage Distribution---------	9	17	2	9	1	5	5	3	5	4	9	31	
Ratio Group-------------------	.0	.1	.2	.3	.4	.5	.6	.7	.8	.9	1.0	
Coverage Ratio----------------	9	0	18	2	9	5	5	5	5	9	33	
Redundant Ratio---------------	37	19	24	19	1	0	0	0	0	0	0	
NumberOfPoint Group-----------	0	1	2	3	
NumOfPoint Distribution-------	27	18	4	1	
SD Group----------------------	0-1	1-2	2-3	3-4	4-5	5-6	6-7	7-8	8-9	9-10	10-11	11-12	12-13	13-14	
SD Distribution---------------	78	0	1	1	2	1	3	5	2	1	3	1	1	1	
Half Coverage Group-----------	0-3162240	3162240-6324480	6324480-9486720	9486720-12648960	12648960-15811200	15811200-18973440	18973440-22135680	22135680-25297920	25297920-28460160	28460160-31622400	31622400-34784640	
Half Cvg Time Distribution----	15	22	0	10	11	0	2	0	0	0	0	
Transferred Photo Group-------	0-3162240	3162240-6324480	6324480-9486720	9486720-12648960	12648960-15811200	15811200-18973440	18973440-22135680	22135680-25297920	25297920-28460160	28460160-31622400	31622400-34784640	
Photo Time Distribution-------	117918	66855	60594	118360	154941	84081	61470	58730	36036	63754	0	

Cvg&Red Distribution----------	2.0	9486720.0	1.897344E7	2.846016E7	3162240.0	6324480.0	1.264896E7	2.529792E7	2.213568E7	1.58112E7	3.16224E7	
Average PhotoNum--------------	20.555066079295155	96.66519823788546	137.62995594713655	144.34361233480178	75.49779735682819	89.92070484581498	117.76211453744493	141.6740088105727	139.31718061674007	132.87224669603523	149.11013215859032	
Nodes Above Average-----------	118	124	182	195	99	119	154	188	185	176	201	
Nodes Below Average-----------	109	103	45	32	128	108	73	39	42	51	26	

Average Coverage--------------	1211.3259911894272	4803.361233480176	6689.63436123348	6965.251101321586	3826.8722466960353	4484.788546255507	5778.136563876652	6859.198237885463	6757.378854625551	6457.1189427312775	7191.251101321586	
Nodes Above Average-----------	116	127	184	194	100	121	158	189	187	177	198	
Nodes Below Average-----------	111	100	43	33	127	106	69	38	40	50	29	
Photos Above Average----------	26	152	159	159	142	148	155	159	159	159	159	
Photos Below Average----------	14	25	43	52	22	23	30	51	44	37	75	
Network Coverage--------------	35982	35982	35982	35982	35982	35982	35982	35982	35982	35982	35982	

Average Redundancy------------	21.97797356828194	996.5506607929516	1568.1629955947137	1695.3656387665199	702.9955947136564	910.453744493392	1287.590308370044	1641.2422907488988	1601.6519823788547	1515.215859030837	1755.3568281938326	
Nodes Above Average-----------	81	120	168	164	88	106	143	167	170	173	150	
Nodes Below Average-----------	146	107	59	63	139	121	84	60	57	54	77	
Photos Above Average----------	24	155	160	159	150	155	159	159	159	159	159	
Photos Below Average----------	18	30	73	104	28	32	47	90	77	46	128	
Network Redundancy------------	243978	1280598	1838538	1929978	992298	1188738	1567938	1893618	1861518	1773738	1994898	

