Message stats for scenario Photo_10000-Scenario_6-ActualPOI_50
sim_time: 31622400.0000

Photo List Size: 730
coverageValue-----------------	173	318	292	244	281	307	178	303	257	329	230	350	239	60	301	340	265	222	275	216	267	218	277	291	187	230	321	331	278	181	243	212	271	119	203	258	122	214	296	194	166	337	201	223	240	164	253	331	232	180	244	346	289	230	267	196	316	305	263	332	176	212	249	168	187	330	344	235	265	323	325	270	189	320	243	252	283	296	300	273	271	253	120	253	317	342	265	288	257	196	305	209	295	230	93	200	311	272	106	199	
redundantCoverageValue--------	127	462	368	176	199	233	62	117	283	151	190	310	241	0	359	440	155	198	25	24	93	82	263	249	113	70	279	269	262	179	237	88	89	61	37	102	58	146	184	106	74	83	99	77	120	76	167	509	68	60	236	494	191	130	93	44	344	115	217	88	124	328	231	72	53	210	196	245	215	217	275	210	51	220	237	108	257	364	120	87	149	287	0	107	163	378	335	252	103	344	175	151	245	310	27	100	229	268	74	41	
halfCoverageTime--------------	.0	4014570.0	757962.0	4023276.0	12651524.0	14319498.0	.0	4013882.0	1241048.0	11127718.0	14319528.0	4013588.0	4023400.0	.0	12613392.0	4299389.0	12651482.0	4804358.0	12566644.0	14319444.0	4014746.0	4013830.0	11797917.0	3949520.0	20344804.0	19748318.0	12565116.0	11280791.0	757874.0	13203735.0	2026138.0	12574268.0	12651425.0	.0	4023370.0	11127740.0	.0	3951080.0	11791592.0	29617264.0	.0	3950226.0	13084909.0	4014564.0	11280817.0	.0	16050796.0	12566650.0	4013760.0	20345860.0	382408.0	4014763.0	4014606.0	12651519.0	14319486.0	15535544.0	490418.0	4013887.0	12567362.0	147566.0	.0	29588097.0	12613398.0	.0	20345826.0	13267044.0	12613090.0	20345866.0	19664448.0	4293008.0	757880.0	14141274.0	29932604.0	12665962.0	12651459.0	12651498.0	4014536.0	11280741.0	13287584.0	13201574.0	4013754.0	29426870.0	.0	29588092.0	4299384.0	12574262.0	12574274.0	12574304.0	12566108.0	12565121.0	4013870.0	20345784.0	13267072.0	12651430.0	.0	19719473.0	4023334.0	3951050.0	.0	13607014.0	
numberOfPoint-----------------	1	1	1	1	1	1	1	1	1	1	1	1	1	1	1	1	1	1	1	1	1	1	1	1	1	1	1	1	1	1	1	1	1	1	1	1	1	1	1	1	1	1	1	1	1	1	1	1	1	1	1	2	1	1	2	1	3	1	3	2	1	1	2	0	1	3	1	1	2	1	1	1	0	2	2	1	1	2	0	1	1	0	0	2	3	1	2	1	2	1	2	2	0	1	1	1	2	2	0	1	
standardDeviation-------------	.0	.0	.0	.0	.0	.0	.0	.0	.0	.0	.0	.0	.0	.0	.0	.0	.0	.0	.0	.0	.0	.0	.0	.0	.0	.0	.0	.0	.0	.0	.0	.0	.0	.0	.0	.0	.0	.0	.0	.0	.0	.0	.0	.0	.0	.0	.0	.0	.0	.0	2.75	8.85	9.29	.98	8.12	1.08	7.32	4.93	10.31	8.9	12.05	4.41	9.43	.0	6.11	8.08	4.26	6.8	5.54	1.97	2.48	5.22	.0	9.64	9.71	8.03	2.83	7.01	.0	.42	4.94	.0	.0	8.69	10.29	.3	7.84	3.75	10.35	5.55	6.01	8.31	.0	7.69	4.72	6.38	12.31	6.92	.0	6.58	
initialCoverageValue----------	360	360	360	360	360	360	360	360	360	360	360	360	360	360	360	360	360	360	360	360	360	360	360	360	360	360	360	360	360	360	360	360	360	360	360	360	360	360	360	360	360	360	360	360	360	360	360	360	360	360	360	360	360	360	360	360	360	360	360	360	360	360	360	360	360	360	360	360	360	360	360	360	360	360	360	360	360	360	360	360	360	360	360	360	360	360	360	360	360	360	360	360	360	360	360	360	360	360	360	360	
initialRedundantCoverageValue-	4800	5640	5100	4440	4860	3840	4320	4680	4380	5460	5580	6000	5460	5700	5040	5640	4560	5160	4680	5100	4500	4320	4560	4800	4560	5520	4860	4560	3960	5400	5160	4740	4500	4440	5760	4800	4680	4740	6120	4320	5100	4620	4620	3780	4860	4140	4080	4920	4620	4980	4440	5220	5160	5700	4680	4920	4740	4560	4020	4260	5100	5280	4260	4380	4440	5340	5100	5400	4800	4860	4320	4800	5880	5040	4620	3660	4740	4680	4440	4920	4140	4680	3780	4560	4260	4740	6000	5340	4260	4740	5040	4200	5700	5640	4200	4380	5220	4380	5640	4020	
additionalPoiTime-------------	93600.6
algorithmTime-----------------	6.207903794E8
Total Transferred Metadata----	8242

Photo List Size: 730
Gained Coverage %-------------	0.6952777777777778
Gained Redundancy %-----------	0.03726566072245085
Total Cluster Created---------	0
Total Transferred Photo-------	8145
Total Photo at Destination----	730
Coverage Group----------------	1-30	31-60	61-90	91-120	121-150	151-180	181-210	211-240	241-270	271-300	301-330	331-360	
Coverage Distribution---------	0	1	0	4	1	7	12	15	19	17	15	9	
Ratio Group-------------------	.0	.1	.2	.3	.4	.5	.6	.7	.8	.9	1.0	
Coverage Ratio----------------	0	0	1	2	3	7	16	17	23	19	12	
Redundant Ratio---------------	2	97	1	0	0	0	0	0	0	0	0	
NumberOfPoint Group-----------	0	1	2	3	
NumOfPoint Distribution-------	7	24	15	4	
SD Group----------------------	0-1	1-2	2-3	3-4	4-5	5-6	6-7	7-8	8-9	9-10	10-11	11-12	12-13	
SD Distribution---------------	60	2	3	1	5	3	6	4	7	4	3	0	2	
Half Coverage Group-----------	0-3162240	3162240-6324480	6324480-9486720	9486720-12648960	12648960-15811200	15811200-18973440	18973440-22135680	22135680-25297920	25297920-28460160	28460160-31622400	31622400-34784640	
Half Cvg Time Distribution----	8	25	0	20	21	1	8	0	0	5	0	
Transferred Photo Group-------	0-3162240	3162240-6324480	6324480-9486720	9486720-12648960	12648960-15811200	15811200-18973440	18973440-22135680	22135680-25297920	25297920-28460160	28460160-31622400	31622400-34784640	
Photo Time Distribution-------	3964	3448	1175	3860	8308	1934	3654	1547	404	4468	0	

Cvg&Red Distribution----------	2.0	9486720.0	1.897344E7	2.846016E7	3162240.0	6324480.0	1.264896E7	2.529792E7	2.213568E7	1.58112E7	3.16224E7	
Average PhotoNum--------------	41.585903083700444	43.79295154185022	46.96035242290749	47.731277533039645	42.92070484581498	43.62114537444934	44.647577092511014	47.691629955947135	47.66519823788546	46.93392070484582	48.986784140969164	
Nodes Above Average-----------	118	114	118	119	117	114	113	119	119	117	122	
Nodes Below Average-----------	109	113	109	108	110	113	114	108	108	110	105	

Average Coverage--------------	2398.193832599119	2519.079295154185	2688.704845814978	2731.5506607929515	2470.8722466960353	2509.273127753304	2564.828193832599	2729.295154185022	2727.453744493392	2687.6123348017622	2797.295154185022	
Nodes Above Average-----------	116	114	116	118	115	116	114	119	119	115	122	
Nodes Below Average-----------	111	113	111	109	112	111	113	108	108	112	105	
Photos Above Average----------	53	57	63	64	56	57	59	63	63	63	65	
Photos Below Average----------	29	29	29	29	29	29	29	29	29	30	29	
Network Coverage--------------	36000	36000	36000	36000	36000	36000	36000	36000	36000	36000	36000	

Average Redundancy------------	96.96035242290749	108.49779735682819	128.91629955947135	132.3259911894273	104.37004405286343	107.99559471365639	114.02643171806167	132.20264317180616	132.4581497797357	128.4229074889868	141.91189427312776	
Nodes Above Average-----------	99	97	91	91	95	97	95	91	91	91	87	
Nodes Below Average-----------	128	130	136	136	132	130	132	136	136	136	140	
Photos Above Average----------	50	56	64	65	54	55	58	65	65	63	68	
Photos Below Average----------	34	34	35	35	34	34	34	35	35	35	36	
Network Redundancy------------	530400	560460	603600	614100	548580	558120	572100	613560	613200	603240	631200	

