Message stats for scenario Photo_5000-Scenario_7-ActualPOI_50-K_1
sim_time: 31622400.0000

Photo List Size: 4642
coverageValue-----------------	216	263	224	267	225	173	148	213	246	277	291	251	236	60	256	223	105	60	72	217	207	168	0	287	60	208	259	195	197	193	136	224	295	269	176	271	120	179	227	279	212	254	311	173	263	155	239	239	308	271	247	186	285	228	336	212	271	311	255	305	302	200	279	134	136	307	145	249	175	214	291	299	289	274	232	268	312	242	322	269	331	214	322	325	198	333	225	325	240	284	312	291	242	203	335	210	163	215	236	292	
redundantCoverageValue--------	144	97	196	93	135	7	92	27	54	263	309	289	64	0	104	77	15	0	48	83	33	132	0	73	0	92	101	105	103	47	104	76	185	151	124	149	0	241	193	81	28	106	109	67	97	25	121	181	232	29	113	174	195	72	264	148	149	109	165	175	58	160	261	46	44	413	35	291	65	266	189	361	191	146	128	272	168	178	158	151	209	266	278	155	102	147	195	335	180	76	288	69	118	97	325	150	257	205	124	188	
halfCoverageTime--------------	12581046.0	12565182.0	13511463.0	12651442.0	13511486.0	.0	.0	13377548.0	12566031.0	11280791.0	13511474.0	4014628.0	16050750.0	.0	14343356.0	12581040.0	.0	.0	.0	14319544.0	12566078.0	.0	.0	19663962.0	.0	13278384.0	13377559.0	11797922.0	29186212.0	19664688.0	.0	24425936.0	4293019.0	4014536.0	.0	12566072.0	.0	.0	13227660.0	3951115.0	12651519.0	12651487.0	13267072.0	.0	19719462.0	.0	14141274.0	20345844.0	1241042.0	19664393.0	14319444.0	14319421.0	11280746.0	29426848.0	4014582.0	4013600.0	12665004.0	19748300.0	4013802.0	4805094.0	5227432.0	19664454.0	12565176.0	.0	.0	11280726.0	.0	13212916.0	.0	4804358.0	12574268.0	12592207.0	4014645.0	757836.0	.0	757830.0	11451300.0	12651459.0	4014616.0	15627710.0	12574292.0	19664442.0	3950210.0	757862.0	13212910.0	11280762.0	2026144.0	330538.0	15535556.0	4013730.0	4014553.0	14319508.0	14343350.0	11797928.0	14141279.0	12566102.0	.0	13201568.0	19664693.0	5227444.0	
numberOfPoint-----------------	1	1	1	1	1	1	1	1	1	1	1	1	1	1	1	1	1	1	1	1	1	1	1	1	1	1	1	1	1	1	1	1	1	1	1	1	1	1	1	1	1	1	1	1	1	1	1	1	1	1	3	8	3	2	4	4	2	4	2	3	3	6	3	3	5	2	2	5	3	4	5	4	3	3	3	2	7	4	6	3	5	2	3	2	2	5	3	3	5	5	6	6	3	2	4	3	4	2	3	5	
standardDeviation-------------	.0	.0	.0	.0	.0	.0	.0	.0	.0	.0	.0	.0	.0	.0	.0	.0	.0	.0	.0	.0	.0	.0	.0	.0	.0	.0	.0	.0	.0	.0	.0	.0	.0	.0	.0	.0	.0	.0	.0	.0	.0	.0	.0	.0	.0	.0	.0	.0	.0	.0	8.22	6.26	8.83	9.06	7.23	7.45	5.41	6.29	6.17	7.98	7.86	7.35	8.92	7.04	4.97	9.96	6.01	7.47	7.5	6.65	7.69	6.3	7.42	6.92	6.76	6.23	7.81	6.15	8.56	11.9	8.88	9.61	7.5	5.91	6.13	7.78	6.93	8.42	8.19	5.11	9.12	11.12	5.77	5.44	8.07	7.93	6.46	6.82	7.94	5.66	
initialCoverageValue----------	360	360	360	360	360	360	360	360	360	360	360	360	360	360	360	360	360	360	360	360	360	360	360	360	347	360	360	360	360	360	360	360	360	360	360	360	360	360	360	360	360	360	360	360	360	360	360	360	360	360	360	360	360	360	360	360	360	360	360	360	360	360	360	360	360	360	360	360	360	360	360	360	360	360	360	360	360	360	360	360	360	360	360	360	344	360	360	360	360	360	360	360	360	360	360	360	360	360	360	360	
initialRedundantCoverageValue-	2340	2580	3240	2880	2340	2100	1680	2160	2100	3360	2820	2220	2100	1620	1980	2460	3060	2340	2400	2580	2820	2640	1860	2220	1873	2400	3000	2280	2700	2820	2460	2820	2940	2580	1500	3180	2640	2280	2400	2340	2760	2460	2820	2400	2520	2520	2040	2340	1980	2160	2280	1920	2880	1980	3000	1860	2700	2580	2760	2160	2340	2400	2040	1980	2580	2520	2040	2760	2700	2820	2400	2580	2100	2400	2280	1860	2280	2160	2700	2160	2340	2340	2220	2220	2536	2820	2820	3000	2820	2880	2400	2520	2340	2100	2820	1920	2580	2520	2520	2220	
additionalPoiTime-------------	1.0011832178E9
algorithmTime-----------------	8.80937647E7
serverTime--------------------	3.18086039E7
Total Transferred Metadata----	15087

Photo List Size: 4642
Gained Coverage %-------------	0.6468822106697062
Gained Redundancy %-----------	0.05751246562447332
Total Cluster Created---------	50
Total Transferred Photo-------	1936
Total Photo at Destination----	627
Coverage Group----------------	1-30	31-60	61-90	91-120	121-150	151-180	181-210	211-240	241-270	271-300	301-330	331-360	
Coverage Distribution---------	1	3	1	2	5	8	10	21	16	17	12	4	
Ratio Group-------------------	.0	.1	.2	.3	.4	.5	.6	.7	.8	.9	1.0	
Coverage Ratio----------------	1	0	4	1	4	10	17	20	20	17	6	
Redundant Ratio---------------	5	81	14	0	0	0	0	0	0	0	0	
NumberOfPoint Group-----------	0	1	2	3	4	5	6	7	8	
NumOfPoint Distribution-------	0	0	11	17	8	8	4	1	1	
SD Group----------------------	0-1	1-2	2-3	3-4	4-5	5-6	6-7	7-8	8-9	9-10	10-11	11-12	
SD Distribution---------------	50	0	0	0	1	6	14	15	8	4	0	2	
Half Coverage Group-----------	0-3162240	3162240-6324480	6324480-9486720	9486720-12648960	12648960-15811200	15811200-18973440	18973440-22135680	22135680-25297920	25297920-28460160	28460160-31622400	31622400-34784640	
Half Cvg Time Distribution----	6	16	0	18	26	1	9	1	0	2	0	
Transferred Photo Group-------	0-3162240	3162240-6324480	6324480-9486720	9486720-12648960	12648960-15811200	15811200-18973440	18973440-22135680	22135680-25297920	25297920-28460160	28460160-31622400	31622400-34784640	
Photo Time Distribution-------	3262	932	366	1806	2169	381	654	383	205	649	0	

Cvg&Red Distribution----------	2.0	9486720.0	1.897344E7	2.846016E7	3162240.0	6324480.0	1.264896E7	2.529792E7	2.213568E7	1.58112E7	3.16224E7	
Average PhotoNum--------------	20.555066079295155	20.94713656387665	21.502202643171806	21.726872246696036	20.73127753303965	20.83259911894273	21.255506607929515	21.691629955947135	21.590308370044053	21.484581497797357	21.933920704845814	
Nodes Above Average-----------	118	119	116	118	119	118	113	118	117	115	119	
Nodes Below Average-----------	109	108	111	109	108	109	114	109	110	112	108	

Average Coverage--------------	1207.5726872246696	1229.7973568281939	1261.9735682819382	1274.8149779735684	1217.6651982378855	1223.4185022026431	1247.5726872246696	1272.6431718061674	1266.9295154185022	1260.444933920705	1286.7180616740088	
Nodes Above Average-----------	117	115	114	115	117	114	117	115	115	113	114	
Nodes Below Average-----------	110	112	113	112	110	113	110	112	112	114	113	
Photos Above Average----------	26	27	28	28	26	27	27	28	28	28	29	
Photos Below Average----------	14	14	14	14	14	14	14	14	14	14	14	
Network Coverage--------------	35960	35958	35958	35958	35958	35958	35958	35958	35958	35958	35958	

Average Redundancy------------	25.73127753303965	27.030837004405285	28.158590308370044	28.797356828193834	26.211453744493394	26.537444933920703	27.75770925110132	28.854625550660792	28.48898678414097	28.629955947136565	29.31718061674009	
Nodes Above Average-----------	84	85	87	90	85	85	86	90	89	87	88	
Nodes Below Average-----------	143	142	140	137	142	142	141	137	138	140	139	
Photos Above Average----------	24	25	26	26	24	24	26	26	26	26	26	
Photos Below Average----------	18	18	18	18	18	18	18	18	18	18	18	
Network Redundancy------------	244000	249342	256902	259962	246402	247782	253542	259482	258102	256662	262782	

