Message stats for scenario Photo_10000-Scenario_5-ActualPOI_50
sim_time: 31622400.0000

Photo List Size: 9392
coverageValue-----------------	337	344	263	308	140	311	176	287	311	302	296	256	327	272	323	323	286	313	316	269	197	316	346	312	258	332	360	312	288	293	234	223	345	259	344	204	230	278	218	283	223	262	265	359	332	303	181	360	301	253	232	184	300	204	245	120	277	222	200	273	192	105	232	101	339	201	120	302	173	251	311	307	236	271	238	319	173	227	216	149	304	218	250	325	318	347	180	269	232	269	323	320	223	221	246	279	191	149	256	165	
redundantCoverageValue--------	263	196	157	172	40	169	4	13	169	238	64	104	153	208	157	97	74	167	104	151	43	164	194	228	282	148	180	408	192	187	186	137	195	101	196	156	190	262	82	137	137	98	155	361	208	177	119	240	299	167	188	236	240	96	235	0	83	138	340	87	168	15	248	19	201	39	0	178	307	169	349	53	184	89	182	101	127	13	264	151	296	82	230	95	222	313	0	211	128	91	157	160	377	139	174	321	109	151	344	75	
halfCoverageTime--------------	4013713.0	13201580.0	15627698.0	12566078.0	.0	12581028.0	.0	4013882.0	12566060.0	4013702.0	12574292.0	16050814.0	4023232.0	13511468.0	12567368.0	15535533.0	11280812.0	12566066.0	12581034.0	13227654.0	14319544.0	4293019.0	4014548.0	13287572.0	4293030.0	4023080.0	13201562.0	11280786.0	12566021.0	13267072.0	19664682.0	19708280.0	11451294.0	13607026.0	13267084.0	14319462.0	29435816.0	4023190.0	13084909.0	14141317.0	19708274.0	16050772.0	12651498.0	12566638.0	12565176.0	4014634.0	29663314.0	4013696.0	12651534.0	13287566.0	757852.0	4013887.0	4013870.0	11127696.0	12566016.0	.0	490400.0	4013802.0	5227432.0	3950220.0	15535562.0	.0	4013796.0	.0	147389.0	11280731.0	.0	757846.0	.0	757902.0	3951062.0	4013876.0	13377548.0	1261030.0	12566026.0	11127713.0	.0	4805100.0	4013818.0	.0	490412.0	13278384.0	4014616.0	1261014.0	4013742.0	500860.0	3949536.0	16050784.0	12592212.0	757896.0	147820.0	757836.0	11791580.0	12574286.0	4013778.0	14141279.0	29426814.0	.0	1261020.0	.0	
numberOfPoint-----------------	1	1	1	1	1	1	1	1	1	1	1	1	1	1	1	1	1	1	1	1	1	1	1	1	1	1	1	1	1	1	1	1	1	1	1	1	1	1	1	1	1	1	1	1	1	1	1	1	1	1	3	3	2	4	2	1	1	1	3	1	3	2	3	2	2	2	3	3	5	4	4	1	2	3	1	3	2	2	4	1	2	3	5	3	3	2	2	1	2	2	1	2	3	3	3	2	4	3	1	5	
standardDeviation-------------	.0	.0	.0	.0	.0	.0	.0	.0	.0	.0	.0	.0	.0	.0	.0	.0	.0	.0	.0	.0	.0	.0	.0	.0	.0	.0	.0	.0	.0	.0	.0	.0	.0	.0	.0	.0	.0	.0	.0	.0	.0	.0	.0	.0	.0	.0	.0	.0	.0	.0	7.82	7.75	6.34	6.34	6.36	3.07	5.54	1.92	5.03	2.34	8.64	7.15	9.51	7.23	8.58	5.86	6.73	6.35	8.5	9.9	8.48	12.16	6.88	6.49	7.58	9.94	5.67	6.09	6.64	7.04	6.04	8.35	5.61	7.03	9.38	6.47	7.02	3.07	7.91	9.75	1.52	5.35	6.33	7.53	7.19	7.74	11.17	7.54	1.17	7.22	
initialCoverageValue----------	360	360	360	360	360	360	360	360	360	360	360	360	360	360	360	360	360	360	360	360	360	360	360	360	360	360	360	360	360	360	360	360	360	360	360	360	360	360	360	360	360	360	360	360	360	360	360	360	360	360	360	360	360	360	360	360	360	360	360	360	360	360	360	360	360	360	360	360	360	360	360	360	360	360	360	360	360	360	360	360	360	360	360	360	360	360	360	360	360	360	360	360	360	360	360	360	360	360	360	360	
initialRedundantCoverageValue-	4980	5700	4740	3960	4260	5160	4140	5640	5040	4740	4440	5160	5580	4140	4200	5100	4860	5040	5100	6000	4740	4980	4380	5160	4740	4320	4560	5880	4440	5460	4740	3720	5100	4320	4260	4380	4740	4800	4800	4260	4500	4740	4620	5880	4200	4680	4680	5040	5160	4380	4680	5040	4140	4320	4560	4320	4920	4860	4620	4080	4620	4440	5220	5340	5280	5340	4620	5460	4920	5400	5340	4500	4800	4560	5100	5700	4380	5340	4500	5400	5760	5520	5220	5460	5400	5220	4560	4860	4860	5400	5220	4800	5580	4800	4860	5160	4980	4740	4920	5100	
additionalPoiTime-------------	0.0
algorithmTime-----------------	3.886920916E8
Total Transferred Metadata----	15086

Photo List Size: 9392
Gained Coverage %-------------	0.7232222222222222
Gained Redundancy %-----------	0.03382937728036732
Total Cluster Created---------	50
Total Transferred Photo-------	2046
Total Photo at Destination----	711
Coverage Group----------------	1-30	31-60	61-90	91-120	121-150	151-180	181-210	211-240	241-270	271-300	301-330	331-360	
Coverage Distribution---------	0	0	0	4	3	5	9	16	15	13	23	12	
Ratio Group-------------------	.0	.1	.2	.3	.4	.5	.6	.7	.8	.9	1.0	
Coverage Ratio----------------	0	0	0	2	3	7	10	19	21	24	14	
Redundant Ratio---------------	3	97	0	0	0	0	0	0	0	0	0	
NumberOfPoint Group-----------	0	1	2	3	4	5	
NumOfPoint Distribution-------	0	10	16	16	5	3	
SD Group----------------------	0-1	1-2	2-3	3-4	4-5	5-6	6-7	7-8	8-9	9-10	10-11	11-12	12-13	
SD Distribution---------------	50	3	1	2	0	6	12	14	5	5	0	1	1	
Half Coverage Group-----------	0-3162240	3162240-6324480	6324480-9486720	9486720-12648960	12648960-15811200	15811200-18973440	18973440-22135680	22135680-25297920	25297920-28460160	28460160-31622400	31622400-34784640	
Half Cvg Time Distribution----	13	25	0	21	21	3	3	0	0	3	0	
Transferred Photo Group-------	0-3162240	3162240-6324480	6324480-9486720	9486720-12648960	12648960-15811200	15811200-18973440	18973440-22135680	22135680-25297920	25297920-28460160	28460160-31622400	31622400-34784640	
Photo Time Distribution-------	3074	1381	354	1811	1857	374	767	209	209	836	0	

Cvg&Red Distribution----------	2.0	9486720.0	1.897344E7	2.846016E7	3162240.0	6324480.0	1.264896E7	2.529792E7	2.213568E7	1.58112E7	3.16224E7	
Average PhotoNum--------------	41.585903083700444	42.02202643171806	43.118942731277535	43.519823788546255	41.669603524229075	41.8942731277533	42.54625550660793	43.47136563876652	43.286343612334804	42.95594713656388	43.85022026431718	
Nodes Above Average-----------	118	115	116	118	117	118	117	118	117	120	119	
Nodes Below Average-----------	109	112	111	109	110	109	110	109	110	107	108	

Average Coverage--------------	2391.123348017621	2413.4229074889868	2471.9823788546255	2493.4713656387667	2394.885462555066	2406.6740088105726	2442.185022026432	2490.8017621145373	2481.638766519824	2463.885462555066	2511.383259911894	
Nodes Above Average-----------	119	116	119	120	118	118	116	120	119	119	119	
Nodes Below Average-----------	108	111	108	107	109	109	111	107	108	108	108	
Photos Above Average----------	53	54	56	56	53	54	55	56	56	55	57	
Photos Below Average----------	28	28	28	28	28	28	28	28	28	28	28	
Network Coverage--------------	36000	36000	36000	36000	36000	36000	36000	36000	36000	36000	36000	

Average Redundancy------------	104.03083700440529	107.89867841409692	115.15418502202643	117.71806167400881	105.29074889867842	106.98237885462555	110.59030837004406	117.48017621145374	115.54185022026432	113.47136563876651	119.62995594713657	
Nodes Above Average-----------	103	104	101	99	102	104	104	99	101	102	97	
Nodes Below Average-----------	124	123	126	128	125	123	123	128	126	125	130	
Photos Above Average----------	51	52	55	56	52	52	53	56	55	54	56	
Photos Below Average----------	33	32	33	33	32	32	32	33	33	33	34	
Network Redundancy------------	530400	536340	551280	556740	531540	534600	543480	556080	553560	549060	561240	

