Message stats for scenario Photo_10000-Scenario_8-ActualPOI_50
sim_time: 31622400.0000

Photo List Size: 737
coverageValue-----------------	271	282	336	277	332	276	245	258	278	327	351	263	277	249	341	265	256	340	151	282	303	318	273	273	266	288	348	237	303	331	328	288	360	324	315	288	237	287	330	352	309	339	357	292	315	331	339	355	344	265	60	204	207	211	117	242	242	185	193	180	177	252	215	206	261	235	160	268	319	164	60	243	171	340	235	209	201	205	123	207	137	132	241	234	60	308	240	205	60	168	164	218	171	60	287	163	211	240	120	185	
redundantCoverageValue--------	89	258	624	203	388	324	235	102	322	453	309	97	323	291	499	95	164	440	149	318	237	282	87	207	214	132	612	183	357	269	272	72	420	276	345	432	303	313	450	668	651	561	423	428	345	509	201	365	256	275	0	156	153	29	123	238	58	175	107	0	3	108	85	34	39	5	20	152	101	76	0	57	69	80	65	91	39	35	57	33	43	108	179	126	0	292	0	35	0	72	16	82	69	0	73	17	149	60	0	55	
halfCoverageTime--------------	11280751.0	12566031.0	4299384.0	3951080.0	12566036.0	14319546.0	12566638.0	14319748.0	147466.0	330538.0	757885.0	12574304.0	14141302.0	4013887.0	12567356.0	12651534.0	757896.0	13267078.0	.0	11280726.0	12565110.0	4013623.0	14319450.0	13084919.0	14319784.0	4293008.0	490424.0	12651442.0	4013818.0	12651459.0	757968.0	4014758.0	3951090.0	4292996.0	14319504.0	4804346.0	147814.0	4299389.0	4013842.0	12613386.0	4013600.0	11280731.0	147518.0	4293014.0	4013790.0	4293030.0	4013606.0	11280791.0	13203724.0	4013836.0	.0	4023276.0	13278394.0	4805111.0	.0	4014594.0	12665968.0	28384892.0	16050755.0	13267072.0	.0	14319600.0	13203730.0	.0	12613090.0	13511474.0	.0	4014763.0	4023317.0	.0	.0	4013594.0	.0	4023300.0	4293024.0	14319468.0	14319724.0	19664393.0	.0	15535528.0	.0	.0	11280710.0	20344804.0	.0	12651550.0	13511468.0	4023340.0	.0	.0	.0	12568256.0	.0	.0	12651545.0	.0	12574280.0	13607020.0	.0	19664086.0	
numberOfPoint-----------------	1	1	1	1	1	1	1	1	1	1	1	1	1	1	1	1	1	1	1	1	1	1	1	1	1	1	1	1	1	1	1	1	1	1	1	1	1	1	1	1	1	1	1	1	1	1	1	1	1	1	0	1	2	1	2	1	1	0	1	1	1	1	1	1	1	2	1	1	0	1	0	0	0	1	0	1	1	1	1	1	2	1	2	1	0	2	1	2	1	0	0	2	2	1	2	1	1	2	0	1	
standardDeviation-------------	.0	.0	.0	.0	.0	.0	.0	.0	.0	.0	.0	.0	.0	.0	.0	.0	.0	.0	.0	.0	.0	.0	.0	.0	.0	.0	.0	.0	.0	.0	.0	.0	.0	.0	.0	.0	.0	.0	.0	.0	.0	.0	.0	.0	.0	.0	.0	.0	.0	.0	.0	5.6	4.51	8.26	6.23	2.73	6.84	.0	7.96	8.1	2.98	7.53	5.2	14.37	1.75	8.08	10.53	.3	.0	4.82	.0	.0	.0	3.8	.0	2.12	7.58	11.85	5.02	8.1	5.38	8.75	10.08	1.17	.0	6.55	3.83	6.94	3.09	.0	.0	5.49	6.4	7.33	5.78	7.21	8.45	5.1	.0	3.49	
initialCoverageValue----------	360	360	360	360	360	360	360	360	360	360	360	360	360	360	360	360	360	360	360	360	360	360	360	360	360	360	360	360	360	360	360	360	360	360	360	360	360	360	360	360	360	360	360	360	360	360	360	360	360	360	360	360	360	360	360	360	360	360	360	360	360	360	360	360	360	360	360	360	360	360	360	360	360	360	360	360	360	360	360	360	360	360	360	360	360	360	360	360	360	360	360	360	360	360	360	360	360	360	360	360	
initialRedundantCoverageValue-	3900	4860	5340	4740	5880	5640	4560	4260	3780	4740	5220	4320	4500	4020	4500	4680	4920	4800	4380	5580	4680	4980	4800	4860	4380	5460	5400	5220	4260	4560	4800	5220	5100	4920	4980	5460	5100	5100	5220	5280	5100	5580	4560	4620	5700	5100	5400	5040	4500	4740	4440	5280	4740	4920	4860	5400	4740	4980	4380	4740	4980	4500	5040	4620	4860	4680	4620	5220	4860	5340	4680	5160	4260	4320	5100	4200	4980	5100	4740	4500	5580	4140	4440	4980	5520	5460	5340	5100	5520	4320	5040	4620	4500	3900	4860	5100	4800	5040	5280	5040	
additionalPoiTime-------------	780005.0
algorithmTime-----------------	8.0056282814528E10
Total Transferred Metadata----	7475

Photo List Size: 737
Gained Coverage %-------------	0.6846666666666666
Gained Redundancy %-----------	0.039773566330297806
Total Cluster Created---------	0
Total Transferred Photo-------	156963
Total Photo at Destination----	737
Coverage Group----------------	1-30	31-60	61-90	91-120	121-150	151-180	181-210	211-240	241-270	271-300	301-330	331-360	
Coverage Distribution---------	0	5	0	2	3	10	11	11	15	15	12	16	
Ratio Group-------------------	.0	.1	.2	.3	.4	.5	.6	.7	.8	.9	1.0	
Coverage Ratio----------------	0	0	5	0	5	10	14	15	22	10	19	
Redundant Ratio---------------	8	86	6	0	0	0	0	0	0	0	0	
NumberOfPoint Group-----------	0	1	2	
NumOfPoint Distribution-------	11	28	11	
SD Group----------------------	0-1	1-2	2-3	3-4	4-5	5-6	6-7	7-8	8-9	9-10	10-11	11-12	12-13	13-14	14-15	
SD Distribution---------------	62	2	3	4	2	7	5	5	6	0	2	1	0	0	1	
Half Coverage Group-----------	0-3162240	3162240-6324480	6324480-9486720	9486720-12648960	12648960-15811200	15811200-18973440	18973440-22135680	22135680-25297920	25297920-28460160	28460160-31622400	31622400-34784640	
Half Cvg Time Distribution----	8	27	0	15	25	1	3	0	1	0	0	
Transferred Photo Group-------	0-3162240	3162240-6324480	6324480-9486720	9486720-12648960	12648960-15811200	15811200-18973440	18973440-22135680	22135680-25297920	25297920-28460160	28460160-31622400	31622400-34784640	
Photo Time Distribution-------	72435	32168	27098	54378	69010	35929	26183	25371	15617	28788	0	

Cvg&Red Distribution----------	2.0	9486720.0	1.897344E7	2.846016E7	3162240.0	6324480.0	1.264896E7	2.529792E7	2.213568E7	1.58112E7	3.16224E7	
Average PhotoNum--------------	41.585903083700444	63.23788546255506	72.97797356828194	74.61674008810573	58.44933920704846	61.54625550660793	67.88546255506608	74.20704845814979	73.3920704845815	71.32599118942731	76.52422907488987	
Nodes Above Average-----------	118	145	197	206	122	137	173	203	199	191	214	
Nodes Below Average-----------	109	82	30	21	105	90	54	24	28	36	13	

Average Coverage--------------	2398.3039647577093	3534.669603524229	4054.2422907488985	4137.409691629956	3279.669603524229	3452.4977973568284	3785.2026431718064	4125.074889867841	4078.506607929515	3971.4052863436123	4245.290748898678	
Nodes Above Average-----------	116	145	197	206	125	137	173	202	199	191	208	
Nodes Below Average-----------	111	82	30	21	102	90	54	25	28	36	19	
Photos Above Average----------	53	79	80	80	77	79	79	80	80	80	80	
Photos Below Average----------	29	34	26	21	34	34	29	27	26	25	38	
Network Coverage--------------	36000	36000	36000	36000	36000	36000	36000	36000	36000	36000	36000	

Average Redundancy------------	96.85022026431719	259.6035242290749	324.43612334801765	339.5947136563877	227.2907488986784	240.27753303964758	287.9251101321586	327.3480176211454	325.01762114537445	308.1541850220264	346.16299559471366	
Nodes Above Average-----------	109	119	121	122	111	117	132	126	117	123	120	
Nodes Below Average-----------	118	108	106	105	116	110	95	101	110	104	107	
Photos Above Average----------	50	79	79	80	78	79	80	80	80	80	80	
Photos Below Average----------	32	45	65	68	39	42	51	66	66	61	72	
Network Redundancy------------	530400	825300	957960	980280	760080	802260	888600	974700	963600	935460	1006260	

