Message stats for scenario Photo_5000-Scenario_8-ActualPOI_50-K_3
sim_time: 31622400.0000

Photo List Size: 747
coverageValue-----------------	335	327	310	297	341	334	356	313	342	340	349	275	320	347	353	360	343	315	325	360	303	281	358	334	263	259	276	326	342	356	331	354	315	360	304	332	258	343	283	360	360	360	321	306	258	317	320	311	189	347	0	157	120	120	60	159	120	0	60	0	63	85	60	60	149	213	143	92	120	120	119	180	117	152	180	0	103	0	121	230	60	195	180	70	120	154	120	92	146	154	145	166	60	133	0	60	120	60	60	180	
redundantCoverageValue--------	565	333	170	543	859	506	304	527	378	380	431	325	220	493	487	660	257	645	515	540	57	199	542	446	397	221	144	514	318	484	329	546	345	1080	356	388	462	257	437	960	720	540	399	114	342	403	280	589	51	433	0	23	0	0	0	21	0	0	0	0	57	95	0	0	31	87	37	28	0	0	61	0	3	28	0	0	77	0	59	70	0	45	0	50	0	146	0	28	94	26	35	14	0	107	0	0	0	0	0	0	
halfCoverageTime--------------	4023352.0	11280751.0	19708274.0	330549.0	4805110.0	757984.0	757885.0	1261484.0	4013876.0	4014616.0	147360.0	12651476.0	1261466.0	4023340.0	330544.0	4013796.0	14319432.0	2026132.0	4013612.0	4023388.0	3951105.0	4014746.0	11280715.0	1431186.0	4014758.0	4023234.0	11280756.0	11280746.0	12566048.0	757852.0	757808.0	757956.0	4013718.0	2026138.0	13511480.0	4013713.0	4013742.0	12592212.0	12613096.0	147389.0	490388.0	5227432.0	382450.0	138496.0	4023264.0	12566031.0	12567362.0	3951050.0	14319486.0	4013754.0	.0	.0	.0	.0	.0	.0	.0	.0	.0	.0	.0	.0	.0	.0	.0	147808.0	.0	.0	.0	.0	.0	29435811.0	.0	.0	19664393.0	.0	.0	.0	.0	13202194.0	.0	.0	12651524.0	.0	.0	.0	.0	.0	.0	.0	.0	.0	.0	.0	.0	.0	.0	.0	.0	13267049.0	
numberOfPoint-----------------	1	1	1	1	1	1	1	1	1	1	1	1	1	1	1	1	1	1	1	1	1	1	1	1	1	1	1	1	1	1	1	1	1	1	1	1	1	1	1	1	1	1	1	1	1	1	1	1	1	1	0	1	1	2	1	1	1	0	0	0	0	0	0	0	2	1	0	1	1	1	1	1	2	1	1	0	1	0	1	1	1	0	1	0	1	3	1	0	1	1	3	2	0	1	0	0	1	0	0	0	
standardDeviation-------------	.0	.0	.0	.0	.0	.0	.0	.0	.0	.0	.0	.0	.0	.0	.0	.0	.0	.0	.0	.0	.0	.0	.0	.0	.0	.0	.0	.0	.0	.0	.0	.0	.0	.0	.0	.0	.0	.0	.0	.0	.0	.0	.0	.0	.0	.0	.0	.0	.0	.0	.0	7.3	6.4	7.85	6.26	7.52	8.32	.0	.0	.0	.0	.0	.0	.0	8.5	.67	.0	5.08	4.6	13.04	10.3	5.69	5.25	5.1	6.61	.0	6.64	.0	8.06	2.01	2.85	.0	1.6	.0	3.24	8.25	5.95	.0	.81	10.03	7.27	7.65	.0	3.47	.0	.0	6.64	.0	.0	.0	
initialCoverageValue----------	360	360	360	360	360	360	360	360	360	360	360	360	360	360	360	360	360	360	360	360	360	360	360	360	360	360	360	360	360	360	360	360	360	360	360	360	360	360	360	360	360	360	360	360	360	360	360	360	360	360	360	360	360	360	360	360	360	360	360	360	360	360	360	360	360	360	360	360	360	360	360	360	360	360	360	360	353	360	360	360	360	360	360	360	360	360	360	360	360	360	360	360	360	360	360	360	360	360	360	360	
initialRedundantCoverageValue-	2760	2820	1980	2040	2760	1920	2940	2280	2040	2580	2340	2520	2640	2160	2340	2220	2220	1920	2640	2160	2400	2100	2580	2880	2580	2400	2880	2280	2580	2820	2160	2400	2160	3660	2700	2100	2760	2340	2520	2640	2640	2400	2580	2400	2820	2700	2100	2640	1920	2520	2280	3240	2760	2520	1800	2280	1860	2100	2340	2340	2460	2160	2160	2940	1980	2520	3060	2820	1980	2280	2160	2520	1980	2160	2700	1980	2227	2400	2820	2820	1980	2700	1740	2340	2700	3120	1860	2340	2700	2340	2580	2280	2820	2820	2400	2460	1740	2520	1680	2820	
additionalPoiTime-------------	405602.6
algorithmTime-----------------	1.3181315797966E11
serverTime--------------------	78000.5
Total Transferred Metadata----	7466

Photo List Size: 747
Gained Coverage %-------------	0.5958658628066569
Gained Redundancy %-----------	0.09365142850074425
Total Cluster Created---------	0
Total Transferred Photo-------	156001
Total Photo at Destination----	747
Coverage Group----------------	1-30	31-60	61-90	91-120	121-150	151-180	181-210	211-240	241-270	271-300	301-330	331-360	
Coverage Distribution---------	6	9	3	13	6	10	2	2	4	5	15	25	
Ratio Group-------------------	.0	.1	.2	.3	.4	.5	.6	.7	.8	.9	1.0	
Coverage Ratio----------------	6	0	11	4	13	13	3	1	8	13	28	
Redundant Ratio---------------	27	31	24	15	3	0	0	0	0	0	0	
NumberOfPoint Group-----------	0	1	2	3	
NumOfPoint Distribution-------	20	24	4	2	
SD Group----------------------	0-1	1-2	2-3	3-4	4-5	5-6	6-7	7-8	8-9	9-10	10-11	11-12	12-13	13-14	
SD Distribution---------------	72	1	2	2	1	5	5	5	4	0	2	0	0	1	
Half Coverage Group-----------	0-3162240	3162240-6324480	6324480-9486720	9486720-12648960	12648960-15811200	15811200-18973440	18973440-22135680	22135680-25297920	25297920-28460160	28460160-31622400	31622400-34784640	
Half Cvg Time Distribution----	18	19	0	9	7	0	2	0	0	1	0	
Transferred Photo Group-------	0-3162240	3162240-6324480	6324480-9486720	9486720-12648960	12648960-15811200	15811200-18973440	18973440-22135680	22135680-25297920	25297920-28460160	28460160-31622400	31622400-34784640	
Photo Time Distribution-------	98774	52606	46288	90887	117294	63392	45431	43993	27107	47752	0	

Cvg&Red Distribution----------	2.0	9486720.0	1.897344E7	2.846016E7	3162240.0	6324480.0	1.264896E7	2.529792E7	2.213568E7	1.58112E7	3.16224E7	
Average PhotoNum--------------	20.555066079295155	77.67400881057269	105.31718061674009	109.7136563876652	63.198237885462554	73.16299559471365	92.72687224669603	108.17180616740089	106.47577092511013	101.83700440528635	113.34361233480176	
Nodes Above Average-----------	118	131	190	201	103	125	164	197	194	184	208	
Nodes Below Average-----------	109	96	37	26	124	102	63	30	33	43	19	

Average Coverage--------------	1211.6299559471365	4065.8590308370044	5428.555066079295	5663.90308370044	3346.7973568281936	3846.7797356828196	4791.493392070484	5580.612334801762	5485.484581497797	5232.083700440528	5821.374449339207	
Nodes Above Average-----------	117	133	191	201	106	126	165	197	194	185	201	
Nodes Below Average-----------	110	94	36	26	121	101	62	30	33	42	26	
Photos Above Average----------	26	117	119	119	112	115	118	119	119	119	119	
Photos Below Average----------	14	22	28	30	20	20	22	31	27	23	61	
Network Coverage--------------	35993	35993	35993	35993	35993	35993	35993	35993	35993	35993	35993	

Average Redundancy------------	21.674008810572687	594.5814977973569	890.4757709251102	918.9162995594713	445.0969162995595	543.0	772.1189427312776	909.6960352422908	903.0616740088105	878.136563876652	979.2422907488987	
Nodes Above Average-----------	85	124	146	136	99	118	152	141	144	154	138	
Nodes Below Average-----------	142	103	81	91	128	109	75	86	83	73	89	
Photos Above Average----------	24	119	119	119	115	117	119	119	119	119	119	
Photos Below Average----------	18	27	79	94	22	25	38	89	83	63	103	
Network Redundancy------------	243967	1021927	1398427	1458307	824767	960487	1226947	1437307	1414207	1351027	1507747	

