Message stats for scenario Photo_5000-Scenario_7-ActualPOI_50-K_4
sim_time: 31622400.0000

Photo List Size: 4642
coverageValue-----------------	268	268	188	180	156	180	180	133	261	120	173	277	252	60	229	179	147	268	120	252	60	120	261	265	221	284	243	230	263	155	228	320	234	258	286	152	120	217	198	192	272	259	256	129	299	273	206	60	180	193	276	237	244	180	223	271	336	259	206	282	276	198	345	287	296	359	314	325	340	263	239	263	299	304	282	244	304	215	204	271	249	313	229	265	218	283	221	251	336	326	231	249	215	224	211	172	241	268	176	268	
redundantCoverageValue--------	272	92	52	0	24	0	0	47	99	0	67	143	48	0	131	301	33	212	0	108	0	0	99	95	139	136	237	10	217	25	72	280	186	162	194	88	0	263	102	48	148	41	104	51	301	207	34	0	0	107	144	303	116	120	197	269	384	341	334	18	204	162	315	313	244	481	106	215	560	157	121	97	361	116	318	116	176	145	156	269	171	287	191	155	202	197	79	169	384	274	129	51	25	256	149	128	239	152	4	212	
halfCoverageTime--------------	4013754.0	14319568.0	29932616.0	28384880.0	.0	19664448.0	19708280.0	.0	4299372.0	.0	.0	757830.0	20344816.0	.0	4013790.0	.0	.0	20345790.0	.0	19664080.0	.0	.0	12581022.0	12651476.0	14319592.0	4013594.0	13084914.0	20344792.0	13267072.0	.0	12567362.0	4014594.0	4013736.0	13511452.0	4014640.0	.0	.0	12651448.0	19748312.0	20345849.0	12651519.0	14319538.0	13084909.0	.0	4293014.0	12651459.0	19748324.0	.0	29674088.0	13278394.0	12565116.0	14319502.0	19667092.0	20515144.0	12613392.0	12592202.0	1017674.0	14319468.0	4013784.0	11127746.0	12613090.0	14343356.0	4014576.0	1083514.0	4014582.0	4293024.0	13201580.0	757836.0	1431186.0	11280751.0	13377554.0	4299389.0	12566638.0	14323166.0	12581040.0	11451300.0	4805105.0	14319438.0	29426848.0	1017656.0	12565126.0	147384.0	13227654.0	19719456.0	19663968.0	4023080.0	12574268.0	13203730.0	13203724.0	4013576.0	12592207.0	12665962.0	17846424.0	11280746.0	13227648.0	.0	13377548.0	12651509.0	.0	13227660.0	
numberOfPoint-----------------	1	1	1	1	1	1	1	1	1	1	1	1	1	1	1	1	1	1	1	1	1	1	1	1	1	1	1	1	1	1	1	1	1	1	1	1	1	1	1	1	1	1	1	1	1	1	1	1	1	1	1	2	1	4	3	5	4	4	2	3	4	2	3	5	4	5	2	3	5	3	7	1	5	3	6	2	2	3	2	3	3	4	1	2	2	2	2	3	3	3	2	6	3	5	3	5	2	3	1	3	
standardDeviation-------------	.0	.0	.0	.0	.0	.0	.0	.0	.0	.0	.0	.0	.0	.0	.0	.0	.0	.0	.0	.0	.0	.0	.0	.0	.0	.0	.0	.0	.0	.0	.0	.0	.0	.0	.0	.0	.0	.0	.0	.0	.0	.0	.0	.0	.0	.0	.0	.0	.0	.0	4.66	4.88	4.31	10.91	8.53	7.91	5.69	5.28	5.37	4.93	7.52	6.37	8.6	8.34	8.03	7.62	5.51	5.58	5.92	7.85	7.57	6.21	8.88	8.16	8.64	6.51	7.05	8.62	4.68	9.86	6.91	8.56	4.0	6.18	11.94	10.94	6.85	7.83	6.01	7.25	6.57	8.39	8.85	8.29	5.06	9.24	6.18	8.85	.78	7.09	
initialCoverageValue----------	360	360	360	360	360	360	360	360	360	360	360	360	360	360	360	360	360	360	360	360	360	360	360	360	360	360	360	360	357	360	360	360	360	360	360	360	360	360	360	360	360	360	360	360	360	360	360	360	360	360	360	360	360	360	360	360	360	360	360	360	360	360	360	360	360	360	360	360	360	360	360	360	360	360	360	360	360	360	360	360	360	360	360	360	360	360	360	360	360	360	360	360	360	360	360	360	360	360	360	360	
initialRedundantCoverageValue-	3000	2160	2280	1680	2160	3000	3000	2100	2460	2220	1740	2460	2460	2520	2640	1980	2820	2400	2820	1920	2520	2820	2640	1920	2280	3000	2760	1920	2163	2400	2460	2880	2640	2520	3120	2640	2220	2760	2340	2100	2280	2280	2100	2160	2580	2160	2880	2100	2400	2340	1800	2940	2100	2280	2400	2460	2460	2640	2820	2100	2700	1860	2580	2280	2760	2220	2640	2700	2040	2520	2400	2580	3480	2820	2400	2220	3060	2280	2640	2100	2580	2520	2580	2040	2460	2340	1920	2700	3000	3240	2340	1920	2040	2520	2700	1680	2760	2040	1560	2700	
additionalPoiTime-------------	9.449136571E8
algorithmTime-----------------	8.72357592E7
serverTime--------------------	3.19178046E7
Total Transferred Metadata----	15087

Photo List Size: 4642
Gained Coverage %-------------	0.6504153123871433
Gained Redundancy %-----------	0.06287763806797382
Total Cluster Created---------	50
Total Transferred Photo-------	1982
Total Photo at Destination----	653
Coverage Group----------------	1-30	31-60	61-90	91-120	121-150	151-180	181-210	211-240	241-270	271-300	301-330	331-360	
Coverage Distribution---------	0	3	0	4	3	12	8	17	25	16	7	5	
Ratio Group-------------------	.0	.1	.2	.3	.4	.5	.6	.7	.8	.9	1.0	
Coverage Ratio----------------	0	0	3	0	6	13	11	23	29	8	7	
Redundant Ratio---------------	11	71	16	2	0	0	0	0	0	0	0	
NumberOfPoint Group-----------	0	1	2	3	4	5	6	7	
NumOfPoint Distribution-------	0	5	13	16	6	7	2	1	
SD Group----------------------	0-1	1-2	2-3	3-4	4-5	5-6	6-7	7-8	8-9	9-10	10-11	11-12	
SD Distribution---------------	51	0	0	0	6	7	9	9	13	2	2	1	
Half Coverage Group-----------	0-3162240	3162240-6324480	6324480-9486720	9486720-12648960	12648960-15811200	15811200-18973440	18973440-22135680	22135680-25297920	25297920-28460160	28460160-31622400	31622400-34784640	
Half Cvg Time Distribution----	7	16	0	15	27	1	13	0	1	3	0	
Transferred Photo Group-------	0-3162240	3162240-6324480	6324480-9486720	9486720-12648960	12648960-15811200	15811200-18973440	18973440-22135680	22135680-25297920	25297920-28460160	28460160-31622400	31622400-34784640	
Photo Time Distribution-------	3558	1076	451	1962	2512	616	841	415	276	869	0	

Cvg&Red Distribution----------	2.0	9486720.0	1.897344E7	2.846016E7	3162240.0	6324480.0	1.264896E7	2.529792E7	2.213568E7	1.58112E7	3.16224E7	
Average PhotoNum--------------	20.555066079295155	21.762114537444933	23.674008810572687	24.34361233480176	21.136563876651984	21.53303964757709	22.94713656387665	24.281938325991188	23.94273127753304	23.348017621145374	25.259911894273127	
Nodes Above Average-----------	118	109	95	85	110	109	103	86	95	94	83	
Nodes Below Average-----------	109	118	132	142	117	118	124	141	132	133	144	

Average Coverage--------------	1211.4933920704846	1275.9603524229076	1374.6211453744493	1409.7621145374449	1242.7973568281939	1262.863436123348	1338.740088105727	1406.6828193832598	1388.0308370044054	1358.6431718061674	1457.3612334801762	
Nodes Above Average-----------	117	108	100	93	115	108	102	94	95	100	85	
Nodes Below Average-----------	110	119	127	134	112	119	125	133	132	127	142	
Photos Above Average----------	26	29	34	36	27	29	32	36	35	33	40	
Photos Below Average----------	14	14	15	15	14	14	15	15	15	15	16	
Network Coverage--------------	35991	35991	35991	35991	35991	35991	35991	35991	35991	35991	35991	

Average Redundancy------------	21.81057268722467	29.766519823788546	45.819383259911895	50.85462555066079	25.39647577092511	29.11894273127753	38.08810572687225	50.23348017621145	48.53303964757709	42.23788546255506	58.23348017621145	
Nodes Above Average-----------	85	72	57	53	76	72	66	53	56	59	45	
Nodes Below Average-----------	142	155	170	174	151	155	161	174	171	168	182	
Photos Above Average----------	23	28	37	41	25	27	33	41	39	35	49	
Photos Below Average----------	18	18	18	19	18	18	18	19	18	18	19	
Network Redundancy------------	243969	260409	286449	295569	251889	257289	276549	294729	290109	282009	308049	

