Message stats for scenario Photo_2500-Scenario_7-ActualPOI_50
sim_time: 31622400.0000

Photo List Size: 2437
coverageValue-----------------	0	142	220	284	149	185	155	144	161	218	195	258	184	205	283	181	256	99	269	205	60	247	180	60	198	229	233	203	203	310	212	284	192	120	240	297	120	322	187	120	207	177	120	183	216	201	242	120	265	216	244	140	269	100	138	301	224	158	216	245	350	268	235	261	120	234	60	180	242	216	287	269	302	340	277	341	259	309	243	284	302	240	222	140	198	240	330	239	188	174	239	151	177	268	208	188	189	180	180	240	
redundantCoverageValue--------	0	38	140	136	31	55	205	36	199	142	45	162	56	95	77	59	44	21	211	35	0	113	0	0	102	311	67	97	217	170	28	136	48	0	0	183	0	98	53	0	93	123	0	177	144	99	118	0	35	84	236	280	91	20	42	119	136	202	204	235	190	332	185	39	0	126	0	0	118	84	73	151	298	140	143	319	101	171	237	256	118	240	198	40	42	180	270	181	52	126	61	89	3	212	92	232	51	0	0	0	
halfCoverageTime--------------	.0	.0	19663973.0	13511463.0	.0	13511480.0	.0	.0	.0	29426842.0	13267054.0	12581022.0	20345802.0	16050784.0	13225154.0	12567356.0	16050790.0	.0	13202200.0	14319458.0	.0	12651476.0	19667104.0	.0	13278400.0	12665962.0	12581040.0	20345814.0	20344822.0	11451300.0	29588097.0	13203730.0	20515150.0	.0	13225160.0	16050760.0	.0	19664426.0	29426870.0	.0	19664376.0	.0	.0	4013696.0	17846460.0	13267038.0	29431432.0	.0	12581016.0	19664388.0	4014600.0	.0	12565176.0	.0	.0	2026138.0	12651425.0	.0	12566078.0	12613085.0	4013702.0	17846430.0	17846448.0	20344810.0	.0	1017676.0	.0	19664410.0	12565182.0	13225148.0	19748330.0	147820.0	11280751.0	1083508.0	24425936.0	382432.0	12651448.0	16050802.0	501342.0	3949508.0	12613398.0	13287566.0	16050766.0	.0	.0	13607026.0	138550.0	14319506.0	19667110.0	.0	.0	.0	.0	4014542.0	19663962.0	17846490.0	29435822.0	20345808.0	20345784.0	11791592.0	
numberOfPoint-----------------	1	1	1	1	1	1	1	1	1	1	1	1	1	1	1	1	1	1	1	1	1	1	1	1	1	1	1	1	1	1	1	1	1	1	1	1	1	1	1	1	1	1	1	1	1	1	1	1	1	1	6	3	2	3	3	4	2	5	4	2	5	2	2	2	1	1	9	3	1	2	2	3	1	1	1	6	2	4	2	4	2	2	3	2	4	3	2	3	3	1	2	1	3	2	2	3	1	3	2	5	
standardDeviation-------------	.0	.0	.0	.0	.0	.0	.0	.0	.0	.0	.0	.0	.0	.0	.0	.0	.0	.0	.0	.0	.0	.0	.0	.0	.0	.0	.0	.0	.0	.0	.0	.0	.0	.0	.0	.0	.0	.0	.0	.0	.0	.0	.0	.0	.0	.0	.0	.0	.0	.0	6.32	8.25	5.23	7.33	7.64	8.99	6.59	3.31	7.9	8.13	4.04	.94	6.16	6.94	4.18	3.4	8.0	6.03	2.51	6.68	7.01	7.54	.5	1.3	2.3	8.02	6.05	7.76	10.14	8.09	6.37	6.07	9.74	9.35	11.19	6.09	6.71	6.85	7.09	1.7	.61	7.53	6.47	5.75	12.17	6.27	2.6	9.36	6.08	9.06	
initialCoverageValue----------	360	360	356	360	313	319	360	360	360	360	357	360	360	360	360	356	360	347	340	360	360	360	360	315	360	360	360	360	360	360	342	360	349	360	357	360	359	354	355	360	360	360	329	359	360	360	323	360	360	360	360	360	360	360	360	360	360	360	360	314	360	360	360	360	360	331	360	360	360	357	360	354	360	360	360	360	360	357	349	360	360	360	338	360	360	340	360	344	360	360	360	360	360	360	360	360	360	347	360	360	
initialRedundantCoverageValue-	780	900	904	1320	1187	761	1320	840	840	1200	903	1080	1140	1560	1200	784	960	493	1040	1080	900	1320	780	1005	1140	1500	960	1620	900	840	918	1680	971	600	963	1200	961	1146	665	780	1320	1500	931	901	1200	1260	937	1200	1020	960	1140	960	900	960	960	1260	1140	1440	1500	1126	960	1200	1680	960	780	749	1260	720	1200	843	1320	1206	1200	1320	1140	1380	840	1263	1091	960	1080	1860	982	1080	780	980	1260	1336	900	1140	900	1020	1440	1260	1500	1320	1200	793	1380	1080	
additionalPoiTime-------------	1.70977096E8
algorithmTime-----------------	2.14657376E7
Total Transferred Metadata----	15088

Photo List Size: 2437
Gained Coverage %-------------	0.5954250021102389
Gained Redundancy %-----------	0.10078904682044373
Total Cluster Created---------	50
Total Transferred Photo-------	1624
Total Photo at Destination----	539
Coverage Group----------------	1-30	31-60	61-90	91-120	121-150	151-180	181-210	211-240	241-270	271-300	301-330	331-360	
Coverage Distribution---------	1	3	0	8	6	11	19	19	16	7	7	3	
Ratio Group-------------------	.0	.1	.2	.3	.4	.5	.6	.7	.8	.9	1.0	
Coverage Ratio----------------	1	0	3	2	11	11	23	18	20	6	5	
Redundant Ratio---------------	16	41	28	15	0	0	0	0	0	0	0	
NumberOfPoint Group-----------	0	1	2	3	4	5	6	7	8	9	
NumOfPoint Distribution-------	0	9	18	12	5	3	2	0	0	1	
SD Group----------------------	0-1	1-2	2-3	3-4	4-5	5-6	6-7	7-8	8-9	9-10	10-11	11-12	12-13	
SD Distribution---------------	53	2	3	2	2	2	15	9	5	4	1	1	1	
Half Coverage Group-----------	0-3162240	3162240-6324480	6324480-9486720	9486720-12648960	12648960-15811200	15811200-18973440	18973440-22135680	22135680-25297920	25297920-28460160	28460160-31622400	31622400-34784640	
Half Cvg Time Distribution----	7	5	0	12	18	9	16	1	0	5	0	
Transferred Photo Group-------	0-3162240	3162240-6324480	6324480-9486720	9486720-12648960	12648960-15811200	15811200-18973440	18973440-22135680	22135680-25297920	25297920-28460160	28460160-31622400	31622400-34784640	
Photo Time Distribution-------	1737	493	188	951	977	203	307	195	102	339	0	

Cvg&Red Distribution----------	2.0	9486720.0	1.897344E7	2.846016E7	3162240.0	6324480.0	1.264896E7	2.529792E7	2.213568E7	1.58112E7	3.16224E7	
Average PhotoNum--------------	10.823788546255507	10.938325991189428	11.101321585903083	11.193832599118943	10.85022026431718	10.872246696035242	11.17180616740088	11.17180616740088	11.118942731277533	11.14977973568282	11.290748898678414	
Nodes Above Average-----------	123	122	104	107	122	121	103	107	106	106	108	
Nodes Below Average-----------	104	105	123	120	105	106	124	120	121	121	119	

Average Coverage--------------	644.3612334801762	650.6211453744494	660.215859030837	665.7004405286343	645.590308370044	646.8281938325991	664.4493392070484	664.3171806167401	661.2731277533039	662.7665198237886	671.2643171806168	
Nodes Above Average-----------	118	117	104	107	117	116	103	107	106	106	107	
Nodes Below Average-----------	109	110	123	120	110	111	124	120	121	121	120	
Photos Above Average----------	13	13	14	14	13	13	14	14	14	14	15	
Photos Below Average----------	7	7	8	7	7	7	8	7	8	8	7	
Network Coverage--------------	35479	35429	35429	35429	35436	35429	35429	35429	35429	35429	35419	

Average Redundancy------------	5.066079295154185	5.6784140969163	5.863436123348017	5.929515418502203	5.422907488986784	5.506607929515418	5.859030837004405	5.991189427312776	5.863436123348017	6.220264317180617	6.180616740088106	
Nodes Above Average-----------	32	36	38	38	34	34	38	39	38	40	40	
Nodes Below Average-----------	195	191	189	189	193	193	189	188	189	187	187	
Photos Above Average----------	12	13	13	13	12	12	13	13	13	13	13	
Photos Below Average----------	10	10	10	10	10	10	10	10	10	10	10	
Network Redundancy------------	111941	113551	115771	117031	112344	112651	116731	116731	116011	116431	118361	

