Message stats for scenario S_1-Photo_5000-Scenario_6-ActualPOI_50
sim_time: 31622400.0000

Photo List Size: 303
coverageValue-----------------	242	111	234	106	120	0	60	180	120	0	154	99	173	132	187	180	120	138	153	264	111	131	155	225	184	168	240	230	167	138	159	60	120	60	106	248	171	112	170	60	240	60	120	229	249	97	60	72	60	120	179	205	180	178	189	61	193	243	120	180	201	181	271	60	150	210	145	160	120	213	78	229	60	189	60	60	60	94	60	95	120	233	193	0	187	120	302	60	120	193	120	120	120	206	258	125	112	128	223	153	
redundantCoverageValue--------	58	9	6	14	0	0	0	0	0	0	86	21	7	48	53	0	0	42	87	36	69	49	85	15	56	12	0	10	13	42	21	0	0	0	134	172	69	8	10	0	0	0	0	131	51	23	0	48	0	0	61	95	0	2	51	59	47	57	0	0	99	59	89	0	30	90	35	20	0	27	102	11	0	51	0	0	0	86	0	25	0	7	47	0	113	0	178	0	0	167	0	0	0	34	102	55	68	52	77	87	
halfCoverageTime--------------	17846486.0	.0	4805094.0	.0	.0	.0	.0	20344774.0	.0	.0	.0	.0	.0	.0	20344816.0	19664404.0	.0	.0	.0	19719473.0	.0	.0	.0	19664476.0	28384898.0	.0	15535556.0	3949531.0	.0	.0	.0	.0	.0	.0	.0	4014622.0	.0	.0	.0	.0	19664676.0	.0	.0	5227432.0	4014558.0	.0	.0	.0	.0	.0	.0	14319562.0	19748318.0	.0	29186212.0	.0	20345802.0	20345826.0	.0	20344798.0	20347952.0	29186218.0	14319416.0	.0	.0	20345796.0	.0	.0	.0	19664682.0	.0	.0	.0	14319438.0	.0	.0	.0	.0	.0	.0	.0	4013576.0	4804352.0	.0	5227438.0	.0	4013582.0	.0	.0	4013772.0	.0	.0	.0	14323160.0	19664454.0	.0	.0	.0	15535574.0	.0	
numberOfPoint-----------------	1	1	1	1	1	1	1	1	1	1	1	1	1	1	1	1	1	1	1	1	1	1	1	1	1	1	1	1	1	1	1	1	1	1	1	1	1	1	1	1	1	1	1	1	1	1	1	1	1	1	1	1	1	1	2	0	2	1	1	1	1	1	1	0	1	1	1	2	1	1	0	2	1	1	0	0	0	1	1	1	1	1	1	0	2	0	2	0	1	1	1	1	2	1	1	0	0	1	2	1	
standardDeviation-------------	.0	.0	.0	.0	.0	.0	.0	.0	.0	.0	.0	.0	.0	.0	.0	.0	.0	.0	.0	.0	.0	.0	.0	.0	.0	.0	.0	.0	.0	.0	.0	.0	.0	.0	.0	.0	.0	.0	.0	.0	.0	.0	.0	.0	.0	.0	.0	.0	.0	.0	6.8	5.26	2.77	7.71	7.08	.0	12.08	3.1	6.61	7.81	1.1	5.6	3.16	.0	8.75	6.48	8.32	6.53	7.92	5.9	.0	5.94	10.67	3.77	.0	.0	.0	14.33	10.14	8.96	7.57	5.62	6.16	.0	4.7	.0	7.31	.0	11.93	3.22	9.6	6.12	8.62	6.21	5.9	.0	.0	2.78	8.61	11.51	
initialCoverageValue----------	360	360	350	360	360	360	360	360	360	360	360	360	360	360	360	360	360	360	360	360	360	360	360	360	345	360	360	360	360	360	360	360	360	360	360	360	360	360	360	360	360	360	360	360	360	360	360	360	360	360	360	360	360	360	360	360	360	360	360	360	360	360	360	360	360	360	360	360	360	360	360	360	360	360	360	360	360	360	360	360	360	360	360	360	360	360	360	360	360	360	360	360	360	360	360	360	360	360	360	360	
initialRedundantCoverageValue-	2160	2280	2170	1920	2580	2580	2220	2940	3180	1800	2400	2640	2460	2100	3240	2460	1980	2220	3180	2340	2460	2640	2760	2520	2415	2460	2880	1620	2160	2160	2400	2340	2100	1860	2280	2820	3240	2340	2220	2100	2940	2460	1980	1980	2520	2040	2820	2400	2340	1920	2460	2220	3060	2160	3240	1800	2100	2580	2280	2700	2940	2700	3180	2460	1980	2520	1980	2400	2940	2220	1980	2820	2220	3180	2100	2100	2280	3120	1920	2220	2400	2640	2460	1860	2760	2700	2760	3180	2400	2580	2460	2160	2400	2460	2400	2400	2640	2220	2280	2580	
additionalPoiTime-------------	0.0
algorithmTime-----------------	2.8548183E7
serverTime--------------------	124800.8
Total Transferred Metadata----	8022

Photo List Size: 303
Gained Coverage %-------------	0.40617095205003473
Gained Redundancy %-----------	0.014645459209851205
Total Cluster Created---------	0
Total Transferred Photo-------	3531
Total Photo at Destination----	303
Coverage Group----------------	1-30	31-60	61-90	91-120	121-150	151-180	181-210	211-240	241-270	271-300	301-330	331-360	
Coverage Distribution---------	3	14	3	24	8	17	13	10	6	1	1	0	
Ratio Group-------------------	.0	.1	.2	.3	.4	.5	.6	.7	.8	.9	1.0	
Coverage Ratio----------------	3	0	16	7	24	19	14	13	3	1	0	
Redundant Ratio---------------	37	63	0	0	0	0	0	0	0	0	0	
NumberOfPoint Group-----------	0	1	2	
NumOfPoint Distribution-------	11	31	8	
SD Group----------------------	0-1	1-2	2-3	3-4	4-5	5-6	6-7	7-8	8-9	9-10	10-11	11-12	12-13	13-14	14-15	
SD Distribution---------------	61	1	2	4	1	6	7	6	5	1	2	2	1	0	1	
Half Coverage Group-----------	0-3162240	3162240-6324480	6324480-9486720	9486720-12648960	12648960-15811200	15811200-18973440	18973440-22135680	22135680-25297920	25297920-28460160	28460160-31622400	31622400-34784640	
Half Cvg Time Distribution----	0	10	0	0	6	1	14	0	1	2	0	
Transferred Photo Group-------	0-3162240	3162240-6324480	6324480-9486720	9486720-12648960	12648960-15811200	15811200-18973440	18973440-22135680	22135680-25297920	25297920-28460160	28460160-31622400	31622400-34784640	
Photo Time Distribution-------	1074	1582	464	694	733	813	1356	520	192	766	0	

Cvg&Red Distribution----------	2.0	9486720.0	1.897344E7	2.846016E7	3162240.0	6324480.0	1.264896E7	2.529792E7	2.213568E7	1.58112E7	3.16224E7	
Average PhotoNum--------------	20.605263157894736	21.68859649122807	22.20175438596491	22.86842105263158	21.05701754385965	21.649122807017545	21.94736842105263	22.82894736842105	22.714912280701753	22.06578947368421	22.912280701754387	
Nodes Above Average-----------	119	115	110	117	113	115	116	117	116	109	117	
Nodes Below Average-----------	109	113	118	111	115	113	112	111	112	119	111	

Average Coverage--------------	1211.7105263157894	1272.4561403508771	1302.0701754385964	1338.7763157894738	1237.3508771929824	1270.0877192982457	1287.5263157894738	1336.622807017544	1330.5263157894738	1294.6315789473683	1341.1754385964912	
Nodes Above Average-----------	115	113	116	113	118	113	114	113	114	115	112	
Nodes Below Average-----------	113	115	112	115	110	115	114	115	114	113	116	
Photos Above Average----------	26	28	29	30	27	28	29	30	30	29	31	
Photos Below Average----------	14	14	14	14	14	14	14	14	14	14	15	
Network Coverage--------------	35964	35950	35950	35950	35964	35950	35950	35950	35950	35950	35950	

Average Redundancy------------	24.605263157894736	28.859649122807017	30.035087719298247	33.328947368421055	26.07017543859649	28.859649122807017	29.31578947368421	33.1140350877193	32.36842105263158	29.31578947368421	33.56140350877193	
Nodes Above Average-----------	87	88	89	89	87	88	88	89	90	88	90	
Nodes Below Average-----------	141	140	139	139	141	140	140	139	138	140	138	
Photos Above Average----------	25	27	28	29	25	27	28	29	29	28	29	
Photos Below Average----------	17	18	18	18	18	18	18	18	18	18	18	
Network Redundancy------------	245916	260750	267770	276890	252096	260210	264290	276350	274790	265910	277490	

