Message stats for scenario S_1-Photo_5000-Scenario_8-ActualPOI_50
sim_time: 31622400.0000

Photo List Size: 384
coverageValue-----------------	292	233	155	231	0	196	244	252	232	300	297	205	303	320	286	188	76	279	231	179	208	64	237	272	173	339	180	189	259	250	120	169	316	204	120	210	277	60	220	192	210	308	219	219	233	126	244	251	227	307	172	180	0	145	90	64	152	138	60	120	0	0	69	120	160	180	73	60	60	174	0	60	175	60	60	120	0	120	210	60	79	231	83	180	120	120	228	120	60	106	120	60	130	60	0	60	60	60	188	120	
redundantCoverageValue--------	128	67	25	129	0	44	56	168	128	360	183	275	177	220	194	52	44	81	129	181	32	116	123	148	67	321	0	171	221	110	0	71	44	96	0	90	203	0	140	48	90	292	141	81	127	54	116	169	133	173	68	0	0	95	30	56	28	42	0	0	0	0	51	0	20	0	47	0	0	66	0	0	5	0	0	0	0	0	30	0	41	129	37	0	0	0	72	0	0	74	0	0	50	0	0	0	0	0	52	0	
halfCoverageTime--------------	14343048.0	19664682.0	.0	19719456.0	.0	19664460.0	4013582.0	4013696.0	14343060.0	4014536.0	4014564.0	14319486.0	757968.0	4293030.0	14319794.0	19748294.0	.0	14319600.0	17847046.0	.0	19719468.0	.0	19664080.0	14319718.0	.0	14319410.0	28384880.0	4014616.0	14319474.0	14319564.0	.0	.0	14319760.0	19664465.0	.0	20345802.0	11528890.0	.0	14319606.0	19664676.0	19664410.0	3949508.0	17847144.0	19708280.0	14319444.0	.0	757908.0	4013708.0	14319748.0	4799231.0	.0	29186212.0	.0	.0	.0	.0	.0	.0	.0	.0	.0	.0	.0	.0	.0	4014645.0	.0	.0	.0	.0	.0	.0	.0	.0	.0	.0	.0	.0	14319789.0	.0	.0	19663973.0	.0	19748312.0	.0	.0	17847091.0	.0	.0	.0	.0	.0	.0	.0	.0	.0	.0	.0	20345832.0	.0	
numberOfPoint-----------------	1	1	1	1	1	1	1	1	1	1	1	1	1	1	1	1	1	1	1	1	1	1	1	1	1	1	1	1	1	1	1	1	1	1	1	1	1	1	1	1	1	1	1	1	1	1	1	1	1	1	2	1	0	1	1	0	0	1	1	0	0	0	0	1	1	1	1	1	0	1	0	0	1	0	0	1	0	2	2	1	0	1	0	1	1	1	2	1	0	1	0	0	1	1	0	0	1	0	1	2	
standardDeviation-------------	.0	.0	.0	.0	.0	.0	.0	.0	.0	.0	.0	.0	.0	.0	.0	.0	.0	.0	.0	.0	.0	.0	.0	.0	.0	.0	.0	.0	.0	.0	.0	.0	.0	.0	.0	.0	.0	.0	.0	.0	.0	.0	.0	.0	.0	.0	.0	.0	.0	.0	6.22	8.65	.0	2.33	5.2	.0	.0	4.81	3.33	.0	.0	.0	.0	8.72	6.48	7.54	3.67	5.85	.0	3.82	.0	.0	2.56	.0	.0	4.43	.0	12.15	5.44	6.03	.0	8.0	.0	2.59	5.23	8.98	9.81	6.94	.0	3.51	.0	.0	8.45	8.71	.0	.0	1.84	.0	1.7	3.67	
initialCoverageValue----------	360	360	360	360	360	360	360	360	360	360	360	360	360	360	360	360	360	360	360	360	360	360	360	360	360	360	360	360	360	360	360	360	360	360	360	360	360	360	360	360	360	360	345	360	360	360	360	360	360	360	360	360	360	360	360	360	360	360	360	360	360	360	360	360	360	360	360	360	360	360	339	360	360	360	360	360	360	360	360	360	360	360	360	360	360	360	360	360	360	360	360	360	360	360	360	360	360	360	360	360	
initialRedundantCoverageValue-	2940	2400	2160	2160	2280	2400	1980	1980	2100	2760	2280	2820	2520	3180	2220	3420	2520	2580	2340	2640	2340	2160	2700	3000	2700	2460	2400	2700	2640	2640	2160	2460	2400	2100	2280	2400	3300	2220	2160	2280	2400	3120	1995	2580	1800	2460	2700	2460	2340	1920	2760	2400	2160	2280	1680	2340	2760	2520	2940	2940	2160	2700	2220	2880	1620	2460	2520	2340	2100	2100	2181	2940	3120	1620	2340	2400	2340	2640	2520	2640	2460	2520	1500	1860	2040	2880	2220	2580	1980	3240	2640	2220	2640	2340	2040	2460	2580	2400	2700	1620	
additionalPoiTime-------------	280801.8
algorithmTime-----------------	4.159520231874E10
serverTime--------------------	31200.2
Total Transferred Metadata----	7597

Photo List Size: 384
Gained Coverage %-------------	0.4440273606940274
Gained Redundancy %-----------	0.028911817102137766
Total Cluster Created---------	0
Total Transferred Photo-------	115854
Total Photo at Destination----	384
Coverage Group----------------	1-30	31-60	61-90	91-120	121-150	151-180	181-210	211-240	241-270	271-300	301-330	331-360	
Coverage Distribution---------	7	14	8	12	4	13	11	12	6	7	5	1	
Ratio Group-------------------	.0	.1	.2	.3	.4	.5	.6	.7	.8	.9	1.0	
Coverage Ratio----------------	7	0	17	6	14	14	11	17	5	8	1	
Redundant Ratio---------------	36	62	2	0	0	0	0	0	0	0	0	
NumberOfPoint Group-----------	0	1	2	
NumOfPoint Distribution-------	21	24	5	
SD Group----------------------	0-1	1-2	2-3	3-4	4-5	5-6	6-7	7-8	8-9	9-10	10-11	11-12	12-13	
SD Distribution---------------	71	2	3	5	2	4	4	1	6	1	0	0	1	
Half Coverage Group-----------	0-3162240	3162240-6324480	6324480-9486720	9486720-12648960	12648960-15811200	15811200-18973440	18973440-22135680	22135680-25297920	25297920-28460160	28460160-31622400	31622400-34784640	
Half Cvg Time Distribution----	2	10	0	1	14	3	14	0	1	1	0	
Transferred Photo Group-------	0-3162240	3162240-6324480	6324480-9486720	9486720-12648960	12648960-15811200	15811200-18973440	18973440-22135680	22135680-25297920	25297920-28460160	28460160-31622400	31622400-34784640	
Photo Time Distribution-------	37713	16859	13538	27952	35196	18375	13282	12933	8204	14751	0	

Cvg&Red Distribution----------	2.0	9486720.0	1.897344E7	2.846016E7	3162240.0	6324480.0	1.264896E7	2.529792E7	2.213568E7	1.58112E7	3.16224E7	
Average PhotoNum--------------	20.605263157894736	31.81578947368421	36.666666666666664	37.49561403508772	29.333333333333332	30.88157894736842	34.074561403508774	37.30701754385965	36.88157894736842	35.80263157894737	38.469298245614034	
Nodes Above Average-----------	119	148	202	210	123	139	175	208	204	194	217	
Nodes Below Average-----------	109	80	26	18	105	89	53	20	24	34	11	

Average Coverage--------------	1212.030701754386	1840.421052631579	2113.5131578947367	2159.214912280702	1702.4912280701753	1782.8245614035088	1964.6008771929824	2150.3070175438597	2124.8552631578946	2065.1666666666665	2213.8245614035086	
Nodes Above Average-----------	116	147	202	204	123	139	175	204	202	194	193	
Nodes Below Average-----------	112	81	26	24	105	89	53	24	26	34	35	
Photos Above Average----------	26	39	40	40	39	39	39	40	40	40	40	
Photos Below Average----------	14	17	10	16	17	17	14	14	12	11	30	
Network Coverage--------------	35950	35950	35950	35950	35950	35950	35950	35950	35950	35950	35950	

Average Redundancy------------	24.285087719298247	68.52631578947368	86.48684210526316	90.5219298245614	57.50877192982456	70.0701754385965	79.87280701754386	88.1140350877193	88.03947368421052	82.99122807017544	94.33333333333333	
Nodes Above Average-----------	92	103	98	108	95	97	106	101	104	108	105	
Nodes Below Average-----------	136	125	130	120	133	131	122	127	124	120	123	
Photos Above Average----------	24	39	39	40	38	39	39	40	40	39	40	
Photos Below Average----------	18	25	34	35	23	24	29	35	34	32	37	
Network Redundancy------------	245930	399290	465650	476990	365330	386510	430190	474410	468590	453830	490310	

