Message stats for scenario S_3-Photo_5000-Scenario_8-ActualPOI_50
sim_time: 31622400.0000

Photo List Size: 1059
coverageValue-----------------	358	341	344	319	301	316	343	360	354	335	354	326	350	354	358	299	250	309	354	331	319	342	348	347	326	360	323	355	284	260	331	329	350	358	305	301	349	354	336	317	339	298	340	357	301	310	247	257	327	335	259	219	306	199	329	218	335	291	237	284	293	296	257	305	193	302	273	296	235	265	161	244	288	230	200	270	212	281	249	324	189	296	147	234	121	0	219	276	315	220	269	229	261	202	255	272	222	279	140	304	
redundantCoverageValue--------	662	799	376	401	479	524	617	660	726	325	546	214	490	606	842	421	170	411	786	329	341	378	372	373	334	660	397	965	376	220	509	331	790	482	355	299	551	426	684	403	441	602	680	483	419	590	113	583	693	925	41	141	294	101	271	82	205	249	63	196	127	244	103	295	47	238	87	184	125	155	199	176	192	130	100	150	28	259	111	456	111	184	33	186	59	0	141	504	345	140	151	11	219	338	165	208	258	141	40	116	
halfCoverageTime--------------	1509679.0	1968324.0	11280756.0	3950210.0	3951062.0	3719544.0	9971218.0	3949508.0	1440216.0	9971212.0	4023270.0	3949531.0	1953054.0	757862.0	1968352.0	11280817.0	19664086.0	3951090.0	3951120.0	4013790.0	3719526.0	4013582.0	13203735.0	3949526.0	1499760.0	4013778.0	1953066.0	757885.0	13377559.0	14319462.0	1500270.0	13202206.0	147412.0	4014752.0	757808.0	4804346.0	1968358.0	3951074.0	4014542.0	1953048.0	4013713.0	757825.0	757868.0	6791308.0	11528902.0	1440204.0	15430140.0	4014611.0	6791314.0	757938.0	6791302.0	.0	14320554.0	19664470.0	4205670.0	15430062.0	12854562.0	12854520.0	11280720.0	382426.0	3951095.0	1495306.0	11974279.0	4013772.0	29426842.0	4804352.0	12581046.0	14319426.0	29588086.0	3719550.0	.0	12665962.0	11974428.0	12574268.0	12651436.0	12651420.0	13278384.0	11280726.0	19664426.0	11401183.0	29426820.0	12854580.0	.0	4014553.0	.0	.0	19719473.0	4205676.0	1500287.0	4205692.0	11974392.0	13061690.0	1494368.0	19667104.0	4014600.0	11974356.0	13267044.0	14141302.0	.0	11974256.0	
numberOfPoint-----------------	1	1	1	1	1	1	1	1	1	1	1	1	1	1	1	1	1	1	1	1	1	1	1	1	1	1	1	1	1	1	1	1	1	1	1	1	1	1	1	1	1	1	1	1	1	1	1	1	1	1	2	0	2	3	1	1	2	1	2	2	2	1	1	1	1	1	1	1	0	1	2	0	2	1	2	1	1	1	2	2	1	1	1	1	1	0	0	0	1	2	2	1	1	2	0	3	0	1	0	1	
standardDeviation-------------	.0	.0	.0	.0	.0	.0	.0	.0	.0	.0	.0	.0	.0	.0	.0	.0	.0	.0	.0	.0	.0	.0	.0	.0	.0	.0	.0	.0	.0	.0	.0	.0	.0	.0	.0	.0	.0	.0	.0	.0	.0	.0	.0	.0	.0	.0	.0	.0	.0	.0	10.64	.0	5.63	9.34	1.5	2.09	7.19	7.98	9.72	6.85	6.91	1.17	8.67	4.18	6.8	8.15	9.18	3.49	.0	2.2	7.11	.0	4.75	6.51	8.0	4.1	6.78	3.96	6.23	8.44	2.59	4.1	8.68	3.47	8.54	.0	.0	.0	3.05	9.95	6.9	7.64	11.04	10.78	.0	8.59	.0	3.49	.0	9.3	
initialCoverageValue----------	360	360	360	360	360	360	360	360	360	360	360	360	360	360	360	360	360	360	360	360	360	360	360	360	360	360	360	360	360	360	360	360	360	360	360	360	360	360	360	360	360	360	360	360	360	360	360	360	360	360	360	360	360	360	360	360	360	360	360	360	360	360	360	360	360	360	360	360	360	360	360	360	360	360	360	360	360	360	360	360	360	360	360	360	360	360	360	360	360	360	360	360	360	360	360	360	360	360	360	360	
initialRedundantCoverageValue-	2040	2640	2040	1980	2040	2700	2340	2460	3000	2400	2700	2220	2340	2580	2100	2160	2700	2700	2400	2520	3060	2100	2340	2220	2340	3000	2220	2940	2340	2100	2280	2340	2640	2340	1920	1920	2580	2520	2700	2040	2940	2520	2220	2880	1920	2220	1140	2160	3060	2160	2760	2400	2640	3180	2580	2460	3000	2520	1980	2700	2460	2460	2880	3240	2220	3000	2220	2160	2100	2160	3060	2460	2160	2460	2400	2760	2340	2100	2220	2640	2460	1740	2040	2400	2460	1620	2580	2700	2580	2640	2460	2580	2400	2700	2280	3060	2940	2100	2040	2220	
additionalPoiTime-------------	312002.0
algorithmTime-----------------	4.0040010102816E10
serverTime--------------------	1435209.2
Total Transferred Metadata----	7595

Photo List Size: 1059
Gained Coverage %-------------	0.7961666666666667
Gained Redundancy %-----------	0.13813287231415164
Total Cluster Created---------	0
Total Transferred Photo-------	112776
Total Photo at Destination----	1059
Coverage Group----------------	1-30	31-60	61-90	91-120	121-150	151-180	181-210	211-240	241-270	271-300	301-330	331-360	
Coverage Distribution---------	1	0	0	0	3	1	5	11	13	15	22	29	
Ratio Group-------------------	.0	.1	.2	.3	.4	.5	.6	.7	.8	.9	1.0	
Coverage Ratio----------------	1	0	0	0	2	2	6	14	17	24	34	
Redundant Ratio---------------	1	44	29	19	5	2	0	0	0	0	0	
NumberOfPoint Group-----------	0	1	2	3	
NumOfPoint Distribution-------	9	25	14	2	
SD Group----------------------	0-1	1-2	2-3	3-4	4-5	5-6	6-7	7-8	8-9	9-10	10-11	11-12	
SD Distribution---------------	59	2	3	5	4	1	7	5	6	5	2	1	
Half Coverage Group-----------	0-3162240	3162240-6324480	6324480-9486720	9486720-12648960	12648960-15811200	15811200-18973440	18973440-22135680	22135680-25297920	25297920-28460160	28460160-31622400	31622400-34784640	
Half Cvg Time Distribution----	22	28	3	15	18	0	5	0	0	3	0	
Transferred Photo Group-------	0-3162240	3162240-6324480	6324480-9486720	9486720-12648960	12648960-15811200	15811200-18973440	18973440-22135680	22135680-25297920	25297920-28460160	28460160-31622400	31622400-34784640	
Photo Time Distribution-------	36912	16637	13966	26815	34057	17871	12813	12766	8205	14184	0	

Cvg&Red Distribution----------	2.0	9486720.0	1.897344E7	2.846016E7	3162240.0	6324480.0	1.264896E7	2.529792E7	2.213568E7	1.58112E7	3.16224E7	
Average PhotoNum--------------	20.504424778761063	31.738938053097346	36.64601769911504	37.47787610619469	29.216814159292035	30.800884955752213	34.05309734513274	37.29203539823009	36.86283185840708	35.77433628318584	38.4646017699115	
Nodes Above Average-----------	117	146	200	208	122	137	174	206	202	192	215	
Nodes Below Average-----------	109	80	26	18	104	89	52	20	24	34	11	

Average Coverage--------------	1203.3495575221239	1838.0575221238937	2108.407079646018	2162.716814159292	1694.9690265486727	1782.8230088495575	1963.4601769911505	2151.3716814159293	2122.761061946903	2062.0132743362833	2217.66814159292	
Nodes Above Average-----------	115	145	200	205	122	138	174	202	202	192	195	
Nodes Below Average-----------	111	81	26	21	104	88	52	24	24	34	31	
Photos Above Average----------	26	39	40	39	39	39	39	40	40	40	40	
Photos Below Average----------	14	17	10	12	17	17	14	14	10	11	28	
Network Coverage--------------	36000	36000	36000	36000	36000	36000	36000	36000	36000	36000	36000	

Average Redundancy------------	26.91592920353982	66.27876106194691	90.35398230088495	85.95575221238938	58.03982300884956	65.23008849557522	79.72566371681415	86.15044247787611	89.00884955752213	84.44690265486726	90.20796460176992	
Nodes Above Average-----------	97	95	104	99	85	95	98	96	106	98	102	
Nodes Below Average-----------	129	131	122	127	141	131	128	130	120	128	124	
Photos Above Average----------	23	39	40	40	37	38	40	40	40	40	39	
Photos Below Average----------	17	26	33	35	24	25	29	35	34	32	37	
Network Redundancy------------	242040	394380	460920	472200	360180	381660	425760	469680	463860	449100	485580	

