Message stats for scenario S_3-Photo_5000-Scenario_4-ActualPOI_50
sim_time: 31622400.0000

Photo List Size: 4610
coverageValue-----------------	318	360	360	324	360	344	328	330	354	302	342	353	304	355	296	351	360	342	360	359	356	282	359	308	254	303	224	248	305	359	342	192	253	324	350	276	300	354	265	311	324	328	360	324	186	286	355	349	280	355	126	276	199	295	230	236	229	182	229	244	296	258	187	262	286	287	240	206	143	304	268	286	155	207	299	209	286	246	217	271	164	180	321	303	196	265	220	181	282	234	257	263	233	303	184	184	158	318	220	211	
redundantCoverageValue--------	102	300	240	276	360	436	152	330	426	238	198	247	236	425	244	129	180	138	180	361	124	258	121	172	166	177	136	232	235	361	138	108	107	216	70	144	180	126	95	169	156	272	300	156	174	254	245	371	260	245	54	204	221	425	250	64	131	118	191	356	64	222	53	638	194	133	120	334	157	356	332	134	145	213	181	151	374	54	143	149	196	0	39	417	284	275	140	59	318	6	283	37	427	477	56	116	82	222	80	29	
halfCoverageTime--------------	12565394.0	4205545.0	3719514.0	4013708.0	3951105.0	1017656.0	13227654.0	4205632.0	11209593.0	11974256.0	4014763.0	12581040.0	12574262.0	1500264.0	16050814.0	11797912.0	4014570.0	13227666.0	1953104.0	12567356.0	11280731.0	16050796.0	1440186.0	11401178.0	13607031.0	13060464.0	14319464.0	4014564.0	4805094.0	4299389.0	11280710.0	14141274.0	3719538.0	4014752.0	13377542.0	1953030.0	4293014.0	12567368.0	16050766.0	11199590.0	3951090.0	3951080.0	1241042.0	12566650.0	29433801.0	4205622.0	12574292.0	13061696.0	13225160.0	11797922.0	.0	1440204.0	14320542.0	3719556.0	12565170.0	1261030.0	15618676.0	12567362.0	1968312.0	9971170.0	6258818.0	1953076.0	14320564.0	4013696.0	1483904.0	2646740.0	1953060.0	13202194.0	.0	142024.0	1494306.0	18548506.0	.0	11797928.0	3719520.0	4013730.0	490424.0	147344.0	9971194.0	12592196.0	.0	1431192.0	4205588.0	14319506.0	4014548.0	11199608.0	9971206.0	1440198.0	1440192.0	1953086.0	490418.0	15618682.0	9971242.0	3949526.0	1494362.0	13061672.0	.0	6791302.0	14320592.0	14319482.0	
numberOfPoint-----------------	1	1	1	1	1	1	1	1	1	1	1	1	1	1	1	1	1	1	1	1	1	1	1	1	1	1	1	1	1	1	1	1	1	1	1	1	1	1	1	1	1	1	1	1	1	1	1	1	1	1	6	3	2	2	3	1	2	1	1	4	2	5	4	1	1	2	5	2	4	1	6	2	2	1	2	2	3	1	1	2	9	4	4	2	4	3	1	3	3	4	5	1	1	2	3	4	1	2	6	2	
standardDeviation-------------	.0	.0	.0	.0	.0	.0	.0	.0	.0	.0	.0	.0	.0	.0	.0	.0	.0	.0	.0	.0	.0	.0	.0	.0	.0	.0	.0	.0	.0	.0	.0	.0	.0	.0	.0	.0	.0	.0	.0	.0	.0	.0	.0	.0	.0	.0	.0	.0	.0	.0	7.78	6.73	5.59	6.91	6.94	4.0	6.01	3.07	1.0	8.3	6.6	8.55	6.9	5.19	2.37	8.11	7.03	7.02	4.57	3.44	6.15	6.71	6.65	1.56	5.87	4.83	10.47	3.94	7.56	6.23	10.4	8.65	5.06	6.14	9.14	7.98	6.17	8.3	8.72	8.24	9.52	8.24	1.3	6.75	8.48	4.68	13.82	10.39	8.8	8.45	
initialCoverageValue----------	360	360	360	360	360	360	360	360	360	360	360	360	360	360	360	360	360	360	360	360	360	359	360	360	360	360	360	360	360	359	360	360	360	360	360	360	360	360	360	360	360	360	360	360	360	360	360	360	360	360	360	360	360	360	360	360	360	360	360	360	360	360	360	360	360	360	360	360	360	360	360	360	356	360	360	360	360	360	360	360	360	360	360	360	360	360	360	360	360	360	360	360	360	360	360	360	360	360	358	360	
initialRedundantCoverageValue-	2340	2880	3900	2760	2880	3240	2220	3060	2700	2700	2220	2280	2280	2880	2100	1980	1980	2280	2940	2520	2760	2161	2280	2040	2160	2220	2520	2580	2400	2881	1620	1920	2760	2460	2340	1860	3000	1320	2640	2580	2280	2700	2640	3000	2520	2460	2160	1860	2280	2760	2520	2400	2880	2820	2040	2340	1920	1920	3120	2640	2940	2340	2760	2040	2220	1980	2880	2880	2340	1920	2280	1980	2644	2820	2160	2460	3060	2640	1920	2520	2160	2340	2940	2760	2400	1980	2220	2220	2700	2640	2040	2100	2760	2580	2520	1980	2520	1920	1742	2040	
additionalPoiTime-------------	9.429168443E8
algorithmTime-----------------	8.4708543E7
serverTime--------------------	1.38528888E7
Total Transferred Metadata----	14988

Photo List Size: 4610
Gained Coverage %-------------	0.7710046677039342
Gained Redundancy %-----------	0.08497500493323686
Total Cluster Created---------	50
Total Transferred Photo-------	2421
Total Photo at Destination----	813
Coverage Group----------------	1-30	31-60	61-90	91-120	121-150	151-180	181-210	211-240	241-270	271-300	301-330	331-360	
Coverage Distribution---------	0	0	0	0	2	4	12	12	12	16	19	23	
Ratio Group-------------------	.0	.1	.2	.3	.4	.5	.6	.7	.8	.9	1.0	
Coverage Ratio----------------	0	0	0	0	2	4	13	14	20	21	26	
Redundant Ratio---------------	1	65	33	0	1	0	0	0	0	0	0	
NumberOfPoint Group-----------	0	1	2	3	4	5	6	7	8	9	
NumOfPoint Distribution-------	0	13	15	7	8	3	3	0	0	1	
SD Group----------------------	0-1	1-2	2-3	3-4	4-5	5-6	6-7	7-8	8-9	9-10	10-11	11-12	12-13	13-14	
SD Distribution---------------	50	3	1	3	4	4	13	5	11	2	3	0	0	1	
Half Coverage Group-----------	0-3162240	3162240-6324480	6324480-9486720	9486720-12648960	12648960-15811200	15811200-18973440	18973440-22135680	22135680-25297920	25297920-28460160	28460160-31622400	31622400-34784640	
Half Cvg Time Distribution----	23	24	1	24	18	4	0	0	0	1	0	
Transferred Photo Group-------	0-3162240	3162240-6324480	6324480-9486720	9486720-12648960	12648960-15811200	15811200-18973440	18973440-22135680	22135680-25297920	25297920-28460160	28460160-31622400	31622400-34784640	
Photo Time Distribution-------	3470	765	452	1914	1728	330	334	2831	264	469	0	

Cvg&Red Distribution----------	2.0	9486720.0	1.897344E7	2.846016E7	3162240.0	6324480.0	1.264896E7	2.529792E7	2.213568E7	1.58112E7	3.16224E7	
Average PhotoNum--------------	20.504424778761063	20.716814159292035	21.13716814159292	21.557522123893804	20.553097345132745	20.63716814159292	21.101769911504423	21.52654867256637	21.23008849557522	21.194690265486727	21.72566371681416	
Nodes Above Average-----------	117	116	108	108	115	115	106	108	108	109	110	
Nodes Below Average-----------	109	110	118	118	111	111	120	118	118	117	116	

Average Coverage--------------	1208.2212389380531	1218.632743362832	1242.287610619469	1266.6061946902655	1210.4513274336284	1214.5353982300885	1240.2079646017698	1264.4823008849557	1247.424778761062	1245.4380530973451	1275.8362831858408	
Nodes Above Average-----------	117	116	118	108	115	115	117	108	117	120	110	
Nodes Below Average-----------	109	110	108	118	111	111	109	118	109	106	116	
Photos Above Average----------	26	27	28	29	26	26	27	29	28	27	29	
Photos Below Average----------	14	14	13	14	14	14	13	14	13	13	14	
Network Coverage--------------	35991	35987	35987	35987	35987	35987	35987	35987	35987	35987	35987	

Average Redundancy------------	22.04424778761062	24.376106194690266	25.942477876106196	26.845132743362832	22.734513274336283	23.694690265486727	25.898230088495577	27.11061946902655	26.38053097345133	26.243362831858406	27.70353982300885	
Nodes Above Average-----------	79	79	81	84	81	81	80	84	82	80	85	
Nodes Below Average-----------	147	147	145	142	145	145	146	142	144	146	141	
Photos Above Average----------	24	25	26	27	25	25	26	27	27	26	28	
Photos Below Average----------	18	18	17	17	17	17	18	17	17	18	17	
Network Redundancy------------	242049	244933	250633	256333	242713	243853	250153	255913	251893	251413	258613	

