Message stats for scenario S_5-Photo_5000-Scenario_6-ActualPOI_50
sim_time: 31622400.0000

Photo List Size: 1519
coverageValue-----------------	217	359	304	339	343	360	352	235	341	348	351	322	318	332	360	296	349	360	360	360	324	345	345	348	346	343	344	243	297	332	298	313	319	360	315	345	360	352	360	360	360	322	252	297	355	246	360	310	360	360	320	360	326	360	344	338	289	346	360	338	221	342	310	343	307	278	355	344	347	353	350	285	297	360	360	309	355	356	360	360	335	360	306	303	359	356	360	303	314	291	349	296	286	360	325	360	358	294	320	337	
redundantCoverageValue--------	323	541	536	561	797	480	728	365	559	672	489	518	402	508	600	424	731	660	780	840	216	555	435	552	1034	557	556	417	423	508	422	587	341	1020	405	855	660	668	660	900	540	638	168	483	425	174	240	410	480	960	280	480	454	660	856	562	251	674	720	502	379	498	470	737	653	802	545	436	553	967	310	435	723	720	840	591	425	604	840	780	505	1140	654	477	901	184	720	597	406	129	611	364	254	600	575	480	1262	306	400	683	
halfCoverageTime--------------	12059077.0	1953071.0	4205616.0	4023346.0	1968336.0	10868266.0	1483892.0	3951044.0	8344488.0	1500270.0	10682606.0	10682776.0	11127371.0	11127484.0	1494368.0	3951080.0	490388.0	3719520.0	4013748.0	10682110.0	11127991.0	4023294.0	12323050.0	4023288.0	1495301.0	4205610.0	4205660.0	12854556.0	19748324.0	11127360.0	12059043.0	4014582.0	13201574.0	757880.0	10682550.0	3949531.0	4013702.0	1017679.0	10682502.0	10682738.0	10682594.0	4805100.0	10682612.0	4013606.0	10682420.0	11199608.0	11127366.0	11127604.0	1494300.0	2026144.0	13607020.0	10682462.0	10682230.0	9971176.0	382414.0	4205567.0	4205627.0	12060160.0	1512740.0	10682100.0	13203735.0	3949526.0	11401173.0	3719526.0	4023334.0	3951095.0	1968342.0	1953060.0	3951115.0	1241042.0	10682578.0	10682324.0	12059980.0	3719538.0	757973.0	490376.0	10682456.0	757962.0	757932.0	10682191.0	4023352.0	10682628.0	11127969.0	14319538.0	4205670.0	12613392.0	10682116.0	1953042.0	5227444.0	10682882.0	9971158.0	3951050.0	11974256.0	4292990.0	8344505.0	4805110.0	4014588.0	12566036.0	11280786.0	4023252.0	
numberOfPoint-----------------	1	1	1	1	1	1	1	1	1	1	1	1	1	1	1	1	1	1	1	1	1	1	1	1	1	1	1	1	1	1	1	1	1	1	1	1	1	1	1	1	1	1	1	1	1	1	1	1	1	1	2	1	1	2	1	3	1	4	1	1	1	0	1	1	2	2	3	2	1	2	1	2	2	2	3	2	1	2	2	2	1	2	2	2	1	2	2	2	2	1	3	1	1	2	1	2	3	0	2	2	
standardDeviation-------------	.0	.0	.0	.0	.0	.0	.0	.0	.0	.0	.0	.0	.0	.0	.0	.0	.0	.0	.0	.0	.0	.0	.0	.0	.0	.0	.0	.0	.0	.0	.0	.0	.0	.0	.0	.0	.0	.0	.0	.0	.0	.0	.0	.0	.0	.0	.0	.0	.0	.0	6.34	.85	3.79	5.71	2.16	9.22	4.74	9.94	1.49	5.61	1.79	.0	3.09	4.28	6.38	9.29	9.6	7.39	6.59	9.11	1.77	6.53	5.7	4.37	6.65	7.17	12.06	8.26	5.85	8.02	1.62	7.05	8.7	6.67	1.41	11.51	9.69	5.96	6.91	7.56	8.27	7.71	6.6	8.88	7.1	5.69	7.74	.0	6.96	8.26	
initialCoverageValue----------	353	360	360	360	360	360	360	360	360	360	360	360	360	360	360	360	360	360	360	360	360	360	360	360	360	360	360	360	360	360	360	360	360	360	360	360	360	360	360	360	360	360	360	360	360	360	360	360	360	360	360	360	360	360	360	360	360	360	360	360	360	360	360	360	360	360	360	360	360	360	360	360	360	360	360	360	360	360	360	360	360	360	360	360	360	360	360	360	360	360	360	360	349	360	360	360	360	360	360	360	
initialRedundantCoverageValue-	1447	2580	2280	2760	2820	3120	2580	1740	3180	2460	2940	2040	2100	2520	2160	2340	3000	2880	3000	2700	1500	2580	2580	2220	3000	2400	2520	2640	2100	2100	2040	1980	3300	3360	2400	2820	2400	1920	3000	2580	2280	2520	1980	1860	2340	1920	1800	2040	2280	2160	1920	2340	2100	2640	2940	2580	2040	2880	2940	2220	1980	1860	2160	2100	3360	2340	2340	2220	2040	3120	1980	2640	2640	2820	2340	2220	2220	2460	2460	2940	2400	2580	2340	2040	2520	1980	2760	2460	1920	1860	2760	2880	1871	2220	3180	3060	2880	1860	2520	2880	
additionalPoiTime-------------	93600.6
algorithmTime-----------------	3.652607414E8
serverTime--------------------	1.56469003E7
Total Transferred Metadata----	8643

Photo List Size: 1519
Gained Coverage %-------------	0.9177366461008282
Gained Redundancy %-----------	0.23366162301812587
Total Cluster Created---------	0
Total Transferred Photo-------	12177
Total Photo at Destination----	1521
Coverage Group----------------	1-30	31-60	61-90	91-120	121-150	151-180	181-210	211-240	241-270	271-300	301-330	331-360	
Coverage Distribution---------	0	0	0	0	0	0	0	3	3	12	20	62	
Ratio Group-------------------	.0	.1	.2	.3	.4	.5	.6	.7	.8	.9	1.0	
Coverage Ratio----------------	0	0	0	0	0	0	0	6	2	28	64	
Redundant Ratio---------------	0	4	26	55	12	3	0	0	0	0	0	
NumberOfPoint Group-----------	0	1	2	3	4	
NumOfPoint Distribution-------	2	18	24	5	1	
SD Group----------------------	0-1	1-2	2-3	3-4	4-5	5-6	6-7	7-8	8-9	9-10	10-11	11-12	12-13	
SD Distribution---------------	53	5	1	2	3	6	9	7	6	6	0	1	1	
Half Coverage Group-----------	0-3162240	3162240-6324480	6324480-9486720	9486720-12648960	12648960-15811200	15811200-18973440	18973440-22135680	22135680-25297920	25297920-28460160	28460160-31622400	31622400-34784640	
Half Cvg Time Distribution----	21	31	2	40	5	0	1	0	0	0	0	
Transferred Photo Group-------	0-3162240	3162240-6324480	6324480-9486720	9486720-12648960	12648960-15811200	15811200-18973440	18973440-22135680	22135680-25297920	25297920-28460160	28460160-31622400	31622400-34784640	
Photo Time Distribution-------	3628	2394	1058	4572	6235	2870	2239	2351	528	2066	0	

Cvg&Red Distribution----------	2.0	9486720.0	1.897344E7	2.846016E7	3162240.0	6324480.0	1.264896E7	2.529792E7	2.213568E7	1.58112E7	3.16224E7	
Average PhotoNum--------------	20.401785714285715	22.549107142857142	25.575892857142858	26.1875	21.866071428571427	22.379464285714285	23.723214285714285	26.147321428571427	26.026785714285715	25.370535714285715	26.741071428571427	
Nodes Above Average-----------	115	107	109	108	112	106	107	107	106	107	114	
Nodes Below Average-----------	109	117	115	116	112	118	117	117	118	117	110	

Average Coverage--------------	1202.2232142857142	1325.5625	1500.6026785714287	1535.232142857143	1286.6607142857142	1315.8973214285713	1393.6830357142858	1533.2142857142858	1526.6607142857142	1489.111607142857	1566.4375	
Nodes Above Average-----------	115	106	108	111	108	108	104	110	111	110	112	
Nodes Below Average-----------	109	118	116	113	116	116	120	114	113	114	112	
Photos Above Average----------	26	30	36	36	29	30	33	36	36	35	37	
Photos Below Average----------	14	14	15	15	14	14	15	15	15	15	16	
Network Coverage--------------	35970	35970	35963	35953	35970	35970	35970	35953	35963	35963	35953	

Average Redundancy------------	21.883928571428573	27.383928571428573	33.950892857142854	36.017857142857146	25.303571428571427	26.870535714285715	29.709821428571427	35.625	34.94642857142857	33.120535714285715	38.026785714285715	
Nodes Above Average-----------	79	80	89	93	81	81	84	94	92	88	93	
Nodes Below Average-----------	145	144	135	131	143	143	140	130	132	136	131	
Photos Above Average----------	23	28	32	33	27	28	30	33	33	32	34	
Photos Below Average----------	18	19	20	21	18	19	19	20	20	20	21	
Network Redundancy------------	238230	267090	307777	316007	257910	264810	282870	315467	313837	305017	323447	

