Message stats for scenario S_5-Photo_5000-Scenario_7-ActualPOI_50
sim_time: 31622400.0000

Photo List Size: 4546
coverageValue-----------------	313	337	284	265	320	326	152	341	349	333	269	342	302	330	232	360	280	346	322	321	311	335	301	360	328	326	359	348	278	360	353	343	305	316	324	312	340	345	318	360	350	298	319	347	256	290	269	347	319	244	360	360	338	360	314	339	350	342	290	360	351	330	233	328	334	343	360	332	360	351	340	321	360	288	303	356	212	355	357	275	305	360	352	357	339	255	313	292	335	360	360	360	316	336	360	337	355	360	358	306	
redundantCoverageValue--------	467	623	196	275	340	154	148	559	491	507	151	738	598	450	128	660	320	674	938	519	349	385	299	600	632	514	541	552	262	720	727	497	775	584	216	468	500	555	402	480	310	362	281	433	404	370	391	373	161	356	540	600	502	600	646	621	670	498	790	540	609	390	67	332	866	617	1200	808	600	909	740	699	600	252	177	964	628	605	663	385	835	600	668	843	801	225	707	548	625	360	720	960	644	504	840	683	725	1020	482	654	
halfCoverageTime--------------	14320554.0	1953076.0	10682892.0	12581022.0	11127489.0	13278384.0	.0	10682302.0	10682324.0	12665004.0	4014570.0	10682718.0	10683002.0	10682434.0	13377554.0	10868290.0	10682676.0	11127580.0	4013760.0	12567368.0	12059975.0	12574280.0	4293019.0	3951085.0	10683066.0	10682670.0	3719490.0	4205567.0	19698229.0	4799231.0	10682984.0	1495317.0	1953110.0	14406569.0	12060052.0	10682186.0	3951090.0	4293024.0	10682996.0	1968384.0	10682374.0	12651482.0	11798102.0	3951074.0	11127986.0	10682164.0	11974256.0	11451300.0	10682502.0	9971206.0	10682220.0	1261014.0	501336.0	1953098.0	9971170.0	3949536.0	6791308.0	10682646.0	4013724.0	3951068.0	757857.0	10682250.0	13227648.0	1953104.0	3719526.0	1431180.0	147349.0	10682146.0	1968358.0	4205556.0	142030.0	1261030.0	10682634.0	11127400.0	12566054.0	4014536.0	8344505.0	1495312.0	147400.0	10682336.0	1499760.0	1968364.0	1440174.0	4014542.0	1953060.0	10682730.0	490418.0	11974374.0	9971200.0	10682290.0	2026144.0	757836.0	10682134.0	5227432.0	3949520.0	10682116.0	1968318.0	4205632.0	1494356.0	10868254.0	
numberOfPoint-----------------	1	1	1	1	1	1	1	1	1	1	1	1	1	1	1	1	1	1	1	1	1	1	1	1	1	1	1	1	1	1	1	1	1	1	1	1	1	1	1	1	1	1	1	1	1	1	1	1	1	1	3	2	2	3	2	3	2	2	3	7	3	1	3	3	5	3	6	2	2	2	1	1	1	3	1	2	2	2	2	2	7	3	3	3	6	2	4	3	9	5	6	7	2	2	2	12	2	3	6	1	
standardDeviation-------------	.0	.0	.0	.0	.0	.0	.0	.0	.0	.0	.0	.0	.0	.0	.0	.0	.0	.0	.0	.0	.0	.0	.0	.0	.0	.0	.0	.0	.0	.0	.0	.0	.0	.0	.0	.0	.0	.0	.0	.0	.0	.0	.0	.0	.0	.0	.0	.0	.0	.0	5.91	5.66	8.35	8.21	6.8	7.85	4.6	3.43	7.66	6.9	8.16	3.4	10.68	7.76	6.59	1.57	6.64	5.56	6.42	6.13	1.8	3.74	3.85	6.93	3.79	5.44	9.18	6.93	5.21	6.31	7.45	8.49	6.99	10.67	6.83	5.83	6.0	8.35	5.99	5.79	6.83	6.46	5.26	6.57	6.34	6.94	4.62	11.05	8.82	5.84	
initialCoverageValue----------	360	360	360	360	360	360	360	360	360	360	360	360	356	360	360	360	360	360	360	360	360	360	360	360	360	360	360	360	360	360	360	360	360	360	360	360	360	360	360	360	360	360	360	360	360	360	360	360	360	360	360	360	360	360	360	360	360	360	360	360	360	360	360	360	360	360	360	360	360	360	360	360	360	360	360	360	360	360	360	360	360	360	360	360	360	360	360	360	360	360	360	360	360	360	360	360	360	360	360	360	
initialRedundantCoverageValue-	2160	2640	1740	2340	1620	2100	1740	2340	2640	2700	1980	2340	2404	2280	1920	3000	2460	2040	3240	2940	2940	2580	2340	1980	2280	2100	2400	2820	2100	3120	2520	2040	2400	2160	2340	3060	2580	2820	2700	2880	2580	2400	1860	2700	2700	2340	2100	2640	2460	2100	2400	2160	2340	2460	2160	2820	2160	2040	3000	2400	2400	2520	2040	1740	2460	2280	2400	3420	2160	2700	2460	2340	2400	2220	1740	2760	2040	2700	2100	2700	2520	2880	2640	2580	3060	2160	2340	2460	2040	1920	1980	2940	2640	2580	2340	2820	2520	3180	2580	2580	
additionalPoiTime-------------	9.477840755E8
algorithmTime-----------------	8.14637222E7
serverTime--------------------	1.50228963E7
Total Transferred Metadata----	14874

Photo List Size: 4546
Gained Coverage %-------------	0.9001833537059674
Gained Redundancy %-----------	0.22226109720758694
Total Cluster Created---------	50
Total Transferred Photo-------	3242
Total Photo at Destination----	1467
Coverage Group----------------	1-30	31-60	61-90	91-120	121-150	151-180	181-210	211-240	241-270	271-300	301-330	331-360	
Coverage Distribution---------	0	0	0	0	0	1	0	3	6	9	27	54	
Ratio Group-------------------	.0	.1	.2	.3	.4	.5	.6	.7	.8	.9	1.0	
Coverage Ratio----------------	0	0	0	0	0	1	1	3	10	25	60	
Redundant Ratio---------------	0	7	35	38	19	1	0	0	0	0	0	
NumberOfPoint Group-----------	0	1	2	3	4	5	6	7	8	9	10	11	12	
NumOfPoint Distribution-------	0	6	18	14	1	2	4	3	0	1	0	0	1	
SD Group----------------------	0-1	1-2	2-3	3-4	4-5	5-6	6-7	7-8	8-9	9-10	10-11	11-12	
SD Distribution---------------	50	2	0	5	2	10	17	4	6	1	2	1	
Half Coverage Group-----------	0-3162240	3162240-6324480	6324480-9486720	9486720-12648960	12648960-15811200	15811200-18973440	18973440-22135680	22135680-25297920	25297920-28460160	28460160-31622400	31622400-34784640	
Half Cvg Time Distribution----	25	20	2	44	7	0	1	0	0	0	0	
Transferred Photo Group-------	0-3162240	3162240-6324480	6324480-9486720	9486720-12648960	12648960-15811200	15811200-18973440	18973440-22135680	22135680-25297920	25297920-28460160	28460160-31622400	31622400-34784640	
Photo Time Distribution-------	3614	916	471	3104	2524	885	570	2851	267	584	0	

Cvg&Red Distribution----------	2.0	9486720.0	1.897344E7	2.846016E7	3162240.0	6324480.0	1.264896E7	2.529792E7	2.213568E7	1.58112E7	3.16224E7	
Average PhotoNum--------------	20.401785714285715	20.633928571428573	21.03125	21.178571428571427	20.464285714285715	20.535714285714285	21.013392857142858	21.102678571428573	20.919642857142858	20.995535714285715	21.245535714285715	
Nodes Above Average-----------	115	110	106	105	110	109	103	105	113	114	105	
Nodes Below Average-----------	109	114	118	119	114	115	121	119	111	110	119	

Average Coverage--------------	1201.169642857143	1215.200892857143	1235.8839285714287	1244.3392857142858	1205.0714285714287	1209.3705357142858	1236.232142857143	1240.3080357142858	1229.6026785714287	1233.5982142857142	1248.0625	
Nodes Above Average-----------	115	108	113	109	110	108	110	109	112	112	109	
Nodes Below Average-----------	109	116	111	115	114	116	114	115	112	112	115	
Photos Above Average----------	26	27	28	29	26	27	28	28	28	28	29	
Photos Below Average----------	14	14	13	13	14	14	14	13	13	13	13	
Network Coverage--------------	35979	35979	35976	35976	35979	35979	35976	35976	35976	35976	35976	

Average Redundancy------------	22.9375	22.834821428571427	25.991071428571427	26.375	22.785714285714285	22.772321428571427	24.571428571428573	25.852678571428573	25.575892857142858	26.133928571428573	26.669642857142858	
Nodes Above Average-----------	83	80	87	85	81	81	84	85	86	84	87	
Nodes Below Average-----------	141	144	137	139	143	143	140	139	138	140	137	
Photos Above Average----------	23	24	26	27	23	23	25	26	26	26	27	
Photos Below Average----------	18	18	17	17	18	18	18	17	17	17	17	
Network Redundancy------------	238221	241341	246684	248664	239061	240021	246444	247644	245184	246204	249564	

