Message stats for scenario S_5-Photo_5000-Scenario_8-ActualPOI_50
sim_time: 31622400.0000

Photo List Size: 1555
coverageValue-----------------	360	321	360	341	338	328	307	349	316	360	333	350	360	308	360	318	360	297	352	360	323	360	360	290	331	351	342	360	344	360	310	338	360	360	352	360	351	354	360	360	360	360	292	355	353	360	360	360	360	360	323	317	346	311	290	225	323	300	313	356	267	313	307	348	287	343	294	242	331	273	356	196	259	322	360	291	345	242	221	358	285	345	325	339	279	294	338	235	292	289	304	220	336	348	267	299	308	300	327	340	
redundantCoverageValue--------	840	579	1020	799	982	872	413	671	764	660	387	1030	960	592	900	522	840	1023	488	1020	637	1020	960	370	629	909	498	660	736	1140	590	682	960	840	668	720	909	786	960	1020	900	960	488	785	967	1380	600	1020	1020	960	277	463	434	349	370	255	97	540	287	724	273	227	533	432	133	317	546	178	629	387	664	284	281	398	480	309	495	238	139	722	75	555	335	501	381	246	202	245	308	131	416	200	384	672	153	181	292	660	273	620	
halfCoverageTime--------------	4023264.0	4013876.0	757902.0	4205588.0	1968312.0	10682226.0	11127536.0	10682428.0	10682826.0	8344494.0	1495312.0	1494356.0	10682220.0	1500252.0	1083514.0	11974386.0	757857.0	1953076.0	3951044.0	4205642.0	1968306.0	1500246.0	4014536.0	5227432.0	10683242.0	4014611.0	147430.0	6258812.0	4205556.0	1494368.0	4205572.0	9971182.0	4013582.0	1500287.0	10682934.0	490412.0	10682474.0	9971170.0	1431180.0	10682196.0	1509679.0	757880.0	9971218.0	1968330.0	2646734.0	3719484.0	11974398.0	757956.0	757808.0	382408.0	3949520.0	3719526.0	3949536.0	10682664.0	11280756.0	14319498.0	12323538.0	10682791.0	11974290.0	6791314.0	12323462.0	11207514.0	10683290.0	1440198.0	14320616.0	10682892.0	10682324.0	28384796.0	10868290.0	13193974.0	4023252.0	11974332.0	11127980.0	1509684.0	3950226.0	10682720.0	14141274.0	10868266.0	14406534.0	10682886.0	8344505.0	757908.0	12323527.0	10683278.0	12059970.0	10682191.0	10682122.0	10683078.0	11127631.0	12854644.0	4013736.0	30035876.0	4205605.0	4014752.0	3951105.0	4205714.0	10683312.0	10682238.0	12592202.0	10683231.0	
numberOfPoint-----------------	1	1	1	1	1	1	1	1	1	1	1	1	1	1	1	1	1	1	1	1	1	1	1	1	1	1	1	1	1	1	1	1	1	1	1	1	1	1	1	1	1	1	1	1	1	1	1	1	1	1	1	1	1	1	1	0	2	2	1	2	0	1	2	3	1	2	2	1	1	1	4	1	1	1	1	2	1	1	1	2	1	2	1	1	2	1	2	1	2	0	3	1	1	3	1	2	2	2	1	2	
standardDeviation-------------	.0	.0	.0	.0	.0	.0	.0	.0	.0	.0	.0	.0	.0	.0	.0	.0	.0	.0	.0	.0	.0	.0	.0	.0	.0	.0	.0	.0	.0	.0	.0	.0	.0	.0	.0	.0	.0	.0	.0	.0	.0	.0	.0	.0	.0	.0	.0	.0	.0	.0	3.62	2.47	1.5	5.6	4.65	.0	5.63	8.86	4.64	5.14	.0	10.5	5.93	8.97	7.36	7.75	9.4	.71	3.77	4.44	8.13	7.73	4.43	5.3	4.31	6.46	3.11	1.75	7.92	6.65	3.06	5.37	2.33	1.84	9.72	9.22	11.28	2.37	9.37	.0	7.71	.57	5.95	7.38	4.25	7.37	5.37	6.57	9.3	6.32	
initialCoverageValue----------	360	360	360	360	360	360	360	360	360	360	360	360	360	360	360	360	360	360	352	360	360	360	360	360	360	360	360	360	360	360	360	360	360	360	360	360	360	360	360	360	360	360	360	360	360	360	360	360	360	360	360	355	360	360	360	360	360	360	360	360	360	360	360	360	360	360	360	360	360	360	360	360	360	360	360	360	360	360	360	360	360	360	360	360	360	360	360	360	360	360	360	360	360	360	360	360	360	360	360	360	
initialRedundantCoverageValue-	2340	2160	2580	2520	2220	2280	1800	1980	2400	2280	2160	2700	2100	2100	2520	1320	2220	2220	2168	2460	2280	2940	2820	1860	2400	2580	2280	2040	2340	2760	1980	2040	2700	2520	2400	1980	2520	2340	2340	2940	2520	2220	2400	2280	2340	3000	1800	2340	3060	2160	2160	2345	2640	2760	3000	1980	2340	2880	2400	2520	3180	2160	2520	2220	3120	2520	2460	1980	2700	2400	2340	1920	2880	3060	2580	2520	2520	2100	2700	2880	2460	2040	2760	2640	2520	2460	2940	2460	2220	2580	2460	2880	2700	2400	2100	2160	2880	2340	2280	2820	
additionalPoiTime-------------	249601.6
algorithmTime-----------------	3.9100038138408E10
serverTime--------------------	5928038.0
Total Transferred Metadata----	7594

Photo List Size: 1555
Gained Coverage %-------------	0.8990190902270264
Gained Redundancy %-----------	0.24084371766703902
Total Cluster Created---------	0
Total Transferred Photo-------	110578
Total Photo at Destination----	1603
Coverage Group----------------	1-30	31-60	61-90	91-120	121-150	151-180	181-210	211-240	241-270	271-300	301-330	331-360	
Coverage Distribution---------	0	0	0	0	0	0	1	4	5	16	20	54	
Ratio Group-------------------	.0	.1	.2	.3	.4	.5	.6	.7	.8	.9	1.0	
Coverage Ratio----------------	0	0	0	0	0	0	1	6	7	29	57	
Redundant Ratio---------------	0	14	28	21	26	11	0	0	0	0	0	
NumberOfPoint Group-----------	0	1	2	3	4	
NumOfPoint Distribution-------	3	27	16	3	1	
SD Group----------------------	0-1	1-2	2-3	3-4	4-5	5-6	6-7	7-8	8-9	9-10	10-11	11-12	
SD Distribution---------------	55	3	3	4	6	8	4	7	3	5	1	1	
Half Coverage Group-----------	0-3162240	3162240-6324480	6324480-9486720	9486720-12648960	12648960-15811200	15811200-18973440	18973440-22135680	22135680-25297920	25297920-28460160	28460160-31622400	31622400-34784640	
Half Cvg Time Distribution----	25	23	3	41	6	0	0	0	1	1	0	
Transferred Photo Group-------	0-3162240	3162240-6324480	6324480-9486720	9486720-12648960	12648960-15811200	15811200-18973440	18973440-22135680	22135680-25297920	25297920-28460160	28460160-31622400	31622400-34784640	
Photo Time Distribution-------	36410	16193	13602	26158	33613	17352	12271	12375	7949	14461	0	

Cvg&Red Distribution----------	2.0	9486720.0	1.897344E7	2.846016E7	3162240.0	6324480.0	1.264896E7	2.529792E7	2.213568E7	1.58112E7	3.16224E7	
Average PhotoNum--------------	20.401785714285715	31.723214285714285	36.607142857142854	37.455357142857146	29.151785714285715	30.767857142857142	33.986607142857146	37.267857142857146	36.83482142857143	35.736607142857146	38.450892857142854	
Nodes Above Average-----------	115	144	198	206	119	135	172	204	200	190	213	
Nodes Below Average-----------	109	80	26	18	105	89	52	20	24	34	11	

Average Coverage--------------	1204.28125	1845.6651785714287	2114.2589285714284	2164.40625	1698.7723214285713	1790.950892857143	1971.169642857143	2155.8258928571427	2131.6339285714284	2064.3035714285716	2219.5491071428573	
Nodes Above Average-----------	114	144	198	204	120	135	172	203	200	190	197	
Nodes Below Average-----------	110	80	26	20	104	89	52	21	24	34	27	
Photos Above Average----------	26	39	39	39	39	39	39	40	40	40	40	
Photos Below Average----------	14	17	10	11	17	17	14	10	10	11	27	
Network Coverage--------------	35979	35979	35979	35979	35979	35979	35979	35979	35979	35979	35979	

Average Redundancy------------	19.825892857142858	57.72767857142857	82.16964285714286	82.91517857142857	50.33482142857143	55.120535714285715	68.02678571428571	80.24553571428571	78.45535714285714	79.89285714285714	87.50446428571429	
Nodes Above Average-----------	79	101	103	102	104	93	103	105	100	107	106	
Nodes Below Average-----------	145	123	121	122	120	131	121	119	124	117	118	
Photos Above Average----------	24	38	39	40	36	37	39	40	40	40	40	
Photos Below Average----------	18	26	33	35	22	25	28	34	34	31	37	
Network Redundancy------------	238221	390381	456021	467421	355821	377541	420801	464901	459081	444321	480801	

