Message stats for scenario S_7-Photo_5000-Scenario_6-ActualPOI_50
sim_time: 31622400.0000

Photo List Size: 1920
coverageValue-----------------	360	360	341	353	324	360	350	322	347	360	288	360	359	315	351	360	354	339	345	360	348	360	287	344	360	353	360	314	360	295	360	360	300	360	321	352	355	332	348	360	327	254	347	340	360	335	331	359	312	298	360	350	340	360	336	360	360	360	353	360	353	281	360	326	281	360	360	320	345	309	360	349	360	339	360	346	360	332	348	360	261	333	360	349	349	356	336	357	360	355	360	360	360	360	352	360	349	299	353	306	
redundantCoverageValue--------	1500	780	559	1387	996	1020	550	758	733	1140	492	1380	901	405	789	900	786	801	915	780	552	660	493	736	960	967	1200	886	720	485	840	1260	360	1080	639	968	665	1048	612	480	993	166	793	620	1080	385	629	781	408	482	780	730	620	960	924	660	840	840	787	840	727	739	960	694	559	660	840	700	795	411	900	791	720	501	660	794	720	748	852	1320	399	687	840	491	791	604	504	783	840	905	1080	720	780	1140	1088	1140	791	421	847	774	
halfCoverageTime--------------	757962.0	4799226.0	10680686.0	3949531.0	10509274.0	4205594.0	3719520.0	1261025.0	1953054.0	10523534.0	10523522.0	4013600.0	757836.0	3949496.0	4014594.0	1953060.0	10519032.0	11127478.0	10682572.0	4299378.0	10682600.0	10510950.0	11128024.0	10510630.0	10510596.0	4205632.0	3951085.0	3719561.0	4292990.0	1440180.0	1953071.0	1968352.0	10682617.0	4014536.0	4205605.0	757852.0	4013708.0	4205610.0	10509354.0	10511134.0	138440.0	4023234.0	10511074.0	4014746.0	4023276.0	9971218.0	10511038.0	1968384.0	10509298.0	4013730.0	10682376.0	3951056.0	10519066.0	5227444.0	10868272.0	1953076.0	1500292.0	10510728.0	10680714.0	10510924.0	10510606.0	3951062.0	1495317.0	10509248.0	12060136.0	10510935.0	4292996.0	10523505.0	9971236.0	10510962.0	3951044.0	4013623.0	9971212.0	10511182.0	4293008.0	9971176.0	10681706.0	10509398.0	3951090.0	1494312.0	11527204.0	11979376.0	4023258.0	10509472.0	10510782.0	6791308.0	10762596.0	10510748.0	10511012.0	4013748.0	4013802.0	2646734.0	4205665.0	1440192.0	3719514.0	1017656.0	4205660.0	4805110.0	1495301.0	10682208.0	
numberOfPoint-----------------	1	1	1	1	1	1	1	1	1	1	1	1	1	1	1	1	1	1	1	1	1	1	1	1	1	1	1	1	1	1	1	1	1	1	1	1	1	1	1	1	1	1	1	1	1	1	1	1	1	1	1	0	1	1	1	1	2	2	2	2	2	2	1	2	1	4	2	2	0	2	1	1	4	1	2	2	1	1	1	1	1	2	1	3	1	2	1	3	1	2	3	2	4	2	2	1	2	2	2	1	
standardDeviation-------------	.0	.0	.0	.0	.0	.0	.0	.0	.0	.0	.0	.0	.0	.0	.0	.0	.0	.0	.0	.0	.0	.0	.0	.0	.0	.0	.0	.0	.0	.0	.0	.0	.0	.0	.0	.0	.0	.0	.0	.0	.0	.0	.0	.0	.0	.0	.0	.0	.0	.0	4.6	.0	6.4	2.94	7.48	3.54	7.13	8.14	6.74	7.37	5.72	9.25	2.55	6.81	2.57	9.44	4.6	5.43	.0	6.68	8.49	6.24	7.86	2.77	11.72	7.71	8.2	.42	4.72	2.01	13.55	6.86	6.75	8.67	5.26	10.07	3.01	9.88	1.39	5.84	9.02	10.76	9.49	7.38	7.4	1.13	6.57	10.06	10.39	1.7	
initialCoverageValue----------	360	360	360	360	360	360	360	360	360	360	360	360	360	360	360	360	360	360	360	360	360	360	360	360	360	360	360	360	360	360	360	360	360	360	360	360	360	360	360	360	360	360	360	360	360	360	360	360	360	360	360	360	360	360	360	360	360	360	360	360	360	360	360	360	360	360	360	360	360	360	360	360	360	360	360	360	360	360	360	360	360	360	360	360	360	360	360	360	360	360	360	360	360	360	360	360	360	360	360	360	
initialRedundantCoverageValue-	3240	2100	2940	3540	2640	2700	2940	2160	2340	3000	2040	2940	2520	2100	1980	2400	2460	2280	2100	2640	2880	1920	2340	2340	2700	3180	2520	1980	2400	2340	3060	3060	1500	2580	1860	1920	2460	3360	2100	2340	2460	1500	2820	2280	2700	2340	1920	2580	1920	1800	2400	2760	2520	2520	2640	2460	3060	2760	2220	2460	2700	2340	2460	3060	1920	2640	2340	2520	2520	1740	2220	2160	2100	2280	1980	2100	2340	2340	2460	3000	2100	2220	2280	1920	3000	1920	1560	2760	2520	3120	2580	2400	3120	2220	3060	2760	2700	1860	2400	2520	
additionalPoiTime-------------	62400.4
algorithmTime-----------------	7.514100167E8
serverTime--------------------	3.47258226E7
Total Transferred Metadata----	8742

Photo List Size: 1920
Gained Coverage %-------------	0.9506388888888889
Gained Redundancy %-----------	0.3202202571030869
Total Cluster Created---------	0
Total Transferred Photo-------	13567
Total Photo at Destination----	1960
Coverage Group----------------	1-30	31-60	61-90	91-120	121-150	151-180	181-210	211-240	241-270	271-300	301-330	331-360	
Coverage Distribution---------	0	0	0	0	0	0	0	0	2	8	11	79	
Ratio Group-------------------	.0	.1	.2	.3	.4	.5	.6	.7	.8	.9	1.0	
Coverage Ratio----------------	0	0	0	0	0	0	0	0	6	13	81	
Redundant Ratio---------------	0	0	7	33	46	12	2	0	0	0	0	
NumberOfPoint Group-----------	0	1	2	3	4	
NumOfPoint Distribution-------	2	21	21	3	3	
SD Group----------------------	0-1	1-2	2-3	3-4	4-5	5-6	6-7	7-8	8-9	9-10	10-11	11-12	12-13	13-14	
SD Distribution---------------	53	3	5	2	3	4	8	7	4	5	4	1	0	1	
Half Coverage Group-----------	0-3162240	3162240-6324480	6324480-9486720	9486720-12648960	12648960-15811200	15811200-18973440	18973440-22135680	22135680-25297920	25297920-28460160	28460160-31622400	31622400-34784640	
Half Cvg Time Distribution----	19	35	1	45	0	0	0	0	0	0	0	
Transferred Photo Group-------	0-3162240	3162240-6324480	6324480-9486720	9486720-12648960	12648960-15811200	15811200-18973440	18973440-22135680	22135680-25297920	25297920-28460160	28460160-31622400	31622400-34784640	
Photo Time Distribution-------	3628	2394	1058	6677	5774	2841	1945	2023	551	1993	0	

Cvg&Red Distribution----------	2.0	9486720.0	1.897344E7	2.846016E7	3162240.0	6324480.0	1.264896E7	2.529792E7	2.213568E7	1.58112E7	3.16224E7	
Average PhotoNum--------------	20.2972972972973	22.463963963963963	25.8018018018018	26.26126126126126	21.774774774774773	22.292792792792792	24.063063063063062	26.22072072072072	26.0990990990991	25.54954954954955	26.87837837837838	
Nodes Above Average-----------	113	105	111	108	110	104	102	107	106	109	115	
Nodes Below Average-----------	109	117	111	114	112	118	120	115	116	113	107	

Average Coverage--------------	1193.1981981981983	1315.0585585585586	1503.8918918918919	1529.0765765765766	1276.7297297297298	1306.7117117117118	1407.4324324324325	1526.882882882883	1520.3468468468468	1489.036036036036	1563.5495495495495	
Nodes Above Average-----------	113	111	107	109	110	111	107	108	109	110	114	
Nodes Below Average-----------	109	111	115	113	112	111	115	114	113	112	108	
Photos Above Average----------	26	30	36	36	29	30	33	36	36	35	37	
Photos Below Average----------	14	14	15	16	14	14	15	16	16	15	15	
Network Coverage--------------	36000	35991	35911	35911	35991	35991	35981	35911	35911	35911	35882	

Average Redundancy------------	24.63963963963964	32.77927927927928	44.21621621621622	46.5990990990991	29.756756756756758	30.855855855855857	36.351351351351354	46.36036036036036	45.5990990990991	43.93693693693694	49.153153153153156	
Nodes Above Average-----------	85	85	94	94	86	86	89	94	93	97	92	
Nodes Below Average-----------	137	137	128	128	136	136	133	128	129	125	130	
Photos Above Average----------	23	28	33	34	26	28	31	34	34	33	35	
Photos Below Average----------	18	18	19	20	18	18	19	20	20	19	21	
Network Redundancy------------	234360	263229	307769	313889	254049	260949	284539	313349	311729	304409	322138	

