Message stats for scenario S_7-Photo_5000-Scenario_8-ActualPOI_50
sim_time: 31622400.0000

Photo List Size: 1877
coverageValue-----------------	359	360	360	340	306	360	360	360	360	360	360	360	360	360	350	360	360	360	354	360	360	360	355	360	360	332	360	348	360	347	360	360	360	356	360	360	360	358	360	317	360	360	360	360	360	360	357	352	333	341	282	354	360	313	337	357	305	312	360	336	315	299	345	360	303	343	343	315	319	348	325	316	360	340	309	318	345	314	357	338	346	320	360	360	323	360	347	349	302	222	360	333	348	303	240	360	360	342	264	322	
redundantCoverageValue--------	1141	900	1080	320	474	840	900	720	1500	1380	720	1200	900	1140	550	1140	900	540	906	1080	780	1140	605	780	1200	868	1200	732	1140	913	1200	1140	1560	1084	840	1260	960	1202	900	1123	1380	1620	1200	1200	1140	1740	903	1088	627	919	438	726	900	287	443	363	295	708	900	504	585	361	795	540	357	437	617	525	281	672	335	344	480	500	651	402	435	526	603	622	1154	580	900	540	517	360	193	431	298	78	600	147	432	297	360	600	540	258	216	278	
halfCoverageTime--------------	4205720.0	490376.0	4014746.0	6258800.0	4205562.0	757880.0	1968312.0	4014588.0	1440216.0	3949502.0	3949514.0	1953025.0	1968324.0	3951056.0	10510678.0	757920.0	4013623.0	1968364.0	4013718.0	4205665.0	10525232.0	1431180.0	4014582.0	10511116.0	9971194.0	4013860.0	3951105.0	4014600.0	4014758.0	4014640.0	1440174.0	10511152.0	1953060.0	4014576.0	1953098.0	4804341.0	4205600.0	4014548.0	757825.0	3719561.0	4013730.0	1494306.0	6258806.0	4013754.0	126282.0	147338.0	4205730.0	10509514.0	11127980.0	382450.0	12566060.0	10509314.0	10510873.0	14343356.0	10525139.0	11127388.0	10510978.0	10510794.0	10510834.0	10525214.0	757852.0	11127466.0	11127510.0	10511140.0	11199596.0	10509392.0	10868278.0	10682256.0	16050798.0	10509348.0	10509226.0	1499760.0	10682122.0	10682304.0	12667545.0	10510846.0	11127382.0	4013802.0	11127631.0	10510690.0	4292990.0	10682181.0	4299384.0	10510868.0	10682292.0	3950220.0	10511588.0	12668867.0	12059877.0	11127531.0	10783254.0	10682330.0	10783196.0	11977219.0	10682082.0	3951095.0	4013724.0	757885.0	10868254.0	13193968.0	
numberOfPoint-----------------	1	1	1	1	1	1	1	1	1	1	1	1	1	1	1	1	1	1	1	1	1	1	1	1	1	1	1	1	1	1	1	1	1	1	1	1	1	1	1	1	1	1	1	1	1	1	1	1	1	1	1	1	3	2	3	3	1	3	2	3	1	1	1	2	1	1	1	1	1	2	2	1	1	2	2	3	2	1	2	4	3	2	2	1	1	2	2	2	1	1	2	1	2	1	2	1	1	1	1	2	
standardDeviation-------------	.0	.0	.0	.0	.0	.0	.0	.0	.0	.0	.0	.0	.0	.0	.0	.0	.0	.0	.0	.0	.0	.0	.0	.0	.0	.0	.0	.0	.0	.0	.0	.0	.0	.0	.0	.0	.0	.0	.0	.0	.0	.0	.0	.0	.0	.0	.0	.0	.0	.0	3.47	8.04	8.44	7.18	10.13	8.27	.51	6.87	6.47	8.87	8.81	7.77	4.32	4.99	4.17	1.77	4.36	3.11	5.56	4.97	8.13	7.9	2.33	5.2	5.08	10.19	6.52	1.42	5.57	8.69	8.85	9.67	10.34	6.17	4.7	5.0	5.46	5.68	5.19	4.92	6.96	7.92	6.19	7.2	8.38	11.48	1.87	3.54	4.07	10.24	
initialCoverageValue----------	359	360	360	360	360	360	360	360	360	360	360	360	360	360	360	360	360	360	360	360	360	360	360	360	360	360	360	360	360	360	360	360	360	360	360	360	360	360	360	360	360	360	360	360	360	360	360	360	360	360	360	360	360	360	360	360	360	360	360	360	360	360	360	360	360	360	360	360	360	360	360	360	360	360	360	360	360	360	360	360	360	360	360	360	360	360	360	360	360	360	360	360	360	360	360	360	360	360	360	360	
initialRedundantCoverageValue-	1741	2580	2640	1920	2340	2160	2700	1800	3540	3660	2340	2400	2400	2340	2400	2280	2160	1980	2400	3120	1620	2520	2520	2400	2580	2340	2220	2700	2400	1920	3120	2580	3120	2580	2760	2280	2040	2880	2640	2760	2940	3240	2880	2640	2820	3480	2220	2340	1740	2700	2400	2880	2580	1920	2520	2460	2160	2520	2760	2460	2760	1560	2880	2220	2520	2400	2700	2520	1980	1740	1860	2220	2040	2220	2280	2340	1800	2760	2520	2520	2400	2160	2880	2400	2940	1980	1800	2220	2100	2460	2040	1560	3000	1860	2400	3000	2160	1980	1920	2400	
additionalPoiTime-------------	327602.1
algorithmTime-----------------	3.9237497843856E10
serverTime--------------------	1.2792082E7
Total Transferred Metadata----	7578

Photo List Size: 1877
Gained Coverage %-------------	0.9498597183255091
Gained Redundancy %-----------	0.3106333224536339
Total Cluster Created---------	0
Total Transferred Photo-------	110282
Total Photo at Destination----	1892
Coverage Group----------------	1-30	31-60	61-90	91-120	121-150	151-180	181-210	211-240	241-270	271-300	301-330	331-360	
Coverage Distribution---------	0	0	0	0	0	0	0	2	1	2	19	76	
Ratio Group-------------------	.0	.1	.2	.3	.4	.5	.6	.7	.8	.9	1.0	
Coverage Ratio----------------	0	0	0	0	0	0	0	2	2	19	77	
Redundant Ratio---------------	0	2	25	24	20	26	2	1	0	0	0	
NumberOfPoint Group-----------	0	1	2	3	4	
NumOfPoint Distribution-------	0	24	18	7	1	
SD Group----------------------	0-1	1-2	2-3	3-4	4-5	5-6	6-7	7-8	8-9	9-10	10-11	11-12	
SD Distribution---------------	51	3	1	3	9	7	6	5	9	1	4	1	
Half Coverage Group-----------	0-3162240	3162240-6324480	6324480-9486720	9486720-12648960	12648960-15811200	15811200-18973440	18973440-22135680	22135680-25297920	25297920-28460160	28460160-31622400	31622400-34784640	
Half Cvg Time Distribution----	20	32	0	43	4	1	0	0	0	0	0	
Transferred Photo Group-------	0-3162240	3162240-6324480	6324480-9486720	9486720-12648960	12648960-15811200	15811200-18973440	18973440-22135680	22135680-25297920	25297920-28460160	28460160-31622400	31622400-34784640	
Photo Time Distribution-------	37715	16558	13331	25091	33654	17413	12409	12661	8076	14528	0	

Cvg&Red Distribution----------	2.0	9486720.0	1.897344E7	2.846016E7	3162240.0	6324480.0	1.264896E7	2.529792E7	2.213568E7	1.58112E7	3.16224E7	
Average PhotoNum--------------	20.2972972972973	31.72072072072072	36.57657657657658	37.42342342342342	29.15765765765766	30.765765765765767	33.93693693693694	37.229729729729726	36.7972972972973	35.689189189189186	38.427927927927925	
Nodes Above Average-----------	113	142	196	204	118	133	170	202	198	188	211	
Nodes Below Average-----------	109	80	26	18	104	89	52	20	24	34	11	

Average Coverage--------------	1190.9684684684685	1834.4954954954956	2102.472972972973	2148.7432432432433	1688.6981981981983	1778.918918918919	1958.7927927927929	2140.7297297297296	2113.0315315315315	2054.0	2207.846846846847	
Nodes Above Average-----------	118	142	195	202	118	133	170	199	197	188	198	
Nodes Below Average-----------	104	80	27	20	104	89	52	23	25	34	24	
Photos Above Average----------	25	39	40	40	39	39	39	40	40	40	40	
Photos Below Average----------	13	17	11	11	17	17	14	13	11	11	25	
Network Coverage--------------	35994	35994	35994	35994	35994	35994	35994	35994	35994	35994	35994	

Average Redundancy------------	26.86936936936937	68.74774774774775	92.12162162162163	96.66216216216216	60.76126126126126	67.02702702702703	77.42342342342343	93.05405405405405	94.80630630630631	87.35135135135135	97.82882882882883	
Nodes Above Average-----------	90	94	97	110	92	100	100	100	100	101	110	
Nodes Below Average-----------	132	128	125	112	130	122	122	122	122	121	112	
Photos Above Average----------	23	38	40	39	38	38	39	39	40	39	40	
Photos Below Average----------	17	26	33	34	22	24	29	34	34	32	36	
Network Redundancy------------	234366	386526	451206	462486	352386	373806	416046	459906	454146	439386	475866	

