Message stats for scenario 1000
sim_time: 10000.0000

Photo List Size: 1000
coverageValue-----------------	175	171	346	282	359	136	276	322	244	325	338	285	229	186	243	316	248	305	262	285	157	167	247	279	291	324	333	299	308	295	279	274	233	222	334	280	242	312	312	296	190	305	347	277	344	348	256	312	260	269	
halfCoverageTime--------------	.0	.0	2556.1	2758.1	3757.0	.0	2682.5	771.2	4454.5	2430.8	4227.2	5109.2	8277.1	8518.2	5869.4	4756.3	6926.5	4997.8	2079.9	3933.2	.0	.0	9548.6	5050.5	4380.0	3124.0	1051.7	4653.5	5803.4	2131.1	2357.2	3121.9	7790.2	3333.8	1981.0	2709.5	5745.4	6919.6	2276.9	4022.2	9571.0	2390.4	2297.1	4000.4	3212.3	2758.1	5044.9	2591.4	5552.3	2763.1	
redundantCoverageValue--------	125	9	194	198	421	104	264	158	236	95	202	135	71	54	117	164	232	115	98	255	83	253	53	141	249	216	267	61	412	245	201	266	187	138	206	80	238	228	348	124	50	175	253	203	196	372	284	228	160	271	
numberOfPoint-----------------	1	1	1	1	1	1	1	1	1	1	1	1	1	1	1	1	1	1	1	1	1	1	1	1	1	3	3	4	4	3	2	3	3	4	2	4	2	2	2	2	2	3	4	3	1	2	3	3	2	2	
standardDeviation-------------	.0	.0	.0	.0	.0	.0	.0	.0	.0	.0	.0	.0	.0	.0	.0	.0	.0	.0	.0	.0	.0	.0	.0	.0	.0	3.97	4.22	5.13	5.03	4.33	3.41	4.27	4.18	4.27	2.95	4.44	3.43	4.15	4.55	3.09	2.93	3.48	4.51	3.01	.92	2.99	3.73	4.84	4.28	3.02	
initialCoverageValue----------	345	352	346	336	360	294	357	360	358	346	347	360	346	360	330	360	360	359	360	360	343	360	360	354	340	351	360	336	353	360	327	360	360	303	350	317	353	360	360	345	336	360	360	320	360	348	341	336	354	324	
initialRedundantCoverageValue-	915	608	554	804	1200	546	1023	900	1202	1214	973	840	494	480	630	1080	900	1261	900	1080	617	660	960	726	860	729	840	624	967	720	873	1080	840	477	790	583	907	840	720	735	804	1200	660	760	780	1092	739	324	786	636	

Photo List Size: 1000
Coverage Group----------------	1-30	31-60	61-90	91-120	121-150	151-180	181-210	211-240	241-270	271-300	301-330	331-360	
Coverage Distribution---------	0	0	0	0	1	4	2	3	9	13	10	8	
Average Coverage--------------	274
Average Redundancy------------	188
Ratio Group-------------------	.0	.1	.2	.3	.4	.5	.6	.7	.8	.9	1.0	
Coverage Ratio----------------	0	0	0	0	0	4	3	6	10	16	11	
Redundant Ratio---------------	0	6	15	17	8	3	0	0	1	0	0	
NumberOfPoint Group-----------	0	1	2	3	4	
NumOfPoint Distribution-------	0	1	10	9	5	
SD Group----------------------	0-1	1-2	2-3	3-4	4-5	5-6	
SD Distribution---------------	1	0	3	8	11	2	
Half Coverage Group-----------	0-1000	1000-2000	2000-3000	3000-4000	4000-5000	5000-6000	6000-7000	7000-8000	8000-9000	9000-10000	
Half Cvg Time Distribution----	1	2	14	6	8	7	2	1	2	2	

