Message stats for scenario 2000
sim_time: 10000.0000

Photo List Size: 2000
coverageValue-----------------	283	223	346	267	339	197	258	238	270	297	269	185	160	297	257	327	197	207	309	200	290	235	254	360	266	360	237	242	224	281	316	321	339	325	248	314	336	266	360	258	244	321	290	309	206	311	281	202	180	335	
halfCoverageTime--------------	2079.9	5507.6	2077.8	5029.8	1585.3	3333.5	5803.4	5419.4	4365.6	3467.3	4491.2	5867.3	.0	3577.8	2031.0	3457.7	6677.7	5745.4	8641.7	2670.7	6550.6	9889.5	8875.2	2276.9	1290.5	2758.1	7807.0	5077.7	5717.2	6702.6	1713.9	2328.3	1981.0	3469.2	4454.5	2033.1	4227.2	5864.3	2695.3	7535.9	7113.7	2589.3	5505.5	5288.7	5050.5	1296.2	3306.3	3214.4	6209.5	369.1	
redundantCoverageValue--------	197	257	314	153	141	103	162	62	150	243	151	55	140	123	223	93	43	33	291	220	190	125	46	240	214	180	63	298	76	199	344	339	441	275	172	226	264	274	300	102	116	459	70	171	214	229	199	98	60	325	
numberOfPoint-----------------	1	1	1	1	1	1	1	1	1	1	1	1	1	1	1	1	1	1	1	1	1	1	1	1	1	1	4	4	1	1	3	3	4	4	6	2	3	4	3	4	3	3	4	3	3	1	4	2	4	1	
standardDeviation-------------	.0	.0	.0	.0	.0	.0	.0	.0	.0	.0	.0	.0	.0	.0	.0	.0	.0	.0	.0	.0	.0	.0	.0	.0	.0	.32	4.36	4.87	.81	.22	3.01	4.41	4.4	4.22	5.52	4.12	4.13	5.45	4.72	4.1	4.84	4.46	4.93	3.23	4.46	.36	4.63	2.59	4.9	.58	
initialCoverageValue----------	360	360	360	360	360	360	350	360	360	360	360	360	360	360	360	360	360	360	360	360	360	360	360	360	360	360	360	360	360	360	360	360	360	360	360	360	360	354	360	360	360	360	360	360	360	360	360	360	360	360	
initialRedundantCoverageValue-	1920	1680	2040	1440	2340	1320	2110	1560	2160	1860	2040	1680	1500	1920	1860	2040	1620	1800	2160	1800	2400	1980	1980	2040	1680	1680	2460	2160	1680	1860	2160	1380	2280	2460	1680	2340	2580	1446	2220	2040	2160	1680	1620	2400	1500	1560	1560	1980	2100	1860	

Photo List Size: 2000
Coverage Group----------------	1-30	31-60	61-90	91-120	121-150	151-180	181-210	211-240	241-270	271-300	301-330	331-360	
Coverage Distribution---------	0	0	0	0	0	2	7	5	12	7	9	8	
Average Coverage--------------	272
Average Redundancy------------	189
Ratio Group-------------------	.0	.1	.2	.3	.4	.5	.6	.7	.8	.9	1.0	
Coverage Ratio----------------	0	0	0	0	0	2	7	8	12	11	10	
Redundant Ratio---------------	0	24	24	2	0	0	0	0	0	0	0	
NumberOfPoint Group-----------	0	1	2	3	4	5	6	
NumOfPoint Distribution-------	0	5	2	8	9	0	1	
SD Group----------------------	0-1	1-2	2-3	3-4	4-5	5-6	
SD Distribution---------------	5	0	1	2	15	2	
Half Coverage Group-----------	0-1000	1000-2000	2000-3000	3000-4000	4000-5000	5000-6000	6000-7000	7000-8000	8000-9000	9000-10000	
Half Cvg Time Distribution----	1	5	10	7	4	12	4	3	2	1	

