Message stats for scenario 250
sim_time: 10000.0000

Photo List Size: 250
coverageValue-----------------	234	154	60	184	219	203	311	228	259	143	314	218	225	220	270	120	259	332	94	267	276	213	180	180	153	266	173	196	278	226	60	135	149	60	208	167	286	141	275	162	199	221	163	284	139	310	249	60	271	198	
halfCoverageTime--------------	1281.8	.0	.0	1714.6	5875.5	2691.3	3266.7	2707.4	3086.3	.0	2466.1	5288.7	5620.4	6917.5	4102.2	.0	3248.8	2760.0	.0	2390.4	4358.2	2179.7	4356.1	5862.9	.0	1772.7	.0	1967.3	4227.2	4103.6	.0	.0	.0	.0	3300.8	.0	2709.5	.0	2017.1	.0	2758.3	1978.6	.0	2297.1	.0	2082.0	2397.1	.0	2373.3	2328.3	
redundantCoverageValue--------	66	26	0	56	21	97	49	132	161	97	166	142	135	20	90	0	101	88	86	33	144	147	0	0	27	214	67	44	142	14	0	45	31	0	92	13	134	99	145	18	41	79	17	76	101	230	51	0	89	42	
numberOfPoint-----------------	1	1	1	1	1	1	1	1	1	1	1	1	1	1	1	1	1	1	1	1	1	1	1	1	1	2	1	1	2	3	1	2	2	1	2	1	2	1	3	3	2	1	2	1	2	3	2	1	1	1	
standardDeviation-------------	.0	.0	.0	.0	.0	.0	.0	.0	.0	.0	.0	.0	.0	.0	.0	.0	.0	.0	.0	.0	.0	.0	.0	.0	.0	2.57	.42	.32	3.52	4.95	1.51	3.82	4.42	1.5	3.15	.72	3.31	3.3	5.34	4.33	4.99	1.3	2.92	1.5	4.05	4.03	3.62	4.1	1.98	1.02	
initialCoverageValue----------	234	154	60	184	219	203	311	228	262	143	314	218	225	220	270	120	259	332	123	267	276	213	180	180	153	266	173	196	278	226	60	135	149	60	208	167	286	141	324	162	199	221	163	284	139	310	249	60	271	224	
initialRedundantCoverageValue-	66	86	0	56	21	97	49	132	218	97	346	142	135	20	90	0	101	268	117	33	204	147	0	0	87	214	67	44	142	14	0	45	31	0	92	73	134	99	276	18	41	79	17	76	101	230	51	0	89	256	

Photo List Size: 250
Coverage Group----------------	1-30	31-60	61-90	91-120	121-150	151-180	181-210	211-240	241-270	271-300	301-330	331-360	
Coverage Distribution---------	0	4	0	2	5	8	6	9	6	6	3	1	
Average Coverage--------------	203
Average Redundancy------------	73
Ratio Group-------------------	.0	.1	.2	.3	.4	.5	.6	.7	.8	.9	1.0	
Coverage Ratio----------------	0	0	0	0	0	0	0	0	1	2	47	
Redundant Ratio---------------	0	0	2	0	3	1	1	0	3	0	33	
NumberOfPoint Group-----------	0	1	2	3	
NumOfPoint Distribution-------	0	11	10	4	
SD Group----------------------	0-1	1-2	2-3	3-4	4-5	5-6	
SD Distribution---------------	3	6	2	6	7	1	
Half Coverage Group-----------	0-1000	1000-2000	2000-3000	3000-4000	4000-5000	5000-6000	6000-7000	7000-8000	8000-9000	9000-10000	
Half Cvg Time Distribution----	0	5	14	4	5	4	1	0	0	0	

