13
14
17
118
178
163
170
161
115
180
1
140
22
73
2
160
77
23
0
113
145
27
174
31
84
141
10
8
162
47
16
3
24
85
71
167
15
45
21
7
76
116
126
169
11
195
56
151
5
18
49
214
177
64
138
72
29
38
20
26
217
46
35
175
189
137
190
129
101
37
81
173
144
158
6
146
75
4
183
9
186
197
142
30
70
25
168
19
41
95
135
50
159
117
136
164
82
150
109
55
193
139
130
94
42
93
192
166
207
68
103
114
96
184
157
123
98
12
112
149
97
156
212
121
58
111
110
105
44
191
34
153
108
165
33
154
52
43
32
131
208
181
182
124
203
204
74
69
202
143
132
218
172
147
99
134
185
152
78
28
200
125
201
54
83
90
86
104
107
66
171
59
89
148
57
198
63
51
36
120
87
62
194
127
48
60
65
176
100
128
196
155
228
122
67
92
53
133
79
102
206
40
39
209
225
215
179
61
91
211
205
216
213
224
227
220
88
187
210
80
119
219
221
226
