0 72980 86400
1 2670 75060
2 49050 58910
3 6360 77060
4 49980 71680
5 27990 67200
6 28200 76250
7 43920 82110
8 10840 25590
9 30510 85870
10 33900 73680
11 32750 74470
12 36510 65120
13 18750 86400
14 49130 67570
15 29310 65760
16 27180 62320
17 34020 61800
18 26160 61770
19 28470 77640
20 31840 81110
21 4470 70520
22 32700 80950
23 9430 84500
24 29010 65140
25 49980 72270
26 27320 65820
27 51050 78370
28 570 77540
29 4950 72790
30 6510 81530
31 34770 77620
32 4280 70340
33 30870 69230
34 45350 82730
35 3240 85270
36 29730 82870
37 31230 79950
38 31260 73000
39 49780 60750
40 39890 63500
41 150 75360
42 41460 84300
43 28170 59190
44 29830 71130
45 53570 75290
46 1350 74870
47 32430 75530
48 59250 86340
49 38990 63160
50 1520 70520
51 18020 62620
52 35750 81180
53 9420 74120
54 0 29170
55 26280 78890
56 25020 81530
57 37440 45420
58 42690 54980
59 22560 72470
60 22400 72040
61 1070 81170
62 5900 71730
63 56300 76870
64 12090 77400
65 39530 68370
66 22600 69240
67 21240 60200
68 24600 70520
69 27980 65330
70 21870 79210
71 31920 81630
72 38010 66250
73 29250 69880
74 34430 76980
75 31750 78740
76 63950 85590
77 29360 67630
78 59370 86400
79 42650 79100
80 33700 77880
81 50710 58300
82 32070 73730
83 50440 81880
84 20280 66120
85 28220 81150
86 29240 70610
87 19280 68590
88 31380 83430
89 29190 74840
90 36510 84320
91 1030 84320
92 29690 76250
93 35250 78500
94 36090 81980
95 27560 74710
96 77550 86020
97 29550 58260
98 34140 57860
99 1370 78860
100 29160 78050
101 63560 80680
102 63040 79630
103 36500 71140
104 1550 85290
105 34530 75810
106 53580 70530
107 27900 76170
108 0 67450
109 39350 83490
110 35840 63210
111 62430 78770
112 38850 73190
113 24270 65890
114 48260 78200
115 34530 85730
116 510 80020
117 28540 50010
118 32400 72670
119 54680 76080
120 26670 52330
121 23610 67610
122 30480 64770
123 19090 84440
124 29380 68140
125 6510 85170
126 40320 72940
127 22590 78010
128 370 37440
129 34140 67460
130 29070 81230
131 230 33490
132 480 71130
133 56040 72900
134 36410 75430
135 17130 71960
136 61710 79900
137 31780 72980
138 30030 82790
139 19480 67330
140 23440 82240
141 5160 68880
142 5190 41170
143 35010 80230
144 24860 45420
145 23230 69420
146 1740 47190
147 520 84270
148 9110 67050
149 1800 80080
150 5640 77090
151 7890 71110
152 40950 82210
153 36830 80710
154 32080 75090
155 0 17670
156 32040 80890
157 33070 77170
158 33240 79950
159 39610 57520
160 48360 79080
161 26910 67240
162 36390 76960
163 0 83120
164 0 77200
165 6410 24070
166 28380 43510
167 37760 59070
168 27950 66230
169 36570 76110
170 20010 64680
171 9060 41990
172 26400 63330
173 31310 76040
174 73740 86030
175 7350 81570
176 0 84310
177 30650 66900
178 71310 79450
179 29610 71820
180 47820 55050
181 9980 67350
182 26400 70790
183 42710 68390
184 43460 58230
185 27750 76300
186 20030 85140
187 36720 77710
188 44990 71930
189 36600 83810
190 25530 74450
191 26830 66110
192 30210 66110
193 29460 65010
194 59280 76110
195 48120 86060
196 0 77170
197 26130 54130
198 68750 82430
199 31360 77890
200 30120 66370
201 58410 65770
202 36980 73310
203 34800 68320
204 66320 75160
205 49480 81110
206 34650 84920
207 32130 77130
208 23310 66730
209 3830 80070
210 28020 69530
211 36090 73550
212 28460 66410
213 40020 75590
214 21040 80560
215 45890 54180
216 25660 54980
217 28800 72000
218 30190 76130
219 33480 70600
220 71010 86260
221 30920 69400
222 29070 67400
223 30120 55460
224 32400 75600
225 30740 84570
226 27780 64680
227 22270 80620
228 41450 69520
229 22940 70370
230 33260 69580
231 32190 62150
232 16760 65370
233 15390 86400
234 66420 82380
235 28950 53690
236 39270 75990
237 38190 77310
238 18720 61490
239 27900 78430
240 34050 79590
241 37790 69470
242 55140 80800
243 40700 77010
244 28380 85580
245 28130 67560
246 1860 65980
247 48030 79650
248 32880 79140
249 33450 75220
