Message stats for scenario Photo_5000-Scenario_6-ActualPOI_50-K_1
sim_time: 160388470.0000

Photo List Size: 847
coverageValue-----------------	136	218	241	291	244	283	355	233	302	214	283	313	218	273	323	289	273	314	334	242	358	304	276	235	200	317	281	120	332	151	301	323	355	256	326	260	301	286	322	344	293	347	270	288	321	336	297	328	267	311	250	187	282	223	283	288	299	298	357	235	256	257	302	129	234	290	356	261	279	304	189	284	180	240	243	323	223	243	120	281	351	241	253	352	214	210	298	184	187	294	193	192	325	353	337	249	238	246	284	225	
redundantCoverageValue--------	44	142	299	189	296	197	245	187	238	86	137	167	142	267	217	371	267	406	146	118	362	236	504	365	160	103	139	0	208	209	359	457	365	164	394	520	299	194	278	556	187	193	150	132	159	264	243	152	273	409	230	173	138	197	197	252	241	302	543	125	284	223	418	111	126	370	424	159	141	236	111	256	0	120	237	217	197	237	0	259	429	359	227	548	206	90	62	56	233	186	107	168	275	427	263	231	122	54	436	135	
halfCoverageTime--------------	.0	64666386.0	33298098.0	63850044.0	33985387.0	32008300.0	32675960.0	33178425.0	32095129.0	33985382.0	33205480.0	63849974.0	33266824.0	31744045.0	32159198.0	32008504.0	33036189.0	32761773.0	32960320.0	33384266.0	32686088.0	32686193.0	32960417.0	32868747.0	63849954.0	32686188.0	32675984.0	.0	32868787.0	.0	32960447.0	32264397.0	32686083.0	63704163.0	32761747.0	32868707.0	32008479.0	32761768.0	32264362.0	32264357.0	32676002.0	32061699.0	32264277.0	32686208.0	32264367.0	32264407.0	33266799.0	32960509.0	32159405.0	32960437.0	33985302.0	63507454.0	32264347.0	33195359.0	32960457.0	33195329.0	32868767.0	63507449.0	32686198.0	33205502.0	64666134.0	32960452.0	32264422.0	.0	63704228.0	32960377.0	32008402.0	32761656.0	33384271.0	32159128.0	64582466.0	32960493.0	63507480.0	33384321.0	64666296.0	32686168.0	33384341.0	33384311.0	.0	32868727.0	32008534.0	33195374.0	63704208.0	32761800.0	64666251.0	64666154.0	33195249.0	64666762.0	.0	32159113.0	32159525.0	33007247.0	32264372.0	32008290.0	32159450.0	32159133.0	2334866.0	33906533.0	32159118.0	32686103.0	
numberOfPoint-----------------	1	1	1	1	1	1	1	1	1	1	1	1	1	1	1	1	1	1	1	1	1	1	1	1	1	1	1	1	1	1	1	1	1	1	1	1	1	1	1	1	1	1	1	1	1	1	1	1	1	1	1	1	1	2	1	2	1	1	3	1	2	3	2	0	2	1	2	2	1	1	0	2	1	1	1	1	1	1	0	2	3	1	1	2	1	1	1	1	3	2	1	1	2	2	1	1	1	1	2	2	
standardDeviation-------------	.0	.0	.0	.0	.0	.0	.0	.0	.0	.0	.0	.0	.0	.0	.0	.0	.0	.0	.0	.0	.0	.0	.0	.0	.0	.0	.0	.0	.0	.0	.0	.0	.0	.0	.0	.0	.0	.0	.0	.0	.0	.0	.0	.0	.0	.0	.0	.0	.0	.0	6.2	11.99	13.38	5.48	6.33	5.21	12.42	6.58	4.86	3.89	8.16	9.02	7.08	.0	9.38	8.7	5.22	5.51	6.04	7.16	.0	6.99	1.89	14.42	3.61	2.42	6.96	1.32	.0	9.85	9.17	4.43	1.14	7.7	3.58	6.63	5.15	7.22	10.11	7.37	5.46	6.77	6.82	6.32	7.91	9.7	1.24	11.61	5.52	7.49	
initialCoverageValue----------	360	360	360	360	360	360	360	360	360	360	360	360	360	360	360	360	360	360	360	360	360	360	360	357	360	360	360	360	360	360	360	360	360	360	360	360	360	360	360	360	360	360	360	360	360	360	360	360	360	360	360	360	360	360	360	360	360	360	360	360	360	360	360	307	360	360	360	360	360	360	360	360	360	360	360	360	360	360	360	360	360	360	360	360	360	360	360	360	360	360	360	360	360	360	360	360	360	360	360	360	
initialRedundantCoverageValue-	2220	2400	2340	2640	2220	2340	2340	2460	2820	2280	2760	2400	2220	2760	3120	1800	1980	3000	2040	2520	3000	1860	2820	2763	2220	3000	2520	1920	2940	2280	2880	2100	2100	2400	2340	2640	2880	2280	2880	2880	2700	2640	2040	2580	2940	2400	2400	2340	2940	3060	2040	2220	2340	2160	2940	3060	3480	2220	2640	2460	2340	2160	2220	1613	2460	3180	2280	2220	2460	2280	2100	2820	1920	2100	2760	2880	2100	2040	2400	2340	2640	2160	1980	2700	1800	2580	2160	2220	1620	2940	1980	2460	2880	2400	1680	2160	2580	2100	2760	1920	
additionalPoiTime-------------	50000.0
algorithmTime-----------------	1.6117E8
serverTime--------------------	2160000.0
Total Transferred Metadata----	2849

Photo List Size: 847
Gained Coverage %-------------	0.7513632316937459
Gained Redundancy %-----------	0.09588010979799141
Total Cluster Created---------	0
Total Transferred Photo-------	3495
Total Photo at Destination----	876
Coverage Group----------------	1-30	31-60	61-90	91-120	121-150	151-180	181-210	211-240	241-270	271-300	301-330	331-360	
Coverage Distribution---------	0	0	0	2	2	2	8	13	17	24	18	14	
Ratio Group-------------------	.0	.1	.2	.3	.4	.5	.6	.7	.8	.9	1.0	
Coverage Ratio----------------	0	0	0	0	3	3	10	20	23	24	17	
Redundant Ratio---------------	3	56	37	4	0	0	0	0	0	0	0	
NumberOfPoint Group-----------	0	1	2	3	
NumOfPoint Distribution-------	3	28	15	4	
SD Group----------------------	0-1	1-2	2-3	3-4	4-5	5-6	6-7	7-8	8-9	9-10	10-11	11-12	12-13	13-14	14-15	
SD Distribution---------------	53	4	1	3	2	7	10	7	2	5	1	2	1	1	1	
Half Coverage Group-----------	0-16038847	16038847-32077694	32077694-48116541	48116541-64155388	64155388-80194235	80194235-96233082	96233082-112271929	112271929-128310776	128310776-144349623	144349623-160388470	160388470-176427317	
Half Cvg Time Distribution----	1	8	69	9	7	0	0	0	0	0	0	
Transferred Photo Group-------	0-16038847	16038847-32077694	32077694-48116541	48116541-64155388	64155388-80194235	80194235-96233082	96233082-112271929	112271929-128310776	128310776-144349623	144349623-160388470	160388470-176427317	
Photo Time Distribution-------	558	2226	4567	1550	1136	27	0	49	25	0	0	

Cvg&Red Distribution----------	0.0	2.0	3.2077694E7	6.4155388E7	1.28310776E8	1.6038847E8	9.6233082E7	
Average PhotoNum--------------	26.63888888888889	26.63888888888889	27.761111111111113	29.677777777777777	30.166666666666668	30.166666666666668	30.1	
Nodes Above Average-----------	102	102	97	85	82	82	81	
Nodes Below Average-----------	78	78	83	95	98	98	99	

Average Coverage--------------	1562.9944444444445	1562.9944444444445	1625.8222222222223	1731.2333333333333	1758.5944444444444	1758.5944444444444	1754.8666666666666	
Nodes Above Average-----------	101	101	96	86	84	84	83	
Nodes Below Average-----------	79	79	84	94	96	96	97	
Photos Above Average----------	33	33	36	41	42	42	42	
Photos Below Average----------	17	17	18	19	19	19	19	
Network Coverage--------------	35944	35944	35944	35910	35910	35910	35910	

Average Redundancy------------	35.33888888888889	35.33888888888889	39.84444444444444	49.43333333333333	51.40555555555556	51.40555555555556	51.13333333333333	
Nodes Above Average-----------	77	77	75	69	67	67	67	
Nodes Below Average-----------	103	103	105	111	113	113	113	
Photos Above Average----------	32	32	34	40	41	41	41	
Photos Below Average----------	22	22	22	23	23	23	23	
Network Redundancy------------	251756	251756	263876	284610	289890	289890	289170	

