Message stats for scenario Photo_5000-Scenario_7-ActualPOI_50-K_1
sim_time: 160388470.0000

Photo List Size: 4495
coverageValue-----------------	218	270	274	120	238	228	247	280	304	244	358	246	291	285	256	187	257	203	346	252	192	346	206	283	196	273	125	255	239	338	267	193	210	262	241	147	305	258	217	229	299	349	132	227	265	354	276	186	255	153	235	348	343	166	249	353	332	321	267	296	351	255	251	263	204	323	322	171	344	282	257	219	240	303	245	244	303	320	159	220	318	292	316	254	276	313	267	334	332	162	269	255	327	237	264	325	190	327	356	295	
redundantCoverageValue--------	82	270	266	0	182	132	53	80	56	56	482	114	549	75	104	53	103	37	614	228	48	254	94	137	44	147	55	105	181	262	93	47	210	278	239	273	175	162	203	491	121	251	48	433	335	306	264	54	45	87	365	672	317	494	111	367	448	279	273	124	309	165	109	97	96	337	278	249	316	258	163	81	0	297	175	236	177	100	141	80	342	248	344	286	84	287	93	206	268	18	211	345	273	63	276	395	290	333	664	125	
halfCoverageTime--------------	64666306.0	32686168.0	32264277.0	.0	33178420.0	32960356.0	32761651.0	33906608.0	32264377.0	63507485.0	32686098.0	32960514.0	32264367.0	32686193.0	32159359.0	64666376.0	33384251.0	63850024.0	32061739.0	32761768.0	32686093.0	32686128.0	32686118.0	32264602.0	32960422.0	32095119.0	.0	32159420.0	63850009.0	32868752.0	64582461.0	63704078.0	63704108.0	63271974.0	33178415.0	.0	32960427.0	33195359.0	64666149.0	32686178.0	32095144.0	32061679.0	.0	32264587.0	63849994.0	32686123.0	33906628.0	64666637.0	64666226.0	.0	32159470.0	32008489.0	32686108.0	.0	32960447.0	32061634.0	33195369.0	32264352.0	64666707.0	32008439.0	33195319.0	32264597.0	63704088.0	32159168.0	32960452.0	32868787.0	32008539.0	.0	32159193.0	32761810.0	32159460.0	63704133.0	33266788.0	32095124.0	32008414.0	33195349.0	64666256.0	32868742.0	.0	33906518.0	32868747.0	63507520.0	32264332.0	32960402.0	63507500.0	32686138.0	64582451.0	32686198.0	32686143.0	.0	33266770.0	64666391.0	32960412.0	33195269.0	33178430.0	32868697.0	33266834.0	32868727.0	32264452.0	32868707.0	
numberOfPoint-----------------	1	1	1	1	1	1	1	1	1	1	1	1	1	1	1	1	1	1	1	1	1	1	1	1	1	1	1	1	1	1	1	1	1	1	1	1	1	1	1	1	1	1	1	1	1	1	1	1	1	1	3	8	1	5	3	5	3	1	2	5	3	5	2	6	1	7	3	3	2	3	6	8	8	5	1	6	7	4	4	4	4	2	4	3	2	5	4	2	4	7	4	5	1	3	3	4	2	2	2	5	
standardDeviation-------------	.0	.0	.0	.0	.0	.0	.0	.0	.0	.0	.0	.0	.0	.0	.0	.0	.0	.0	.0	.0	.0	.0	.0	.0	.0	.0	.0	.0	.0	.0	.0	.0	.0	.0	.0	.0	.0	.0	.0	.0	.0	.0	.0	.0	.0	.0	.0	.0	.0	.0	7.29	8.47	1.93	6.57	6.56	6.46	8.66	2.12	5.93	6.45	8.65	9.14	8.18	8.36	8.12	6.62	8.1	7.29	4.52	7.41	6.34	6.72	7.53	8.55	3.33	7.15	7.26	6.22	4.76	7.31	8.7	1.96	6.93	4.46	6.33	8.25	6.74	6.99	5.76	6.63	8.86	5.69	4.69	7.12	5.03	7.3	5.82	6.55	8.91	7.47	
initialCoverageValue----------	360	360	360	360	360	360	360	360	360	360	360	360	360	360	360	360	360	360	360	360	360	360	360	360	360	360	360	360	360	360	360	360	360	360	360	360	360	360	360	360	360	360	360	360	360	360	360	360	360	360	360	360	360	360	360	360	360	360	360	360	360	360	360	360	360	360	360	360	360	360	360	360	360	360	360	360	360	360	360	360	360	360	360	360	360	360	360	360	360	360	360	360	360	360	360	360	360	360	360	360	
initialRedundantCoverageValue-	2640	2520	2880	2460	2100	2520	2220	2160	1680	1740	3180	2220	3000	2760	2100	2640	2340	2100	3360	2640	1980	2280	2520	2640	1980	2460	2100	2340	2520	3000	3000	1860	2280	2460	2760	2160	2760	2520	2520	3240	2640	2760	2760	2460	2460	2040	2700	2220	2520	2340	2400	2760	2880	2340	2400	2640	2400	2400	3180	2640	2520	2520	2340	2760	2100	2880	2100	2700	2160	2820	1980	2520	1740	1800	2160	2340	2460	1980	2100	2400	2940	1920	2820	2700	1560	2220	1860	1800	2280	2400	2040	2460	2280	2340	2220	2460	2040	3000	2760	2100	
additionalPoiTime-------------	2.009136879E8
algorithmTime-----------------	1.58653017E7
serverTime--------------------	3.2604209E7
Total Transferred Metadata----	3613

Photo List Size: 4495
Gained Coverage %-------------	0.7299166666666667
Gained Redundancy %-----------	0.08772299306243805
Total Cluster Created---------	50
Total Transferred Photo-------	1881
Total Photo at Destination----	801
Coverage Group----------------	1-30	31-60	61-90	91-120	121-150	151-180	181-210	211-240	241-270	271-300	301-330	331-360	
Coverage Distribution---------	0	0	0	1	3	5	10	12	27	13	14	15	
Ratio Group-------------------	.0	.1	.2	.3	.4	.5	.6	.7	.8	.9	1.0	
Coverage Ratio----------------	0	0	0	0	3	6	10	21	26	16	18	
Redundant Ratio---------------	2	59	36	3	0	0	0	0	0	0	0	
NumberOfPoint Group-----------	0	1	2	3	4	5	6	7	8	
NumOfPoint Distribution-------	0	5	9	10	9	8	3	3	3	
SD Group----------------------	0-1	1-2	2-3	3-4	4-5	5-6	6-7	7-8	8-9	9-10	
SD Distribution---------------	50	2	1	1	4	5	14	10	12	1	
Half Coverage Group-----------	0-16038847	16038847-32077694	32077694-48116541	48116541-64155388	64155388-80194235	80194235-96233082	96233082-112271929	112271929-128310776	128310776-144349623	144349623-160388470	160388470-176427317	
Half Cvg Time Distribution----	0	7	63	11	10	0	0	0	0	0	0	
Transferred Photo Group-------	0-16038847	16038847-32077694	32077694-48116541	48116541-64155388	64155388-80194235	80194235-96233082	96233082-112271929	112271929-128310776	128310776-144349623	144349623-160388470	160388470-176427317	
Photo Time Distribution-------	549	1912	2664	946	698	43	0	55	34	0	0	

Cvg&Red Distribution----------	0.0	2.0	3.2077694E7	6.4155388E7	1.28310776E8	1.6038847E8	9.6233082E7	
Average PhotoNum--------------	26.63888888888889	26.63888888888889	27.133333333333333	27.377777777777776	27.822222222222223	27.816666666666666	27.822222222222223	
Nodes Above Average-----------	102	102	97	90	90	90	90	
Nodes Below Average-----------	78	78	83	90	90	90	90	

Average Coverage--------------	1561.0555555555557	1561.0555555555557	1589.1277777777777	1603.588888888889	1628.6888888888889	1628.3555555555556	1628.6888888888889	
Nodes Above Average-----------	101	101	101	91	86	86	86	
Nodes Below Average-----------	79	79	79	89	94	94	94	
Photos Above Average----------	33	33	34	36	37	37	37	
Photos Below Average----------	17	17	17	18	18	18	18	
Network Coverage--------------	36000	36000	36000	36000	36000	36000	36000	

Average Redundancy------------	37.27777777777778	37.27777777777778	38.87222222222222	39.077777777777776	40.644444444444446	40.644444444444446	40.644444444444446	
Nodes Above Average-----------	85	85	84	81	80	80	80	
Nodes Below Average-----------	95	95	96	99	100	100	100	
Photos Above Average----------	31	31	32	33	34	34	34	
Photos Below Average----------	22	22	22	22	22	22	22	
Network Redundancy------------	251700	251700	257040	259680	264480	264420	264480	

