Message stats for scenario Photo_5000-Scenario_5-ActualPOI_50-K_1
sim_time: 160388470.0000

Photo List Size: 4495
coverageValue-----------------	341	341	336	174	280	223	276	229	309	248	356	206	143	221	236	290	288	276	196	291	318	276	326	242	241	300	143	271	284	219	188	186	291	234	266	184	315	227	293	190	203	289	234	200	133	329	243	120	300	269	347	228	309	262	139	242	277	236	310	324	325	325	311	270	303	119	343	293	323	298	283	321	253	294	181	330	312	223	298	251	290	349	257	295	344	202	305	308	335	198	306	250	245	286	128	212	223	203	297	309	
redundantCoverageValue--------	259	439	204	66	200	197	204	191	291	172	544	334	97	139	124	250	192	264	44	249	282	24	334	478	119	360	37	149	376	21	112	234	189	246	34	176	225	133	247	110	217	191	186	160	107	271	57	0	180	91	373	132	291	98	161	118	143	4	230	216	395	335	229	90	177	121	317	187	157	182	317	519	167	246	59	450	468	257	422	169	190	611	163	245	556	98	415	352	325	42	294	230	295	74	172	148	197	97	243	111	
halfCoverageTime--------------	32159460.0	32686123.0	33906513.0	.0	33906498.0	64666576.0	32868747.0	32868737.0	32159359.0	64666205.0	32159440.0	63704148.0	.0	33195344.0	64666200.0	63507449.0	32960478.0	32761788.0	33985412.0	32960392.0	32761783.0	33906623.0	33195299.0	32159505.0	64582486.0	32008534.0	.0	33906533.0	33906543.0	33195264.0	32960377.0	64666321.0	32686168.0	33985367.0	33985342.0	64666451.0	33178415.0	33195269.0	32960442.0	64666154.0	32159113.0	33195274.0	32061689.0	33266788.0	.0	32159430.0	64666195.0	.0	32675966.0	32686103.0	32686208.0	64666431.0	32264457.0	63507434.0	.0	32264582.0	32264277.0	32960402.0	32159485.0	32960452.0	32960417.0	32095129.0	32159385.0	33205464.0	33985312.0	.0	32761661.0	32264432.0	32008519.0	33384246.0	33266799.0	32061634.0	32761794.0	32061639.0	33985357.0	33195259.0	32008529.0	32159148.0	32008275.0	64666129.0	32264467.0	32264297.0	32960488.0	33384256.0	32159510.0	64582421.0	32686143.0	32008444.0	32061739.0	33266764.0	32761696.0	32868707.0	63704133.0	32960520.0	.0	32761800.0	.0	64666516.0	32159500.0	32761656.0	
numberOfPoint-----------------	1	1	1	1	1	1	1	1	1	1	1	1	1	1	1	1	1	1	1	1	1	1	1	1	1	1	1	1	1	1	1	1	1	1	1	1	1	1	1	1	1	1	1	1	1	1	1	1	1	1	4	10	6	3	2	1	3	7	2	3	6	3	3	12	3	3	8	1	8	2	2	3	4	4	8	3	5	4	10	5	4	3	2	2	2	7	9	3	3	3	4	8	4	5	3	1	9	2	7	4	
standardDeviation-------------	.0	.0	.0	.0	.0	.0	.0	.0	.0	.0	.0	.0	.0	.0	.0	.0	.0	.0	.0	.0	.0	.0	.0	.0	.0	.0	.0	.0	.0	.0	.0	.0	.0	.0	.0	.0	.0	.0	.0	.0	.0	.0	.0	.0	.0	.0	.0	.0	.0	.0	5.58	8.11	5.52	4.82	3.49	8.06	10.64	6.61	7.33	6.51	9.77	8.3	7.77	8.79	4.82	5.67	8.76	1.08	6.44	8.25	5.95	4.1	8.56	8.07	8.33	6.13	5.69	8.89	6.46	7.33	7.82	6.69	9.75	5.53	5.13	8.51	7.74	5.8	3.66	4.62	6.14	8.76	8.46	11.47	6.1	6.23	7.7	6.36	8.3	6.67	
initialCoverageValue----------	360	360	360	354	360	360	360	360	360	360	360	360	360	360	360	360	360	360	360	360	360	360	360	360	360	360	360	360	360	360	360	360	360	360	360	360	360	360	360	360	360	360	360	360	360	360	360	360	360	360	360	360	360	360	360	360	360	360	360	360	360	360	360	360	360	360	360	360	360	360	360	360	360	360	360	360	360	360	360	360	356	360	360	360	360	360	360	360	360	360	360	360	360	360	360	360	360	360	360	360	
initialRedundantCoverageValue-	2580	3180	2700	1686	2340	2640	2280	2520	3180	2400	2760	2520	1980	2220	2280	2880	2100	2820	2340	2280	2580	2700	2280	2460	2100	2880	2460	2700	2940	2220	1920	2700	2700	2580	2340	2400	2220	2400	3360	1860	2400	2220	2700	2580	1680	3060	2220	1920	2460	1800	2520	1560	2880	2280	2160	2700	2940	2640	2460	3240	1920	2100	2820	1680	2580	2400	2100	2220	2880	2700	2040	2640	2100	3120	2820	2580	2880	2280	1800	2580	2164	2940	2580	2340	2880	1980	2820	2340	2280	1860	2040	2040	2640	3300	2700	1920	2400	2520	1920	1980	
additionalPoiTime-------------	0.0
algorithmTime-----------------	1.41804909E7
serverTime--------------------	4.80171078E7
Total Transferred Metadata----	3614

Photo List Size: 4495
Gained Coverage %-------------	0.7292581272575716
Gained Redundancy %-----------	0.08898642274088354
Total Cluster Created---------	51
Total Transferred Photo-------	1829
Total Photo at Destination----	806
Coverage Group----------------	1-30	31-60	61-90	91-120	121-150	151-180	181-210	211-240	241-270	271-300	301-330	331-360	
Coverage Distribution---------	0	0	0	2	5	1	12	13	14	24	20	9	
Ratio Group-------------------	.0	.1	.2	.3	.4	.5	.6	.7	.8	.9	1.0	
Coverage Ratio----------------	0	0	0	0	7	1	13	20	16	29	14	
Redundant Ratio---------------	1	67	29	3	0	0	0	0	0	0	0	
NumberOfPoint Group-----------	0	1	2	3	4	5	6	7	8	9	10	11	12	
NumOfPoint Distribution-------	0	3	8	14	8	3	2	3	4	2	2	0	1	
SD Group----------------------	0-1	1-2	2-3	3-4	4-5	5-6	6-7	7-8	8-9	9-10	10-11	11-12	
SD Distribution---------------	50	1	0	2	4	8	11	6	14	2	1	1	
Half Coverage Group-----------	0-16038847	16038847-32077694	32077694-48116541	48116541-64155388	64155388-80194235	80194235-96233082	96233082-112271929	112271929-128310776	128310776-144349623	144349623-160388470	160388470-176427317	
Half Cvg Time Distribution----	0	9	66	4	12	0	0	0	0	0	0	
Transferred Photo Group-------	0-16038847	16038847-32077694	32077694-48116541	48116541-64155388	64155388-80194235	80194235-96233082	96233082-112271929	112271929-128310776	128310776-144349623	144349623-160388470	160388470-176427317	
Photo Time Distribution-------	580	1207	2266	895	600	39	0	55	38	0	0	

Cvg&Red Distribution----------	0.0	2.0	3.2077694E7	6.4155388E7	1.28310776E8	1.6038847E8	9.6233082E7	
Average PhotoNum--------------	26.63888888888889	26.63888888888889	27.13888888888889	27.394444444444446	27.755555555555556	27.755555555555556	27.755555555555556	
Nodes Above Average-----------	102	102	97	90	90	90	90	
Nodes Below Average-----------	78	78	83	90	90	90	90	

Average Coverage--------------	1559.2333333333333	1559.2333333333333	1587.588888888889	1603.8333333333333	1623.7111111111112	1623.7111111111112	1623.7111111111112	
Nodes Above Average-----------	103	103	100	91	89	89	89	
Nodes Below Average-----------	77	77	80	89	91	91	91	
Photos Above Average----------	33	33	34	36	37	37	37	
Photos Below Average----------	17	17	17	18	18	18	18	
Network Coverage--------------	35988	35988	35988	35955	35955	35955	35955	

Average Redundancy------------	39.1	39.1	40.74444444444445	39.833333333333336	41.62222222222222	41.62222222222222	41.62222222222222	
Nodes Above Average-----------	76	76	76	81	75	75	75	
Nodes Below Average-----------	104	104	104	99	105	105	105	
Photos Above Average----------	30	30	31	33	34	34	34	
Photos Below Average----------	23	23	23	22	23	23	23	
Network Redundancy------------	251712	251712	257112	259905	263805	263805	263805	

