Message stats for scenario Photo_5000-Scenario_8-ActualPOI_50-K_2
sim_time: 160388470.0000

Photo List Size: 932
coverageValue-----------------	347	360	360	360	273	360	293	360	335	360	352	318	344	359	353	339	269	338	310	331	328	333	322	329	345	327	360	360	360	329	342	360	347	323	314	248	329	321	291	309	282	293	280	334	343	264	312	229	320	190	228	60	290	0	106	120	245	207	272	0	321	252	317	113	0	306	244	333	257	186	60	221	310	153	180	250	212	120	140	291	250	128	86	120	232	186	146	281	338	183	323	219	271	213	60	89	137	188	314	225	
redundantCoverageValue--------	493	900	720	780	447	900	547	540	205	600	428	342	196	301	607	381	631	622	230	449	452	447	398	331	495	993	660	840	600	631	558	660	253	517	286	172	211	699	429	471	378	487	380	566	317	456	228	251	460	170	72	0	70	0	14	0	115	153	148	0	219	168	403	67	0	114	236	267	103	54	0	19	170	27	0	170	148	0	40	309	110	52	34	0	188	114	94	319	142	57	97	21	89	147	0	31	103	52	106	75	
halfCoverageTime--------------	32061659.0	32686193.0	32008351.0	32008300.0	32761855.0	32095129.0	32264432.0	32061749.0	32008554.0	32264287.0	32061729.0	32686093.0	32761666.0	32264392.0	32008424.0	33985422.0	32159490.0	32061714.0	63704128.0	32061719.0	32960437.0	32008649.0	32676002.0	32960387.0	32264437.0	32159108.0	32061654.0	32061734.0	32159545.0	32159485.0	32159178.0	32264597.0	32761778.0	32960325.0	33985507.0	33985337.0	33906533.0	32675966.0	33384296.0	32264297.0	32761711.0	32264382.0	33384351.0	32761768.0	63507520.0	32159560.0	32960362.0	64139252.0	32159385.0	64582606.0	32761794.0	.0	33906593.0	.0	.0	.0	32264592.0	32960452.0	32264412.0	.0	32008644.0	33985417.0	1436610.0	.0	.0	63704198.0	32686128.0	32264302.0	32960493.0	33985407.0	.0	63850029.0	32761757.0	.0	64666787.0	33298093.0	64666296.0	.0	.0	33195344.0	33195354.0	.0	.0	.0	32761716.0	64666306.0	.0	64582536.0	33266799.0	33985502.0	33195314.0	64666446.0	32686083.0	64666226.0	.0	.0	.0	.0	32159188.0	64666762.0	
numberOfPoint-----------------	1	1	1	1	1	1	1	1	1	1	1	1	1	1	1	1	1	1	1	1	1	1	1	1	1	1	1	1	1	1	1	1	1	1	1	1	1	1	1	1	1	1	1	1	1	1	1	1	1	1	3	0	1	0	2	1	2	1	1	0	3	3	2	0	0	1	1	2	2	1	0	2	3	1	0	1	2	2	0	1	2	1	2	1	1	0	0	2	1	3	2	1	1	2	1	1	0	1	2	1	
standardDeviation-------------	.0	.0	.0	.0	.0	.0	.0	.0	.0	.0	.0	.0	.0	.0	.0	.0	.0	.0	.0	.0	.0	.0	.0	.0	.0	.0	.0	.0	.0	.0	.0	.0	.0	.0	.0	.0	.0	.0	.0	.0	.0	.0	.0	.0	.0	.0	.0	.0	.0	.0	7.98	.0	2.6	.0	8.33	2.1	4.88	1.06	6.97	.0	8.16	7.81	5.76	.0	.0	6.98	.4	8.19	6.77	2.41	.0	8.8	5.92	8.71	.0	5.19	9.11	6.94	.0	4.12	7.23	7.21	9.1	6.52	9.6	.0	.0	5.7	2.83	8.78	7.26	6.19	1.81	7.19	8.32	9.15	.0	15.05	10.84	6.83	
initialCoverageValue----------	360	360	360	360	360	360	360	360	360	360	360	360	360	360	360	360	360	360	360	360	360	360	360	360	349	360	360	360	360	360	360	360	360	360	360	360	360	360	360	360	360	360	360	360	360	360	360	360	360	360	360	360	360	360	360	360	360	360	360	360	360	360	360	360	360	360	360	360	360	360	360	360	360	360	360	360	360	360	360	360	360	360	360	360	360	360	360	360	360	360	360	360	360	360	360	360	360	360	360	360	
initialRedundantCoverageValue-	2700	2760	2700	2640	2280	2880	2700	2340	2220	3120	2580	2040	2160	2760	2760	3000	2400	2340	2460	2100	2400	2340	1980	2160	2231	3360	2400	3480	2160	2880	2820	2700	2520	2520	1920	1800	1680	2940	1860	3000	2220	2280	2520	2580	2220	2520	2160	2280	2340	2400	2820	1680	2400	1800	2100	2880	1920	2460	2040	2340	3180	2280	2940	2160	1980	2280	3180	2940	2160	2280	2280	1680	3120	2820	2520	2400	2340	1860	2460	2520	2340	2520	2040	2280	1800	2520	2760	2100	2580	2460	2640	2820	2340	1620	1800	1740	2580	3180	2220	1920	
additionalPoiTime-------------	109200.7
algorithmTime-----------------	3.0093101032016E10
serverTime--------------------	514803.3
Total Transferred Metadata----	2490

Photo List Size: 932
Gained Coverage %-------------	0.7204423573869794
Gained Redundancy %-----------	0.12012031891961224
Total Cluster Created---------	0
Total Transferred Photo-------	36677
Total Photo at Destination----	968
Coverage Group----------------	1-30	31-60	61-90	91-120	121-150	151-180	181-210	211-240	241-270	271-300	301-330	331-360	
Coverage Distribution---------	3	3	2	5	4	2	6	8	9	11	20	27	
Ratio Group-------------------	.0	.1	.2	.3	.4	.5	.6	.7	.8	.9	1.0	
Coverage Ratio----------------	3	0	3	3	7	3	8	12	9	20	32	
Redundant Ratio---------------	10	41	26	21	2	0	0	0	0	0	0	
NumberOfPoint Group-----------	0	1	2	3	
NumOfPoint Distribution-------	11	20	14	5	
SD Group----------------------	0-1	1-2	2-3	3-4	4-5	5-6	6-7	7-8	8-9	9-10	10-11	11-12	12-13	13-14	14-15	15-16	
SD Distribution---------------	62	2	4	0	2	4	7	6	7	4	1	0	0	0	0	1	
Half Coverage Group-----------	0-16038847	16038847-32077694	32077694-48116541	48116541-64155388	64155388-80194235	80194235-96233082	96233082-112271929	112271929-128310776	128310776-144349623	144349623-160388470	160388470-176427317	
Half Cvg Time Distribution----	1	13	54	5	8	0	0	0	0	0	0	
Transferred Photo Group-------	0-16038847	16038847-32077694	32077694-48116541	48116541-64155388	64155388-80194235	80194235-96233082	96233082-112271929	112271929-128310776	128310776-144349623	144349623-160388470	160388470-176427317	
Photo Time Distribution-------	8566	31023	41438	35869	18109	621	268	1184	457	31	0	

Cvg&Red Distribution----------	0.0	2.0	3.2077694E7	6.4155388E7	1.28310776E8	1.6038847E8	9.6233082E7	
Average PhotoNum--------------	26.63888888888889	26.63888888888889	54.92777777777778	69.71111111111111	73.57222222222222	73.9	71.71666666666667	
Nodes Above Average-----------	102	102	76	108	112	113	111	
Nodes Below Average-----------	78	78	104	72	68	67	69	

Average Coverage--------------	1557.05	1557.05	3010.688888888889	3756.5666666666666	3960.4055555555556	3975.483333333333	3860.883333333333	
Nodes Above Average-----------	104	104	76	109	113	114	111	
Nodes Below Average-----------	76	76	104	71	67	66	69	
Photos Above Average----------	33	33	94	97	98	98	98	
Photos Below Average----------	17	17	25	26	31	31	28	
Network Coverage--------------	35983	35983	35983	35983	35983	35983	35983	

Average Redundancy------------	41.28333333333333	41.28333333333333	284.97777777777776	426.1	453.9277777777778	458.51666666666665	442.1166666666667	
Nodes Above Average-----------	84	84	75	98	101	103	98	
Nodes Below Average-----------	96	96	105	82	79	77	82	
Photos Above Average----------	32	32	94	99	99	99	99	
Photos Below Average----------	21	21	26	34	40	39	38	
Network Redundancy------------	251717	251717	557237	716897	758597	762137	738557	

