Message stats for scenario K_2-Photo_5000-Scenario_6-ActualPOI_50
sim_time: 160388470.0000

Photo List Size: 847
coverageValue-----------------	350	106	302	245	284	326	114	162	304	261	296	323	348	267	276	298	293	258	275	325	232	310	320	253	351	298	313	223	360	324	315	249	338	257	219	309	191	305	297	268	203	210	217	227	325	271	254	293	260	325	228	149	305	283	318	297	153	284	260	320	291	338	157	301	240	120	275	308	265	353	346	247	208	360	206	215	279	300	297	244	344	229	169	319	61	238	176	257	185	283	282	322	227	328	274	232	198	125	187	314	
redundantCoverageValue--------	250	134	298	175	76	334	6	18	296	219	304	337	432	273	204	182	127	282	205	155	68	350	220	227	369	302	167	137	720	516	285	111	442	223	141	591	229	115	183	152	277	150	323	193	155	389	46	127	400	275	132	151	415	257	162	183	147	496	160	640	489	262	83	299	0	0	265	292	275	307	314	113	212	300	34	145	201	360	363	176	196	251	251	341	59	182	244	343	55	257	498	158	133	272	146	8	222	55	113	106	
halfCoverageTime--------------	33266782.0	.0	32686108.0	32264377.0	33384466.0	33195354.0	.0	.0	33266770.0	32868737.0	32686178.0	32008362.0	32264387.0	32761711.0	64582396.0	32686198.0	33384471.0	33266804.0	32761691.0	33384251.0	32675972.0	32008504.0	32159118.0	33384306.0	32960417.0	33195324.0	32159103.0	64666647.0	32008326.0	32686098.0	32868717.0	33384406.0	32264367.0	64666134.0	64582476.0	32061709.0	2334752.0	32960437.0	32868752.0	63704223.0	64666621.0	63704123.0	63704178.0	32264337.0	33178420.0	33384451.0	33985332.0	33384271.0	32676008.0	32159168.0	63704203.0	.0	32761788.0	32960488.0	33195309.0	32761676.0	.0	33205459.0	33195319.0	32061634.0	33384311.0	32159188.0	.0	33384371.0	32960345.0	.0	63704228.0	32761686.0	32008564.0	32061649.0	33195259.0	33985407.0	33906533.0	32061744.0	.0	63507464.0	63849924.0	33384366.0	32686148.0	32008509.0	32868762.0	32159400.0	.0	32675960.0	.0	32960407.0	.0	32960452.0	63850054.0	32264307.0	33266814.0	32159420.0	64139257.0	32686123.0	32960525.0	63704163.0	.0	.0	32761732.0	33985372.0	
numberOfPoint-----------------	1	1	1	1	1	1	1	1	1	1	1	1	1	1	1	1	1	1	1	1	1	1	1	1	1	1	1	1	1	1	1	1	1	1	1	1	1	1	1	1	1	1	1	1	1	1	1	1	1	1	0	1	2	2	2	2	2	2	2	2	2	3	1	2	2	0	0	1	1	1	3	1	1	1	0	2	2	2	1	2	1	1	1	1	0	2	1	1	2	2	2	1	2	2	1	1	1	0	1	2	
standardDeviation-------------	.0	.0	.0	.0	.0	.0	.0	.0	.0	.0	.0	.0	.0	.0	.0	.0	.0	.0	.0	.0	.0	.0	.0	.0	.0	.0	.0	.0	.0	.0	.0	.0	.0	.0	.0	.0	.0	.0	.0	.0	.0	.0	.0	.0	.0	.0	.0	.0	.0	.0	.0	2.77	6.79	5.74	6.67	9.26	7.06	5.57	6.32	7.71	9.75	7.84	9.42	7.99	8.74	.0	.0	6.67	2.25	3.81	11.32	4.33	2.77	4.7	.0	9.36	9.32	11.49	12.29	9.65	6.64	3.61	5.22	9.85	.0	5.67	12.03	6.31	5.72	4.47	8.41	2.83	8.81	9.89	3.62	6.56	11.72	.0	6.2	4.59	
initialCoverageValue----------	360	360	360	360	360	360	360	360	360	360	360	360	360	360	360	360	360	360	360	360	360	360	360	360	360	360	360	360	360	360	360	360	360	360	360	360	360	360	360	360	360	360	360	360	360	360	360	360	360	360	360	360	360	360	360	360	360	360	360	360	360	360	360	360	360	350	360	360	360	360	360	360	360	360	360	360	360	360	360	360	360	360	360	360	360	360	360	360	360	360	360	360	360	360	360	360	360	360	360	360	
initialRedundantCoverageValue-	2100	2280	3060	2400	2400	2760	2220	2220	2220	2700	2760	3840	2820	2880	2760	1740	1980	2460	2400	2700	2160	2160	2340	2520	2520	3000	2580	2100	3000	2880	2280	2400	3300	2220	2340	3000	2100	2580	2640	2580	2340	2520	3060	2580	2460	2280	1980	2040	2340	1860	2460	1680	2580	2160	1680	2280	2220	1800	2220	2640	2460	2400	2040	2640	2460	1630	1860	1680	2160	2880	2760	2880	1740	2880	2040	2280	2580	2580	2220	2220	2400	2760	2100	2820	1860	3120	2400	2760	2340	2100	2580	2400	1980	2880	1980	2100	2820	2040	2100	2820	
additionalPoiTime-------------	109200.7
algorithmTime-----------------	7.356695158E8
serverTime--------------------	2215214.2
Total Transferred Metadata----	2849

Photo List Size: 847
Gained Coverage %-------------	0.7342873020283412
Gained Redundancy %-----------	0.0966021630133013
Total Cluster Created---------	0
Total Transferred Photo-------	3528
Total Photo at Destination----	876
Coverage Group----------------	1-30	31-60	61-90	91-120	121-150	151-180	181-210	211-240	241-270	271-300	301-330	331-360	
Coverage Distribution---------	0	0	1	3	2	5	8	12	15	21	23	10	
Ratio Group-------------------	.0	.1	.2	.3	.4	.5	.6	.7	.8	.9	1.0	
Coverage Ratio----------------	0	0	1	1	3	6	9	15	22	28	15	
Redundant Ratio---------------	2	54	41	3	0	0	0	0	0	0	0	
NumberOfPoint Group-----------	0	1	2	3	
NumOfPoint Distribution-------	6	20	22	2	
SD Group----------------------	0-1	1-2	2-3	3-4	4-5	5-6	6-7	7-8	8-9	9-10	10-11	11-12	12-13	
SD Distribution---------------	56	0	4	3	4	5	8	4	3	8	0	3	2	
Half Coverage Group-----------	0-16038847	16038847-32077694	32077694-48116541	48116541-64155388	64155388-80194235	80194235-96233082	96233082-112271929	112271929-128310776	128310776-144349623	144349623-160388470	160388470-176427317	
Half Cvg Time Distribution----	1	9	62	10	5	0	0	0	0	0	0	
Transferred Photo Group-------	0-16038847	16038847-32077694	32077694-48116541	48116541-64155388	64155388-80194235	80194235-96233082	96233082-112271929	112271929-128310776	128310776-144349623	144349623-160388470	160388470-176427317	
Photo Time Distribution-------	558	2304	5396	1697	1366	27	0	49	25	0	0	

Cvg&Red Distribution----------	0.0	2.0	3.2077694E7	6.4155388E7	1.28310776E8	1.6038847E8	9.6233082E7	
Average PhotoNum--------------	26.63888888888889	26.63888888888889	29.744444444444444	35.03333333333333	36.12222222222222	36.12222222222222	36.05555555555556	
Nodes Above Average-----------	102	102	83	58	56	56	55	
Nodes Below Average-----------	78	78	97	122	124	124	125	

Average Coverage--------------	1559.638888888889	1559.638888888889	1727.7777777777778	2014.55	2073.6555555555556	2073.6555555555556	2069.938888888889	
Nodes Above Average-----------	103	103	85	62	63	63	62	
Nodes Below Average-----------	77	77	95	118	117	117	118	
Photos Above Average----------	33	33	41	60	62	62	62	
Photos Below Average----------	17	17	19	21	21	21	22	
Network Coverage--------------	35990	35990	35990	35990	35990	35990	35990	

Average Redundancy------------	38.69444444444444	38.69444444444444	56.888888888888886	87.45	93.67777777777778	93.67777777777778	93.39444444444445	
Nodes Above Average-----------	70	70	59	49	49	49	49	
Nodes Below Average-----------	110	110	121	131	131	131	131	
Photos Above Average----------	31	31	41	63	65	65	65	
Photos Below Average----------	23	23	23	24	25	25	24	
Network Redundancy------------	251710	251710	285250	342370	354130	354130	353410	

