Message stats for scenario K_2-Photo_5000-Scenario_8-ActualPOI_50
sim_time: 160388470.0000

Photo List Size: 941
coverageValue-----------------	359	327	354	337	277	360	330	349	359	357	356	314	306	280	356	345	338	351	260	335	357	297	312	310	360	345	360	331	350	328	340	333	356	305	350	248	322	320	328	315	353	268	205	354	353	360	299	351	314	299	201	208	120	243	296	301	255	146	301	249	60	190	218	223	97	294	207	253	195	256	139	224	255	180	320	257	316	180	181	101	225	161	250	120	271	214	312	195	209	252	272	92	133	187	304	120	60	102	204	258	
redundantCoverageValue--------	661	273	546	443	443	480	270	671	541	603	484	526	414	200	724	375	502	849	220	505	483	483	408	230	780	555	780	629	490	332	800	447	604	475	490	112	698	700	572	525	547	332	95	546	487	600	181	369	406	601	99	92	0	57	64	119	105	94	119	111	0	50	82	77	143	186	33	107	45	104	101	76	105	60	220	103	284	0	59	19	255	79	290	0	29	86	48	165	151	108	148	28	47	53	56	0	0	18	216	102	
halfCoverageTime--------------	32264377.0	32868737.0	32159530.0	63704178.0	33195329.0	32761830.0	32264342.0	32676002.0	32761732.0	32159168.0	32264467.0	32868707.0	32061744.0	32061739.0	32008544.0	32264272.0	33195364.0	32061669.0	33985407.0	32008374.0	32960320.0	32061664.0	32761768.0	32686198.0	32061634.0	32264402.0	32159143.0	32675996.0	32761783.0	32159525.0	32061754.0	32095119.0	32159128.0	32264332.0	32264372.0	32868772.0	31744040.0	32686193.0	32264452.0	32960509.0	33298088.0	32264422.0	33985447.0	32008479.0	32686143.0	32159395.0	33384286.0	32675978.0	32159465.0	32159575.0	.0	33906538.0	.0	64139247.0	32960422.0	32264442.0	33195284.0	.0	32264347.0	63507535.0	.0	64666556.0	32008380.0	32960392.0	.0	32761885.0	64582973.0	.0	33195289.0	32159208.0	.0	32761656.0	32264337.0	32159560.0	64582923.0	33195334.0	33985307.0	63850044.0	64666667.0	.0	32868767.0	.0	63704173.0	.0	63704098.0	63704158.0	32686148.0	64666336.0	64666271.0	64582531.0	63850049.0	.0	.0	.0	32960493.0	.0	.0	.0	33195324.0	64582571.0	
numberOfPoint-----------------	1	1	1	1	1	1	1	1	1	1	1	1	1	1	1	1	1	1	1	1	1	1	1	1	1	1	1	1	1	1	1	1	1	1	1	1	1	1	1	1	1	1	1	1	1	1	1	1	1	1	2	1	0	1	1	1	2	0	2	2	0	1	2	1	0	1	1	0	2	1	0	2	0	1	2	1	1	1	1	0	1	0	3	0	1	1	2	1	1	2	1	0	2	1	1	1	0	1	3	1	
standardDeviation-------------	.0	.0	.0	.0	.0	.0	.0	.0	.0	.0	.0	.0	.0	.0	.0	.0	.0	.0	.0	.0	.0	.0	.0	.0	.0	.0	.0	.0	.0	.0	.0	.0	.0	.0	.0	.0	.0	.0	.0	.0	.0	.0	.0	.0	.0	.0	.0	.0	.0	.0	6.51	7.21	.0	3.11	.63	7.75	7.27	.0	5.2	8.37	.0	9.45	5.49	6.3	.0	4.91	7.06	.0	8.44	2.56	.0	7.06	.0	1.75	5.69	1.63	.5	2.13	1.26	.0	5.95	.0	10.75	.0	3.32	.72	5.35	6.1	1.9	6.17	1.7	.0	7.38	3.19	1.98	5.01	.0	13.38	9.88	2.08	
initialCoverageValue----------	360	360	360	360	360	360	360	360	360	360	360	360	360	360	360	360	360	360	360	360	360	360	360	360	360	360	360	360	360	360	360	360	360	360	360	360	360	360	360	360	360	360	360	360	360	360	360	360	360	360	360	360	360	360	360	360	360	360	360	360	360	360	360	360	360	360	360	360	360	360	360	360	360	360	360	360	360	360	360	360	360	360	360	360	360	360	360	360	360	360	360	360	360	360	360	360	360	360	360	360	
initialRedundantCoverageValue-	2520	1860	2700	2100	1980	2520	1800	2700	2580	2820	2100	2280	2280	1500	2880	2400	2460	2340	1860	1800	2400	2520	2160	1860	2880	2160	2280	2340	2340	2340	3000	3120	2520	2220	2820	2040	3060	2760	2340	2640	2220	2640	1800	2460	2040	2700	2100	2160	2280	2940	2640	3060	2220	2100	2700	2220	2340	2640	2520	2700	2340	2700	2040	2220	2460	3360	3060	2340	2340	2940	2580	2160	3720	2820	2460	2460	2880	2760	2520	1560	2820	2340	2400	2100	2520	2220	1920	2520	3060	2400	2520	1500	2100	1920	2640	2340	2220	1860	3060	2400	
additionalPoiTime-------------	249601.6
algorithmTime-----------------	2.98774262584E10
serverTime--------------------	546003.5
Total Transferred Metadata----	2490

Photo List Size: 941
Gained Coverage %-------------	0.7438888888888889
Gained Redundancy %-----------	0.11999669885285137
Total Cluster Created---------	0
Total Transferred Photo-------	36120
Total Photo at Destination----	974
Coverage Group----------------	1-30	31-60	61-90	91-120	121-150	151-180	181-210	211-240	241-270	271-300	301-330	331-360	
Coverage Distribution---------	0	2	0	7	3	3	11	5	13	9	19	28	
Ratio Group-------------------	.0	.1	.2	.3	.4	.5	.6	.7	.8	.9	1.0	
Coverage Ratio----------------	0	0	2	4	5	4	12	9	12	20	32	
Redundant Ratio---------------	6	46	18	28	2	0	0	0	0	0	0	
NumberOfPoint Group-----------	0	1	2	3	
NumOfPoint Distribution-------	12	25	11	2	
SD Group----------------------	0-1	1-2	2-3	3-4	4-5	5-6	6-7	7-8	8-9	9-10	10-11	11-12	12-13	13-14	
SD Distribution---------------	65	6	3	3	1	6	4	6	2	2	1	0	0	1	
Half Coverage Group-----------	0-16038847	16038847-32077694	32077694-48116541	48116541-64155388	64155388-80194235	80194235-96233082	96233082-112271929	112271929-128310776	128310776-144349623	144349623-160388470	160388470-176427317	
Half Cvg Time Distribution----	0	11	57	8	8	0	0	0	0	0	0	
Transferred Photo Group-------	0-16038847	16038847-32077694	32077694-48116541	48116541-64155388	64155388-80194235	80194235-96233082	96233082-112271929	112271929-128310776	128310776-144349623	144349623-160388470	160388470-176427317	
Photo Time Distribution-------	8200	30441	40994	36052	18443	604	275	1261	500	27	0	

Cvg&Red Distribution----------	0.0	2.0	3.2077694E7	6.4155388E7	1.28310776E8	1.6038847E8	9.6233082E7	
Average PhotoNum--------------	26.63888888888889	26.63888888888889	54.861111111111114	69.5	73.59444444444445	73.96111111111111	71.52777777777777	
Nodes Above Average-----------	102	102	76	107	111	113	109	
Nodes Below Average-----------	78	78	104	73	69	67	71	

Average Coverage--------------	1557.0277777777778	1557.0277777777778	3007.277777777778	3754.3555555555554	3966.45	3986.0944444444444	3861.8944444444446	
Nodes Above Average-----------	102	102	76	108	112	114	112	
Nodes Below Average-----------	78	78	104	72	68	66	68	
Photos Above Average----------	33	33	94	97	98	98	97	
Photos Below Average----------	17	17	25	27	32	31	28	
Network Coverage--------------	36000	36000	36000	36000	36000	36000	36000	

Average Redundancy------------	41.30555555555556	41.30555555555556	284.3888888888889	415.64444444444445	449.21666666666664	451.5722222222222	429.77222222222224	
Nodes Above Average-----------	76	76	71	99	99	101	99	
Nodes Below Average-----------	104	104	109	81	81	79	81	
Photos Above Average----------	32	32	96	98	99	99	98	
Photos Below Average----------	22	22	27	33	41	41	38	
Network Redundancy------------	251700	251700	556500	714600	758820	762780	736500	

