Message stats for scenario K_2-Photo_5000-Scenario_5-ActualPOI_50
sim_time: 160388470.0000

Photo List Size: 12679
coverageValue-----------------	287	342	209	230	321	245	336	204	214	307	332	209	321	316	292	265	286	308	216	326	325	314	173	332	360	255	346	312	200	303	250	360	327	296	284	285	167	266	336	233	299	277	331	214	270	316	315	158	211	344	175	120	256	212	180	249	332	169	129	308	218	195	258	252	282	302	120	232	256	219	184	226	166	232	216	257	215	254	172	253	227	276	245	260	180	218	170	176	313	261	190	298	263	283	120	276	135	261	202	304	
redundantCoverageValue--------	193	138	151	130	159	55	204	36	146	173	268	91	99	164	128	215	134	232	84	214	275	106	127	268	300	105	194	168	160	237	170	240	213	124	256	195	13	214	144	67	181	263	149	146	90	224	45	142	89	256	65	0	104	28	0	111	208	131	51	172	202	45	102	228	78	118	0	128	44	141	116	74	134	248	84	43	85	106	8	167	193	144	115	160	0	82	10	184	167	159	170	122	217	137	0	384	45	219	98	176	
halfCoverageTime--------------	33298098.0	32960422.0	64582446.0	64666210.0	32095124.0	33205480.0	32264312.0	32761721.0	63704083.0	32264452.0	32960493.0	32159375.0	63271974.0	32095139.0	32061623.0	64582466.0	32159148.0	33178430.0	32761762.0	64582431.0	32761686.0	33985312.0	.0	32264247.0	32159113.0	33266799.0	32008604.0	32960345.0	32159405.0	33195289.0	63704158.0	32095134.0	32960427.0	32686143.0	32960320.0	32868737.0	.0	64666169.0	32159465.0	33906503.0	32264372.0	32960362.0	32868767.0	63849939.0	63849959.0	32960462.0	33906538.0	.0	33178450.0	32761696.0	.0	.0	63704213.0	63704088.0	32960442.0	63704103.0	32008397.0	.0	.0	32061603.0	33266794.0	63849949.0	32159208.0	32264252.0	33036185.0	32264437.0	.0	33195304.0	32008464.0	32960452.0	32264382.0	63704078.0	.0	32264307.0	63704153.0	32008264.0	32264267.0	33266776.0	.0	32159163.0	63849912.0	32159178.0	32264412.0	32264387.0	32008494.0	33205500.0	.0	.0	32061669.0	32008336.0	64666371.0	33178420.0	32159475.0	32264322.0	.0	63704198.0	.0	32264582.0	63704143.0	33906508.0	
numberOfPoint-----------------	1	1	1	1	1	1	1	1	1	1	1	1	1	1	1	1	1	1	1	1	1	1	1	1	1	1	1	1	1	1	1	1	1	1	1	1	1	1	1	1	1	1	1	1	1	1	1	1	1	1	7	2	4	3	11	2	4	2	7	9	5	6	8	6	5	6	6	7	1	15	3	7	5	7	4	1	9	8	3	7	3	3	2	10	1	3	5	4	3	3	3	3	5	6	1	4	3	9	1	6	
standardDeviation-------------	.0	.0	.0	.0	.0	.0	.0	.0	.0	.0	.0	.0	.0	.0	.0	.0	.0	.0	.0	.0	.0	.0	.0	.0	.0	.0	.0	.0	.0	.0	.0	.0	.0	.0	.0	.0	.0	.0	.0	.0	.0	.0	.0	.0	.0	.0	.0	.0	.0	.0	9.9	5.89	8.23	7.63	6.88	5.4	9.21	5.19	6.84	7.67	6.57	8.15	6.86	7.18	5.81	5.98	7.13	7.31	6.21	8.35	5.71	8.01	8.95	9.85	6.57	4.55	7.13	7.66	4.79	8.21	6.89	8.65	8.89	7.0	9.7	5.92	8.23	6.17	4.43	4.26	9.22	5.46	9.51	6.25	2.72	8.36	6.89	6.4	.14	8.5	
initialCoverageValue----------	360	360	360	360	360	360	360	360	360	360	360	360	360	360	360	360	360	360	360	360	351	360	360	360	360	360	360	360	360	360	357	360	360	360	360	360	360	360	360	342	360	360	360	360	359	360	360	360	360	360	360	359	360	360	360	348	360	360	356	360	360	360	360	360	360	360	360	360	360	360	360	360	360	360	360	360	360	360	360	360	360	360	360	360	360	360	360	360	360	360	360	360	360	360	360	360	360	360	360	360	
initialRedundantCoverageValue-	2580	2340	2100	2280	3000	2160	3120	2220	2220	2580	3420	2340	2880	2520	2160	2640	3000	2700	2460	3180	2229	2220	1980	3060	3240	2100	2640	1620	2040	2700	1803	3000	2160	2340	2580	2400	1800	1860	2940	1758	2760	2640	2400	2820	2221	1680	2580	1620	2160	3300	2580	1921	2160	2220	2040	2172	2460	2100	2044	2220	2700	2460	2280	2340	2400	2940	2100	2340	2640	2340	2700	1800	2820	2220	2280	1860	2700	2940	1920	2280	2820	2160	2280	2100	2760	1740	2400	2040	2580	3240	2580	2700	2940	2220	2460	3180	2280	3240	2040	2580	
additionalPoiTime-------------	0.0
algorithmTime-----------------	1.31196841E7
serverTime--------------------	2.43517561E7
Total Transferred Metadata----	3612

Photo List Size: 12679
Gained Coverage %-------------	0.7043279928793947
Gained Redundancy %-----------	0.05755389759046066
Total Cluster Created---------	50
Total Transferred Photo-------	1703
Total Photo at Destination----	659
Coverage Group----------------	1-30	31-60	61-90	91-120	121-150	151-180	181-210	211-240	241-270	271-300	301-330	331-360	
Coverage Distribution---------	0	0	0	3	2	11	8	16	19	13	17	11	
Ratio Group-------------------	.0	.1	.2	.3	.4	.5	.6	.7	.8	.9	1.0	
Coverage Ratio----------------	0	0	0	0	5	11	15	12	25	18	14	
Redundant Ratio---------------	5	89	6	0	0	0	0	0	0	0	0	
NumberOfPoint Group-----------	0	1	2	3	4	5	6	7	8	9	10	11	12	13	14	15	
NumOfPoint Distribution-------	0	5	4	11	5	5	6	6	2	3	1	1	0	0	0	1	
SD Group----------------------	0-1	1-2	2-3	3-4	4-5	5-6	6-7	7-8	8-9	9-10	
SD Distribution---------------	51	0	1	0	4	8	11	8	11	6	
Half Coverage Group-----------	0-16038847	16038847-32077694	32077694-48116541	48116541-64155388	64155388-80194235	80194235-96233082	96233082-112271929	112271929-128310776	128310776-144349623	144349623-160388470	160388470-176427317	
Half Cvg Time Distribution----	0	9	57	14	6	0	0	0	0	0	0	
Transferred Photo Group-------	0-16038847	16038847-32077694	32077694-48116541	48116541-64155388	64155388-80194235	80194235-96233082	96233082-112271929	112271929-128310776	128310776-144349623	144349623-160388470	160388470-176427317	
Photo Time Distribution-------	552	1269	2128	503	483	14	0	13	10	0	0	

Cvg&Red Distribution----------	0.0	2.0	3.2077694E7	6.4155388E7	1.28310776E8	1.6038847E8	9.6233082E7	
Average PhotoNum--------------	26.63888888888889	26.63888888888889	27.983333333333334	29.288888888888888	30.02777777777778	30.02777777777778	30.02777777777778	
Nodes Above Average-----------	102	102	97	78	73	73	73	
Nodes Below Average-----------	78	78	83	102	107	107	107	

Average Coverage--------------	1561.7833333333333	1561.7833333333333	1631.7722222222221	1703.7777777777778	1745.7444444444445	1745.7444444444445	1745.7444444444445	
Nodes Above Average-----------	99	99	93	81	78	78	78	
Nodes Below Average-----------	81	81	87	99	102	102	102	
Photos Above Average----------	33	33	36	41	43	43	43	
Photos Below Average----------	17	17	18	19	19	19	19	
Network Coverage--------------	35952	35952	35952	35938	35938	35938	35938	

Average Redundancy------------	36.55	36.55	47.227777777777774	53.55555555555556	55.922222222222224	55.922222222222224	55.922222222222224	
Nodes Above Average-----------	73	73	65	59	57	57	57	
Nodes Below Average-----------	107	107	115	121	123	123	123	
Photos Above Average----------	32	32	36	40	44	44	44	
Photos Below Average----------	22	22	23	23	23	23	23	
Network Redundancy------------	251748	251748	266268	280382	288362	288362	288362	

