Message stats for scenario K_2-Photo_5000-Scenario_4-ActualPOI_50
sim_time: 160388470.0000

Photo List Size: 12396
coverageValue-----------------	235	235	272	297	251	270	223	310	332	278	218	273	284	343	214	280	150	282	323	60	301	334	291	277	360	298	203	325	355	304	273	239	300	328	274	243	236	353	221	307	182	160	188	179	275	316	231	155	276	277	235	235	180	281	267	310	338	219	252	214	209	134	257	233	276	280	178	211	269	203	287	229	244	261	216	286	271	252	209	254	264	280	288	249	180	242	309	216	244	180	283	250	147	351	235	216	120	240	321	305	
redundantCoverageValue--------	245	125	268	123	169	90	77	290	88	142	142	147	76	197	266	140	150	198	337	0	179	206	129	143	300	182	97	335	245	176	147	61	240	212	146	57	64	307	79	113	58	140	172	1	205	104	69	145	144	203	5	65	0	139	93	50	382	261	228	86	31	46	103	67	84	80	2	149	151	37	193	71	56	99	84	134	149	48	91	286	96	140	252	111	0	178	231	24	116	0	317	230	33	369	245	24	0	180	219	175	
halfCoverageTime--------------	33178431.0	32960427.0	33036185.0	64582431.0	63704198.0	63704233.0	63704183.0	33195264.0	32159445.0	32675996.0	64666506.0	32159385.0	32686133.0	32264587.0	64139252.0	32159485.0	.0	64582426.0	33906593.0	.0	32686098.0	32960377.0	64666185.0	32264302.0	32686093.0	32264297.0	32264582.0	32008594.0	32264332.0	33906578.0	32960392.0	63507464.0	32264307.0	32960345.0	32264407.0	63849964.0	63507475.0	32061714.0	64582456.0	32264377.0	63507449.0	.0	64666391.0	.0	32159183.0	32960387.0	32960382.0	.0	63507429.0	33298098.0	32061731.0	63849944.0	64666476.0	32264272.0	32868767.0	32061699.0	32008459.0	32061721.0	32264592.0	32686123.0	63704083.0	.0	33266829.0	32159480.0	63704128.0	32264292.0	.0	32761737.0	32686088.0	63704118.0	32159405.0	32686163.0	64666346.0	33195369.0	33266748.0	32686193.0	32159455.0	32264612.0	64666331.0	33906508.0	32761783.0	32675978.0	33195309.0	32686178.0	63849929.0	32264247.0	32008484.0	63704178.0	32264267.0	63704078.0	32675990.0	32159163.0	.0	32264327.0	32264277.0	32761752.0	.0	63849999.0	32008270.0	32008264.0	
numberOfPoint-----------------	1	1	1	1	1	1	1	1	1	1	1	1	1	1	1	1	1	1	1	1	1	1	1	1	1	1	1	1	1	1	1	1	1	1	1	1	1	1	1	1	1	1	1	1	1	1	1	1	1	1	4	4	3	3	3	6	1	7	2	4	2	4	7	3	5	6	2	1	4	2	3	2	8	10	6	3	3	2	2	5	16	4	5	6	4	4	5	3	2	4	4	6	2	1	3	2	1	1	3	3	
standardDeviation-------------	.0	.0	.0	.0	.0	.0	.0	.0	.0	.0	.0	.0	.0	.0	.0	.0	.0	.0	.0	.0	.0	.0	.0	.0	.0	.0	.0	.0	.0	.0	.0	.0	.0	.0	.0	.0	.0	.0	.0	.0	.0	.0	.0	.0	.0	.0	.0	.0	.0	.0	10.39	5.31	6.92	4.47	6.42	8.12	2.64	8.89	4.76	5.95	8.91	5.66	7.86	8.98	4.34	7.15	6.67	1.17	8.35	8.03	5.99	5.93	9.12	7.18	6.41	5.39	8.85	7.01	3.93	6.91	6.66	9.75	8.49	6.95	9.33	8.05	6.02	8.98	5.17	9.02	9.09	5.92	5.14	.72	7.48	9.38	.7	3.52	5.8	9.66	
initialCoverageValue----------	360	360	360	360	360	360	360	360	360	360	360	360	360	360	360	360	360	360	360	360	360	360	360	360	360	360	360	360	360	360	360	360	360	360	360	360	360	360	360	360	360	360	360	360	360	360	360	360	360	360	360	360	360	360	360	360	360	360	360	360	360	360	360	360	360	360	360	360	360	360	360	360	360	360	360	360	360	360	360	360	360	360	360	360	360	360	360	360	360	360	360	360	360	360	360	360	360	360	360	360	
initialRedundantCoverageValue-	1860	2760	2940	2340	2640	1920	2280	2700	2160	2880	2520	2520	2820	2640	1980	1920	1740	2940	2100	1740	2280	2520	2160	2400	2520	2580	1800	2760	3180	2820	2520	2460	2100	1920	2880	2220	1980	2940	2460	3000	2640	2460	2400	1980	2520	2640	1980	2580	2460	2340	2640	2400	1560	2160	2520	2880	2820	2760	3240	2580	2100	2280	3240	2220	2340	2280	1860	1980	2580	2760	2820	1860	2640	2400	2700	2460	2340	1980	2100	2400	2040	2580	2040	2880	2520	2700	2400	2100	2220	2340	1800	2940	2640	2700	2580	2460	1440	2460	2640	3300	
additionalPoiTime-------------	1.957032545E8
algorithmTime-----------------	1.5288098E7
serverTime--------------------	2.33065494E7
Total Transferred Metadata----	3611

Photo List Size: 12396
Gained Coverage %-------------	0.7055833333333333
Gained Redundancy %-----------	0.05828592629235716
Total Cluster Created---------	50
Total Transferred Photo-------	1748
Total Photo at Destination----	660
Coverage Group----------------	1-30	31-60	61-90	91-120	121-150	151-180	181-210	211-240	241-270	271-300	301-330	331-360	
Coverage Distribution---------	0	1	0	1	3	7	6	21	16	25	12	8	
Ratio Group-------------------	.0	.1	.2	.3	.4	.5	.6	.7	.8	.9	1.0	
Coverage Ratio----------------	0	0	1	0	2	9	12	24	28	14	10	
Redundant Ratio---------------	5	81	14	0	0	0	0	0	0	0	0	
NumberOfPoint Group-----------	0	1	2	3	4	5	6	7	8	9	10	11	12	13	14	15	16	
NumOfPoint Distribution-------	0	5	10	11	10	4	5	2	1	0	1	0	0	0	0	0	1	
SD Group----------------------	0-1	1-2	2-3	3-4	4-5	5-6	6-7	7-8	8-9	9-10	10-11	
SD Distribution---------------	52	1	1	2	3	10	8	5	10	7	1	
Half Coverage Group-----------	0-16038847	16038847-32077694	32077694-48116541	48116541-64155388	64155388-80194235	80194235-96233082	96233082-112271929	112271929-128310776	128310776-144349623	144349623-160388470	160388470-176427317	
Half Cvg Time Distribution----	0	9	56	17	9	0	0	0	0	0	0	
Transferred Photo Group-------	0-16038847	16038847-32077694	32077694-48116541	48116541-64155388	64155388-80194235	80194235-96233082	96233082-112271929	112271929-128310776	128310776-144349623	144349623-160388470	160388470-176427317	
Photo Time Distribution-------	592	1953	2555	689	544	13	0	15	18	0	0	

Cvg&Red Distribution----------	0.0	2.0	3.2077694E7	6.4155388E7	1.28310776E8	1.6038847E8	9.6233082E7	
Average PhotoNum--------------	26.63888888888889	26.63888888888889	27.994444444444444	29.43888888888889	30.13888888888889	30.13888888888889	30.13888888888889	
Nodes Above Average-----------	102	102	97	76	71	71	71	
Nodes Below Average-----------	78	78	83	104	109	109	109	

Average Coverage--------------	1559.8833333333334	1559.8833333333334	1632.8833333333334	1711.9277777777777	1750.7333333333333	1750.7333333333333	1750.7333333333333	
Nodes Above Average-----------	101	101	91	77	75	75	75	
Nodes Below Average-----------	79	79	89	103	105	105	105	
Photos Above Average----------	33	33	37	42	44	44	44	
Photos Below Average----------	17	17	18	19	20	20	20	
Network Coverage--------------	35999	35999	35999	35996	35990	35990	35990	

Average Redundancy------------	38.45	38.45	46.78333333333333	54.40555555555556	57.6	57.6	57.6	
Nodes Above Average-----------	67	67	64	59	56	56	56	
Nodes Below Average-----------	113	113	116	121	124	124	124	
Photos Above Average----------	32	32	36	42	45	45	45	
Photos Below Average----------	23	23	23	23	23	23	23	
Network Redundancy------------	251701	251701	266341	281944	289510	289510	289510	

