Message stats for scenario Photo_5000-Scenario_6-ActualPOI_50-K_2
sim_time: 160388470.0000

Photo List Size: 847
coverageValue-----------------	305	283	334	259	217	329	138	269	341	284	269	288	296	272	217	340	243	272	258	267	293	240	307	289	260	216	276	143	94	338	240	359	303	289	227	241	320	301	319	292	242	297	355	272	341	217	223	276	295	269	344	208	185	273	204	267	313	287	240	234	241	260	250	309	271	239	291	231	295	238	260	352	253	326	342	341	180	354	223	162	245	329	161	317	325	212	270	305	333	319	240	266	348	240	264	333	332	338	270	167	
redundantCoverageValue--------	295	437	566	281	263	271	102	271	199	136	211	372	184	148	83	380	117	208	162	273	367	120	113	311	100	204	204	97	86	442	360	241	297	371	253	119	280	359	401	308	58	303	245	88	319	143	257	264	365	331	436	152	55	147	96	33	167	253	0	66	119	280	110	291	389	121	189	249	365	62	160	308	287	154	318	379	0	426	137	78	115	211	79	163	155	148	210	355	387	401	180	274	312	0	96	507	388	322	270	193	
halfCoverageTime--------------	32960372.0	32264307.0	32264387.0	32761661.0	33298093.0	32264322.0	.0	33906598.0	32061719.0	33036189.0	32686173.0	33195354.0	32960452.0	32159148.0	63849974.0	32008434.0	33985392.0	32960412.0	63849924.0	32868732.0	32264297.0	32510968.0	32008253.0	33985407.0	64666366.0	32264337.0	32868752.0	.0	.0	32264407.0	32159168.0	32761676.0	32960504.0	32008341.0	32761810.0	32761742.0	32008444.0	32761757.0	32868782.0	32061744.0	63849999.0	32061704.0	32061714.0	33195254.0	32159385.0	33384366.0	64582401.0	32686113.0	32960472.0	33195349.0	32761701.0	33205492.0	33985387.0	32686103.0	63849989.0	33195319.0	33266814.0	32159133.0	63704143.0	64666581.0	33985307.0	2334914.0	63507515.0	32761666.0	63271969.0	32960520.0	32159158.0	32264277.0	32264317.0	64666451.0	33384276.0	32061734.0	33906538.0	32095139.0	32761686.0	32761815.0	64666541.0	32159143.0	63704193.0	.0	33384431.0	63271974.0	.0	33384466.0	32095119.0	32960427.0	33384271.0	32264357.0	32008519.0	32061724.0	32960407.0	32960350.0	32061729.0	63704098.0	64666401.0	32008228.0	32686143.0	32061634.0	32960432.0	.0	
numberOfPoint-----------------	1	1	1	1	1	1	1	1	1	1	1	1	1	1	1	1	1	1	1	1	1	1	1	1	1	1	1	1	1	1	1	1	1	1	1	1	1	1	1	1	1	1	1	1	1	1	1	1	1	1	1	0	0	1	1	1	1	2	0	1	1	2	2	1	1	2	1	1	2	2	2	2	1	1	1	2	1	2	1	1	1	1	0	2	2	0	1	1	1	1	1	1	2	0	1	1	1	1	1	1	
standardDeviation-------------	.0	.0	.0	.0	.0	.0	.0	.0	.0	.0	.0	.0	.0	.0	.0	.0	.0	.0	.0	.0	.0	.0	.0	.0	.0	.0	.0	.0	.0	.0	.0	.0	.0	.0	.0	.0	.0	.0	.0	.0	.0	.0	.0	.0	.0	.0	.0	.0	.0	.0	3.06	.0	.0	6.6	6.7	7.74	5.44	9.98	.0	2.91	4.14	5.49	8.81	2.65	4.53	6.87	4.92	7.06	8.67	8.86	5.49	10.45	1.41	2.3	3.16	6.97	6.96	8.47	6.74	11.14	6.84	6.14	.0	9.28	9.81	.0	6.94	3.61	6.37	4.53	4.69	2.96	8.48	.0	2.46	.14	3.23	4.87	8.54	5.32	
initialCoverageValue----------	360	360	360	360	360	360	344	360	360	360	360	360	360	360	360	360	360	360	360	360	360	360	360	360	360	360	360	360	360	360	360	360	360	360	360	360	360	360	360	360	360	360	360	360	360	360	360	360	360	360	360	360	360	360	360	360	360	360	360	360	360	360	360	360	360	360	360	360	360	360	360	360	360	360	360	360	360	360	360	358	360	360	360	360	360	360	360	360	360	360	360	360	360	360	360	360	360	360	360	360	
initialRedundantCoverageValue-	2460	2100	2640	2400	2460	2700	2716	2160	2220	2700	2700	2520	2280	2580	1860	2340	2700	2280	1920	3000	2280	2280	2820	2880	2520	2040	2280	1740	2940	3180	2700	2520	2460	2760	2460	1680	2820	3000	2640	3000	2280	2700	2520	2460	2640	2820	2220	2880	3060	2220	2280	2760	2100	2400	1860	2340	2340	2280	2100	2580	2160	2280	2220	2220	3060	2340	2580	2640	2220	1860	2160	2580	2520	2340	2520	2880	1380	2700	2400	1622	1860	2400	2220	2400	3000	1800	2400	2940	2100	2340	2160	2760	2820	2640	2280	2760	3120	2100	3120	2400	
additionalPoiTime-------------	120000.0
algorithmTime-----------------	5.6546E8
serverTime--------------------	2010000.0
Total Transferred Metadata----	2849

Photo List Size: 847
Gained Coverage %-------------	0.7559891056639431
Gained Redundancy %-----------	0.09375280752047958
Total Cluster Created---------	0
Total Transferred Photo-------	3528
Total Photo at Destination----	876
Coverage Group----------------	1-30	31-60	61-90	91-120	121-150	151-180	181-210	211-240	241-270	271-300	301-330	331-360	
Coverage Distribution---------	0	0	0	1	2	4	3	17	21	20	15	17	
Ratio Group-------------------	.0	.1	.2	.3	.4	.5	.6	.7	.8	.9	1.0	
Coverage Ratio----------------	0	0	0	1	1	5	5	21	26	20	21	
Redundant Ratio---------------	3	55	40	2	0	0	0	0	0	0	0	
NumberOfPoint Group-----------	0	1	2	
NumOfPoint Distribution-------	6	31	13	
SD Group----------------------	0-1	1-2	2-3	3-4	4-5	5-6	6-7	7-8	8-9	9-10	10-11	11-12	
SD Distribution---------------	57	1	5	4	6	4	10	2	6	3	1	1	
Half Coverage Group-----------	0-16038847	16038847-32077694	32077694-48116541	48116541-64155388	64155388-80194235	80194235-96233082	96233082-112271929	112271929-128310776	128310776-144349623	144349623-160388470	160388470-176427317	
Half Cvg Time Distribution----	1	14	63	10	6	0	0	0	0	0	0	
Transferred Photo Group-------	0-16038847	16038847-32077694	32077694-48116541	48116541-64155388	64155388-80194235	80194235-96233082	96233082-112271929	112271929-128310776	128310776-144349623	144349623-160388470	160388470-176427317	
Photo Time Distribution-------	558	2304	5394	1699	1367	27	0	49	25	0	0	

Cvg&Red Distribution----------	0.0	2.0	3.2077694E7	6.4155388E7	1.28310776E8	1.6038847E8	9.6233082E7	
Average PhotoNum--------------	26.63888888888889	26.63888888888889	29.744444444444444	35.03333333333333	36.12222222222222	36.12222222222222	36.05555555555556	
Nodes Above Average-----------	102	102	83	58	56	56	55	
Nodes Below Average-----------	78	78	97	122	124	124	125	

Average Coverage--------------	1560.2333333333333	1560.2333333333333	1727.2722222222221	2011.2722222222221	2070.4	2070.4	2066.5944444444444	
Nodes Above Average-----------	99	99	86	62	64	64	63	
Nodes Below Average-----------	81	81	94	118	116	116	117	
Photos Above Average----------	34	34	41	60	62	62	62	
Photos Below Average----------	17	17	19	21	21	21	21	
Network Coverage--------------	35982	35982	35982	35982	35982	35982	35982	

Average Redundancy------------	38.1	38.1	57.394444444444446	90.72777777777777	96.93333333333334	96.93333333333334	96.7388888888889	
Nodes Above Average-----------	79	79	55	49	48	48	48	
Nodes Below Average-----------	101	101	125	131	132	132	132	
Photos Above Average----------	31	31	42	63	67	67	67	
Photos Below Average----------	22	22	24	24	24	24	24	
Network Redundancy------------	251718	251718	285258	342378	354138	354138	353418	

