Message stats for scenario Photo_5000-Scenario_7-ActualPOI_50-K_2
sim_time: 160388470.0000

Photo List Size: 4495
coverageValue-----------------	334	198	248	275	279	197	198	264	315	301	281	239	241	319	200	180	133	156	195	336	161	292	249	298	217	282	60	241	270	210	193	221	304	180	315	197	266	140	242	336	300	288	239	193	264	360	260	247	294	290	314	298	322	360	284	316	286	263	306	311	251	265	306	270	310	240	344	333	244	284	317	334	232	250	323	131	328	269	332	303	283	261	332	180	323	309	349	287	181	216	297	360	281	273	289	276	189	335	279	304	
redundantCoverageValue--------	266	162	112	265	21	163	162	96	285	179	199	181	239	281	40	0	47	84	45	504	199	188	291	182	23	258	0	119	30	210	167	259	56	0	45	283	94	160	58	444	120	372	61	287	276	420	100	173	306	250	166	302	338	420	316	164	314	397	354	229	169	215	234	150	290	360	376	327	116	256	223	686	188	230	157	49	272	91	688	177	77	159	448	0	157	231	371	313	179	84	423	600	259	147	131	264	111	145	141	296	
halfCoverageTime--------------	32960387.0	64666286.0	32159435.0	33195364.0	32159208.0	33906493.0	32868747.0	64666241.0	32761805.0	32264277.0	33985397.0	32264592.0	64582476.0	32061684.0	64582406.0	64666762.0	.0	.0	64666416.0	32061679.0	.0	32761701.0	63849994.0	33298118.0	64582451.0	33985372.0	.0	64582391.0	32960382.0	33985352.0	64666581.0	64666667.0	32960452.0	64666611.0	32159485.0	33985347.0	64666571.0	.0	33906608.0	32159430.0	32761651.0	33906598.0	64666180.0	64139272.0	32264607.0	32159470.0	63507444.0	63704148.0	32761726.0	32008594.0	32761778.0	32159370.0	33985377.0	32686208.0	32686113.0	32095134.0	32960325.0	32960498.0	32868707.0	32761721.0	33266834.0	63704178.0	32264357.0	32264602.0	33906528.0	33195334.0	32264262.0	32675990.0	33178445.0	32061674.0	32061749.0	32008614.0	32264322.0	32686103.0	33195249.0	.0	32159133.0	32960402.0	32061724.0	63704238.0	33266759.0	64666401.0	32008484.0	63704203.0	63704158.0	32264417.0	32008439.0	32686083.0	64666707.0	33007252.0	32960478.0	32159460.0	33195269.0	32264317.0	32761661.0	32061613.0	32159153.0	33195284.0	32159173.0	32008529.0	
numberOfPoint-----------------	1	1	1	1	1	1	1	1	1	1	1	1	1	1	1	1	1	1	1	1	1	1	1	1	1	1	1	1	1	1	1	1	1	1	1	1	1	1	1	1	1	1	1	1	1	1	1	1	1	1	5	5	4	3	2	4	7	4	3	2	4	5	3	3	4	4	3	3	8	5	4	2	1	4	8	3	9	4	4	3	2	1	4	3	9	2	3	5	6	3	2	0	4	6	2	2	4	2	4	4	
standardDeviation-------------	.0	.0	.0	.0	.0	.0	.0	.0	.0	.0	.0	.0	.0	.0	.0	.0	.0	.0	.0	.0	.0	.0	.0	.0	.0	.0	.0	.0	.0	.0	.0	.0	.0	.0	.0	.0	.0	.0	.0	.0	.0	.0	.0	.0	.0	.0	.0	.0	.0	.0	7.93	8.52	7.37	8.09	7.98	6.89	8.13	6.93	6.54	5.36	8.37	7.33	5.75	6.49	6.62	8.1	8.14	9.18	7.96	7.85	5.94	5.19	6.74	6.95	8.45	6.64	7.87	7.69	6.43	7.14	7.74	4.8	5.01	5.56	7.57	9.36	8.44	5.1	5.66	4.34	5.72	.0	9.68	7.42	6.36	7.33	8.34	5.71	8.73	9.17	
initialCoverageValue----------	360	360	360	360	360	360	360	360	360	360	360	360	360	360	360	360	360	360	360	360	360	360	360	360	360	360	360	360	360	360	360	360	360	360	360	360	360	360	360	360	360	360	360	360	360	360	360	353	360	360	360	360	360	360	360	360	360	360	360	360	360	360	360	360	360	360	360	360	360	360	360	360	360	360	360	360	360	360	360	360	360	360	360	360	360	360	360	360	360	360	360	360	360	360	360	360	360	360	360	360	
initialRedundantCoverageValue-	2040	2280	2880	1920	2340	2280	2880	2340	3060	2880	2040	2820	1860	2700	2340	2280	2220	2640	2520	2100	2220	2520	2460	3000	1800	2520	2220	2340	2220	3180	2160	2040	2760	2160	2400	1980	1800	2340	3480	2880	2640	3060	2340	2100	2040	2700	2340	2107	3300	3060	1980	2460	2880	3060	2340	2400	2400	2700	2640	2400	2160	2220	2160	2280	2040	2820	2580	2340	2700	2520	2220	2880	2100	2640	1800	2340	2160	2220	3060	2280	2760	1980	2220	2220	2280	2580	2640	2640	2340	2280	3240	3120	2460	2520	2040	2280	1740	1920	2340	2520	
additionalPoiTime-------------	1.95937256E8
algorithmTime-----------------	1.55532997E7
serverTime--------------------	3.23234072E7
Total Transferred Metadata----	3611

Photo List Size: 4495
Gained Coverage %-------------	0.7398105187119718
Gained Redundancy %-----------	0.08851396583801188
Total Cluster Created---------	50
Total Transferred Photo-------	1877
Total Photo at Destination----	808
Coverage Group----------------	1-30	31-60	61-90	91-120	121-150	151-180	181-210	211-240	241-270	271-300	301-330	331-360	
Coverage Distribution---------	0	1	0	0	3	5	11	7	19	22	19	13	
Ratio Group-------------------	.0	.1	.2	.3	.4	.5	.6	.7	.8	.9	1.0	
Coverage Ratio----------------	0	0	1	0	3	5	12	15	24	26	14	
Redundant Ratio---------------	4	57	35	4	0	0	0	0	0	0	0	
NumberOfPoint Group-----------	0	1	2	3	4	5	6	7	8	9	
NumOfPoint Distribution-------	1	2	9	11	15	5	2	1	2	2	
SD Group----------------------	0-1	1-2	2-3	3-4	4-5	5-6	6-7	7-8	8-9	9-10	
SD Distribution---------------	51	0	0	0	2	10	10	13	10	4	
Half Coverage Group-----------	0-16038847	16038847-32077694	32077694-48116541	48116541-64155388	64155388-80194235	80194235-96233082	96233082-112271929	112271929-128310776	128310776-144349623	144349623-160388470	160388470-176427317	
Half Cvg Time Distribution----	0	11	60	8	15	0	0	0	0	0	0	
Transferred Photo Group-------	0-16038847	16038847-32077694	32077694-48116541	48116541-64155388	64155388-80194235	80194235-96233082	96233082-112271929	112271929-128310776	128310776-144349623	144349623-160388470	160388470-176427317	
Photo Time Distribution-------	572	1956	2876	1007	701	42	0	55	40	0	0	

Cvg&Red Distribution----------	0.0	2.0	3.2077694E7	6.4155388E7	1.28310776E8	1.6038847E8	9.6233082E7	
Average PhotoNum--------------	26.63888888888889	26.63888888888889	27.977777777777778	29.266666666666666	29.95	29.95	29.95	
Nodes Above Average-----------	102	102	97	76	78	78	78	
Nodes Below Average-----------	78	78	83	104	102	102	102	

Average Coverage--------------	1558.7888888888888	1558.7888888888888	1628.6833333333334	1697.7666666666667	1735.411111111111	1735.411111111111	1735.411111111111	
Nodes Above Average-----------	101	101	93	77	77	77	77	
Nodes Below Average-----------	79	79	87	103	103	103	103	
Photos Above Average----------	33	33	36	42	43	43	43	
Photos Below Average----------	17	17	18	19	19	19	19	
Network Coverage--------------	35991	35991	35991	35991	35991	35991	35991	

Average Redundancy------------	39.544444444444444	39.544444444444444	49.983333333333334	58.233333333333334	61.58888888888889	61.58888888888889	61.58888888888889	
Nodes Above Average-----------	83	83	68	53	48	48	48	
Nodes Below Average-----------	97	97	112	127	132	132	132	
Photos Above Average----------	31	31	36	41	46	46	46	
Photos Below Average----------	22	22	22	24	24	24	24	
Network Redundancy------------	251709	251709	266169	280089	287469	287469	287469	

