Message stats for scenario K_2-Photo_5000-Scenario_7-ActualPOI_50
sim_time: 160388470.0000

Photo List Size: 4495
coverageValue-----------------	295	191	282	270	291	140	300	233	180	319	208	296	219	241	289	254	259	230	220	296	237	151	309	292	316	220	153	282	338	274	332	250	331	266	114	264	324	216	284	265	223	237	303	283	219	75	292	229	194	203	314	321	331	277	312	238	155	244	308	320	311	265	322	294	360	312	310	261	186	260	360	286	314	257	240	257	319	279	296	270	192	260	350	152	315	330	333	264	337	324	254	305	242	265	270	288	189	265	231	280	
redundantCoverageValue--------	185	109	78	150	129	40	180	247	0	281	92	304	21	179	251	166	161	250	80	124	63	29	351	368	224	80	147	138	142	206	328	110	209	214	66	336	276	144	256	155	137	63	237	257	141	105	128	71	166	217	466	459	449	263	48	182	145	176	232	280	589	215	458	246	600	348	170	339	114	220	480	194	286	223	60	403	341	261	184	150	108	100	370	148	165	270	267	216	323	216	46	115	178	335	390	72	291	215	249	200	
halfCoverageTime--------------	32960535.0	64666426.0	32868727.0	32095144.0	32264432.0	.0	32868707.0	33384286.0	64666456.0	32264467.0	63850019.0	32686118.0	32159208.0	64666566.0	33298093.0	63849959.0	33384276.0	33985382.0	64666431.0	32960356.0	64666742.0	.0	32868757.0	32868717.0	32159375.0	64582416.0	.0	33195284.0	63849912.0	32868702.0	32761794.0	33906543.0	33985332.0	63507454.0	.0	33266814.0	63704083.0	63849944.0	32159359.0	32159500.0	32868732.0	63704298.0	32761681.0	63507449.0	32686153.0	.0	32159103.0	32264297.0	64666159.0	64666205.0	32159450.0	32159118.0	32061674.0	32960350.0	63704103.0	33985312.0	.0	32686173.0	32686193.0	32868787.0	32868767.0	63704223.0	32008233.0	63704088.0	32264352.0	32960315.0	32264397.0	32264612.0	64666180.0	32686178.0	32159425.0	63704208.0	32761726.0	64582391.0	33906583.0	32686148.0	32008574.0	32264327.0	32761752.0	33906523.0	.0	33985352.0	32686123.0	.0	32686138.0	32159158.0	32159198.0	33178446.0	32159435.0	32008514.0	33266809.0	32686208.0	64666195.0	32868772.0	32008509.0	32008504.0	64666251.0	32761747.0	64666767.0	33532159.0	
numberOfPoint-----------------	1	1	1	1	1	1	1	1	1	1	1	1	1	1	1	1	1	1	1	1	1	1	1	1	1	1	1	1	1	1	1	1	1	1	1	1	1	1	1	1	1	1	1	1	1	1	1	1	1	1	1	8	4	22	2	2	2	5	2	3	4	4	2	0	4	4	2	6	2	8	4	3	4	5	6	4	10	2	4	3	3	6	9	3	2	5	4	5	3	3	3	4	4	4	4	4	8	4	3	5	
standardDeviation-------------	.0	.0	.0	.0	.0	.0	.0	.0	.0	.0	.0	.0	.0	.0	.0	.0	.0	.0	.0	.0	.0	.0	.0	.0	.0	.0	.0	.0	.0	.0	.0	.0	.0	.0	.0	.0	.0	.0	.0	.0	.0	.0	.0	.0	.0	.0	.0	.0	.0	.0	4.71	7.35	5.42	6.52	3.3	4.84	10.29	6.6	6.37	8.92	7.74	7.95	6.3	.0	8.22	8.67	5.85	6.99	7.53	7.55	8.43	4.56	5.88	9.1	7.56	6.92	6.48	6.92	5.76	4.63	6.2	7.51	5.82	8.17	5.11	6.05	9.21	3.44	4.99	7.23	9.17	7.58	7.88	9.31	9.01	6.35	7.98	7.36	6.69	5.96	
initialCoverageValue----------	360	360	360	360	360	360	360	360	360	360	360	360	360	360	360	360	360	360	360	360	360	360	360	360	360	360	360	360	360	360	360	360	360	360	360	360	360	360	360	360	360	360	360	360	360	360	360	360	360	360	360	360	360	360	360	360	360	360	360	360	360	360	360	360	360	360	360	360	360	360	360	360	360	360	360	360	360	360	360	360	360	360	360	360	360	360	360	360	360	360	360	360	360	360	360	360	360	360	360	360	
initialRedundantCoverageValue-	2400	1920	2340	2580	2460	2520	2160	2760	2220	3240	2460	2040	2100	2640	2580	2220	2280	2400	2220	2100	1980	2280	2880	2700	2220	2220	1800	2640	2940	2160	2580	2220	2340	2760	2160	3000	2460	2640	2340	2280	1800	2400	2520	2340	2400	2040	2700	2460	3000	2160	3060	2760	2460	2100	2220	1740	2340	2400	2640	2280	2760	3300	2940	2340	2880	2940	2520	2820	2460	2520	2760	2100	2400	2640	2100	2760	2340	3180	2460	2700	2160	1860	2460	3120	2100	2880	2040	2220	3000	2580	1740	1980	2040	2460	3180	2340	2820	2160	2460	2700	
additionalPoiTime-------------	2.114905557E8
algorithmTime-----------------	1.45704934E7
serverTime--------------------	1.20900775E7
Total Transferred Metadata----	3613

Photo List Size: 4495
Gained Coverage %-------------	0.7365
Gained Redundancy %-----------	0.08661937377690802
Total Cluster Created---------	50
Total Transferred Photo-------	1873
Total Photo at Destination----	807
Coverage Group----------------	1-30	31-60	61-90	91-120	121-150	151-180	181-210	211-240	241-270	271-300	301-330	331-360	
Coverage Distribution---------	0	0	1	1	1	5	7	14	22	20	20	9	
Ratio Group-------------------	.0	.1	.2	.3	.4	.5	.6	.7	.8	.9	1.0	
Coverage Ratio----------------	0	0	0	1	2	5	8	17	28	29	10	
Redundant Ratio---------------	1	65	32	2	0	0	0	0	0	0	0	
NumberOfPoint Group-----------	0	1	2	3	4	5	6	7	8	9	10	11	12	13	14	15	16	17	18	19	20	21	22	
NumOfPoint Distribution-------	1	1	9	9	16	5	3	0	3	1	1	0	0	0	0	0	0	0	0	0	0	0	1	
SD Group----------------------	0-1	1-2	2-3	3-4	4-5	5-6	6-7	7-8	8-9	9-10	10-11	
SD Distribution---------------	51	0	0	2	5	7	12	12	5	5	1	
Half Coverage Group-----------	0-16038847	16038847-32077694	32077694-48116541	48116541-64155388	64155388-80194235	80194235-96233082	96233082-112271929	112271929-128310776	128310776-144349623	144349623-160388470	160388470-176427317	
Half Cvg Time Distribution----	0	6	61	12	13	0	0	0	0	0	0	
Transferred Photo Group-------	0-16038847	16038847-32077694	32077694-48116541	48116541-64155388	64155388-80194235	80194235-96233082	96233082-112271929	112271929-128310776	128310776-144349623	144349623-160388470	160388470-176427317	
Photo Time Distribution-------	545	1942	2901	1016	754	41	0	57	34	0	0	

Cvg&Red Distribution----------	0.0	2.0	3.2077694E7	6.4155388E7	1.28310776E8	1.6038847E8	9.6233082E7	
Average PhotoNum--------------	26.63888888888889	26.63888888888889	27.977777777777778	29.322222222222223	29.93888888888889	29.93888888888889	29.93888888888889	
Nodes Above Average-----------	102	102	97	75	77	77	77	
Nodes Below Average-----------	78	78	83	105	103	103	103	

Average Coverage--------------	1556.5666666666666	1556.5666666666666	1627.7	1699.7388888888888	1734.5333333333333	1734.5333333333333	1734.5333333333333	
Nodes Above Average-----------	103	103	95	76	77	77	77	
Nodes Below Average-----------	77	77	85	104	103	103	103	
Photos Above Average----------	33	33	36	42	43	43	43	
Photos Below Average----------	17	17	18	19	19	19	19	
Network Coverage--------------	35997	35997	35997	35995	35995	35995	35995	

Average Redundancy------------	41.766666666666666	41.766666666666666	50.96666666666667	59.59444444444444	61.8	61.8	61.8	
Nodes Above Average-----------	78	78	66	52	57	57	57	
Nodes Below Average-----------	102	102	114	128	123	123	123	
Photos Above Average----------	32	32	36	44	45	45	45	
Photos Below Average----------	22	22	23	23	22	22	22	
Network Redundancy------------	251703	251703	266163	280685	287345	287345	287345	

