Message stats for scenario Photo_5000-Scenario_4-ActualPOI_50-K_3
sim_time: 160388470.0000

Photo List Size: 4495
coverageValue-----------------	267	221	341	213	226	311	235	270	342	305	284	148	305	120	217	245	178	309	129	271	275	301	211	312	279	224	60	255	215	208	305	228	238	273	232	256	185	289	135	120	149	296	281	258	129	149	208	273	211	214	268	137	302	308	347	281	299	327	313	244	329	292	352	279	338	254	251	295	302	352	343	183	335	313	310	231	255	318	268	227	312	326	326	295	302	294	246	334	268	307	295	232	200	335	256	340	216	254	360	306	
redundantCoverageValue--------	93	199	319	87	74	169	125	150	138	415	196	32	55	0	143	115	122	291	51	209	85	179	269	408	201	196	0	165	145	212	115	132	122	207	68	164	115	251	45	0	91	244	259	102	291	91	152	267	29	146	92	103	298	232	313	259	181	453	167	296	271	128	368	381	262	106	169	245	238	308	317	57	565	347	470	249	165	342	452	193	108	454	334	245	538	486	234	386	212	173	185	188	280	385	284	560	144	106	480	174	
halfCoverageTime--------------	63850004.0	64666411.0	32761651.0	63850049.0	32159480.0	32095124.0	32761783.0	32676002.0	32761815.0	32264602.0	32686178.0	.0	33384251.0	.0	64139267.0	33195279.0	.0	32159128.0	.0	33985327.0	64666386.0	32159440.0	32960377.0	32761671.0	64582511.0	64582391.0	.0	32761666.0	32960447.0	32264352.0	32960540.0	64666762.0	63849949.0	32264357.0	63704213.0	32095144.0	63704233.0	32960417.0	.0	.0	.0	32761752.0	32264427.0	32686188.0	.0	.0	32159460.0	32264287.0	64666129.0	63849969.0	.0	.0	33298108.0	32868727.0	32061724.0	32008326.0	32686173.0	1746504.0	32159198.0	63704278.0	32960315.0	33906528.0	32264447.0	32159158.0	32761721.0	33906613.0	32264362.0	32264592.0	32061714.0	63271969.0	32159455.0	64139282.0	32686158.0	32264262.0	32008589.0	33906523.0	32264282.0	32061649.0	32868712.0	32960452.0	32264582.0	32008270.0	1746438.0	32008524.0	32008464.0	32676008.0	63507459.0	32008397.0	33985337.0	33195354.0	32061618.0	32159390.0	63704218.0	63507480.0	33195249.0	32159470.0	64666371.0	32960432.0	32264312.0	32264437.0	
numberOfPoint-----------------	1	1	1	1	1	1	1	1	1	1	1	1	1	1	1	1	1	1	1	1	1	1	1	1	1	1	1	1	1	1	1	1	1	1	1	1	1	1	1	1	1	1	1	1	1	1	1	1	1	1	6	3	4	9	5	3	3	2	4	2	3	10	1	7	4	3	4	5	7	4	5	5	8	3	4	8	7	5	3	4	6	5	8	2	4	4	13	4	6	4	2	1	4	11	14	3	5	4	2	5	
standardDeviation-------------	.0	.0	.0	.0	.0	.0	.0	.0	.0	.0	.0	.0	.0	.0	.0	.0	.0	.0	.0	.0	.0	.0	.0	.0	.0	.0	.0	.0	.0	.0	.0	.0	.0	.0	.0	.0	.0	.0	.0	.0	.0	.0	.0	.0	.0	.0	.0	.0	.0	.0	6.27	9.09	6.92	6.49	7.11	8.63	8.38	6.08	6.27	4.98	8.14	5.59	5.91	8.32	5.93	8.67	9.06	5.3	4.86	7.39	9.56	6.84	8.73	4.57	7.85	6.69	7.97	6.66	6.31	8.58	5.5	4.13	8.52	4.73	6.02	7.02	6.13	3.71	7.49	7.17	3.28	1.36	8.95	7.12	6.96	7.09	4.08	9.04	5.8	8.51	
initialCoverageValue----------	360	360	360	360	360	360	360	360	360	360	360	360	360	360	360	360	360	360	360	360	360	360	360	360	360	360	360	360	360	360	351	360	360	360	360	360	360	360	360	360	360	360	360	355	360	360	360	360	360	360	360	360	360	360	360	360	360	360	360	360	360	360	360	360	360	360	347	360	360	360	360	360	360	360	360	360	360	360	360	360	360	360	360	360	360	360	360	360	360	360	360	360	360	360	360	360	360	360	360	360	
initialRedundantCoverageValue-	2400	1800	2640	2220	2940	2520	2640	3000	2640	2940	2400	2400	2280	2220	1740	3060	1740	2820	2040	1860	2340	1860	2820	2700	2700	2340	1860	2460	2460	3060	2589	2880	1860	2220	2940	2700	2280	2340	2280	2220	2400	1740	2280	2285	2460	2460	2460	2280	2460	2400	2340	2160	2820	2460	2520	2280	1920	2400	1320	2220	2640	2700	2760	2460	2220	2220	2053	1740	2340	2700	2520	2340	2580	2280	2700	2460	2760	2940	2760	2280	2400	2340	2640	2520	2760	3000	1800	2520	2640	2160	2340	2100	3240	2760	2460	2400	2400	2400	2400	3120	
additionalPoiTime-------------	2.6195E8
algorithmTime-----------------	1.679E7
serverTime--------------------	1.5168E8
Total Transferred Metadata----	3611

Photo List Size: 4495
Gained Coverage %-------------	0.7272954716037028
Gained Redundancy %-----------	0.0894708870459405
Total Cluster Created---------	50
Total Transferred Photo-------	1867
Total Photo at Destination----	807
Coverage Group----------------	1-30	31-60	61-90	91-120	121-150	151-180	181-210	211-240	241-270	271-300	301-330	331-360	
Coverage Distribution---------	0	1	0	2	7	1	5	17	16	17	22	12	
Ratio Group-------------------	.0	.1	.2	.3	.4	.5	.6	.7	.8	.9	1.0	
Coverage Ratio----------------	0	0	1	0	6	4	11	14	22	26	16	
Redundant Ratio---------------	3	56	39	2	0	0	0	0	0	0	0	
NumberOfPoint Group-----------	0	1	2	3	4	5	6	7	8	9	10	11	12	13	14	
NumOfPoint Distribution-------	0	2	5	8	13	8	3	3	3	1	1	1	0	1	1	
SD Group----------------------	0-1	1-2	2-3	3-4	4-5	5-6	6-7	7-8	8-9	9-10	
SD Distribution---------------	50	1	0	2	6	6	12	9	10	4	
Half Coverage Group-----------	0-16038847	16038847-32077694	32077694-48116541	48116541-64155388	64155388-80194235	80194235-96233082	96233082-112271929	112271929-128310776	128310776-144349623	144349623-160388470	160388470-176427317	
Half Cvg Time Distribution----	2	10	56	13	7	0	0	0	0	0	0	
Transferred Photo Group-------	0-16038847	16038847-32077694	32077694-48116541	48116541-64155388	64155388-80194235	80194235-96233082	96233082-112271929	112271929-128310776	128310776-144349623	144349623-160388470	160388470-176427317	
Photo Time Distribution-------	586	2036	3016	1044	721	44	0	52	34	0	0	

Cvg&Red Distribution----------	0.0	2.0	3.2077694E7	6.4155388E7	1.28310776E8	1.6038847E8	9.6233082E7	
Average PhotoNum--------------	26.63888888888889	26.63888888888889	28.41111111111111	29.766666666666666	30.45	30.45	30.45	
Nodes Above Average-----------	102	102	90	76	71	71	71	
Nodes Below Average-----------	78	78	90	104	109	109	109	

Average Coverage--------------	1561.1444444444444	1561.1444444444444	1653.0555555555557	1725.0944444444444	1762.4055555555556	1762.4055555555556	1762.4055555555556	
Nodes Above Average-----------	102	102	91	78	75	75	75	
Nodes Below Average-----------	78	78	89	102	105	105	105	
Photos Above Average----------	33	33	37	43	45	45	45	
Photos Below Average----------	17	17	18	19	19	19	19	
Network Coverage--------------	35973	35973	35973	35973	35973	35973	35973	

Average Redundancy------------	37.18888888888889	37.18888888888889	51.611111111111114	60.90555555555556	64.59444444444445	64.59444444444445	64.59444444444445	
Nodes Above Average-----------	74	74	60	49	48	48	48	
Nodes Below Average-----------	106	106	120	131	132	132	132	
Photos Above Average----------	32	32	38	46	49	49	49	
Photos Below Average----------	22	22	23	23	23	23	23	
Network Redundancy------------	251727	251727	270867	285507	292887	292887	292887	

