Message stats for scenario Photo_5000-Scenario_6-ActualPOI_50-K_3
sim_time: 160388470.0000

Photo List Size: 850
coverageValue-----------------	268	327	333	172	290	284	263	347	269	310	253	309	235	212	355	201	208	275	257	245	351	314	192	198	264	60	343	302	283	314	259	288	186	254	306	324	357	286	256	305	198	292	268	301	239	286	264	237	251	338	293	241	306	225	294	207	247	199	241	241	253	229	207	360	314	291	279	291	160	294	309	310	192	320	281	195	279	281	360	318	246	322	356	236	318	343	253	228	270	243	243	266	339	264	325	290	294	258	289	339	
redundantCoverageValue--------	32	453	387	8	190	136	37	313	91	290	107	231	65	148	425	219	152	145	103	55	309	166	48	162	156	0	377	238	197	286	101	192	114	346	174	156	183	374	164	295	162	248	92	239	181	254	156	243	409	562	307	239	294	315	366	333	113	101	179	59	227	131	153	480	166	189	321	249	80	306	291	350	48	340	379	105	501	199	360	162	54	338	424	184	342	497	287	132	210	177	417	214	321	96	395	130	426	222	311	261	
halfCoverageTime--------------	33266748.0	32008248.0	32008489.0	.0	32761721.0	32960335.0	33906578.0	33384286.0	32761681.0	32159470.0	32264337.0	32061618.0	64139257.0	64666637.0	32264377.0	32761742.0	63850004.0	32008316.0	33195249.0	63704103.0	32159500.0	32264367.0	33384416.0	64666581.0	32761716.0	.0	2334926.0	33266819.0	33195274.0	32095129.0	32960514.0	32264302.0	64666185.0	32159475.0	32159390.0	63849918.0	32868722.0	33384356.0	33266829.0	33195329.0	64666687.0	32159480.0	63704168.0	32510968.0	63704218.0	32960540.0	32159103.0	33532159.0	32960402.0	32676002.0	32159490.0	32686108.0	32675984.0	64582491.0	32675990.0	32960397.0	64666546.0	33178440.0	32868767.0	63704163.0	64666149.0	32868787.0	32960530.0	33195279.0	33178425.0	32159113.0	32264402.0	32264277.0	.0	33384351.0	63704203.0	33205475.0	64666621.0	33266759.0	32761706.0	64666139.0	32159400.0	33195374.0	32008569.0	32008306.0	64666256.0	32159410.0	2334854.0	33195324.0	32686088.0	63849912.0	63704253.0	63704128.0	33195284.0	32761651.0	33298113.0	32960525.0	32061734.0	64666662.0	32159495.0	33384346.0	32686113.0	32159188.0	32008380.0	33384251.0	
numberOfPoint-----------------	1	1	1	1	1	1	1	1	1	1	1	1	1	1	1	1	1	1	1	1	1	1	1	1	1	1	1	1	1	1	1	1	1	1	1	1	1	1	1	1	1	1	1	1	1	1	1	1	1	1	1	0	2	1	3	2	1	1	1	2	1	1	1	2	1	2	1	2	0	2	1	1	1	2	2	1	1	1	1	1	1	3	3	2	2	1	3	1	1	1	1	2	2	1	1	1	1	1	2	2	
standardDeviation-------------	.0	.0	.0	.0	.0	.0	.0	.0	.0	.0	.0	.0	.0	.0	.0	.0	.0	.0	.0	.0	.0	.0	.0	.0	.0	.0	.0	.0	.0	.0	.0	.0	.0	.0	.0	.0	.0	.0	.0	.0	.0	.0	.0	.0	.0	.0	.0	.0	.0	.0	3.41	.0	5.35	9.15	11.52	5.52	5.5	5.2	3.56	8.13	3.64	4.8	3.54	5.71	6.02	5.38	1.89	6.7	.0	6.44	4.51	4.21	7.92	6.34	5.42	3.64	4.57	6.71	9.74	6.2	7.69	8.1	5.94	9.55	5.96	6.5	8.81	4.83	4.42	3.71	.64	6.13	9.44	3.13	7.71	.28	3.68	4.62	5.3	6.97	
initialCoverageValue----------	360	360	360	360	360	360	360	360	360	360	360	360	360	360	360	360	360	360	360	360	360	360	360	360	360	360	360	360	360	360	360	360	360	360	360	360	360	360	360	360	360	360	360	360	360	360	360	360	360	360	360	360	360	360	360	360	360	360	360	360	360	360	360	360	360	360	360	360	360	360	360	360	360	360	360	360	360	359	360	360	360	360	360	360	360	360	360	360	360	360	360	360	360	360	360	360	360	360	360	360	
initialRedundantCoverageValue-	2040	2820	3060	2340	2520	2400	2460	2280	2640	2040	1680	2340	1800	2520	3360	2400	2160	2400	2400	2280	3120	2100	2460	1860	2400	2220	2460	2520	2460	1800	2520	2040	2700	2520	3060	2700	2100	1920	2340	2400	2280	2580	2700	2640	2460	2760	2760	2460	2580	3060	2040	2340	2760	2760	2760	2340	2160	2100	2100	2400	2460	2400	2700	2640	2820	2580	2040	2340	2160	2040	2400	2160	1860	2820	1920	1440	2580	2041	3240	2580	2640	2760	3000	2580	2640	2760	2940	1920	2460	2280	2520	2520	2760	2460	1860	2280	2460	1980	2580	2700	
additionalPoiTime-------------	220000.0
algorithmTime-----------------	1.04598E9
serverTime--------------------	2840000.0
Total Transferred Metadata----	2849

Photo List Size: 850
Gained Coverage %-------------	0.7574654851523653
Gained Redundancy %-----------	0.09445228620458353
Total Cluster Created---------	0
Total Transferred Photo-------	3482
Total Photo at Destination----	879
Coverage Group----------------	1-30	31-60	61-90	91-120	121-150	151-180	181-210	211-240	241-270	271-300	301-330	331-360	
Coverage Distribution---------	0	1	0	0	0	2	11	8	26	20	19	13	
Ratio Group-------------------	.0	.1	.2	.3	.4	.5	.6	.7	.8	.9	1.0	
Coverage Ratio----------------	0	0	1	0	0	2	12	16	27	27	15	
Redundant Ratio---------------	1	61	37	1	0	0	0	0	0	0	0	
NumberOfPoint Group-----------	0	1	2	3	
NumOfPoint Distribution-------	2	29	15	4	
SD Group----------------------	0-1	1-2	2-3	3-4	4-5	5-6	6-7	7-8	8-9	9-10	10-11	11-12	
SD Distribution---------------	54	1	0	8	7	10	9	3	3	4	0	1	
Half Coverage Group-----------	0-16038847	16038847-32077694	32077694-48116541	48116541-64155388	64155388-80194235	80194235-96233082	96233082-112271929	112271929-128310776	128310776-144349623	144349623-160388470	160388470-176427317	
Half Cvg Time Distribution----	2	8	65	11	11	0	0	0	0	0	0	
Transferred Photo Group-------	0-16038847	16038847-32077694	32077694-48116541	48116541-64155388	64155388-80194235	80194235-96233082	96233082-112271929	112271929-128310776	128310776-144349623	144349623-160388470	160388470-176427317	
Photo Time Distribution-------	558	2305	5613	1754	1375	27	0	49	25	0	0	

Cvg&Red Distribution----------	0.0	2.0	3.2077694E7	6.4155388E7	1.28310776E8	1.6038847E8	9.6233082E7	
Average PhotoNum--------------	26.63888888888889	26.63888888888889	30.738888888888887	37.46111111111111	38.733333333333334	38.733333333333334	38.666666666666664	
Nodes Above Average-----------	102	102	77	50	50	50	49	
Nodes Below Average-----------	78	78	103	130	130	130	131	

Average Coverage--------------	1557.4277777777777	1557.4277777777777	1776.4666666666667	2138.866666666667	2207.8888888888887	2207.8888888888887	2203.8888888888887	
Nodes Above Average-----------	104	104	77	52	52	52	51	
Nodes Below Average-----------	76	76	103	128	128	128	129	
Photos Above Average----------	33	33	44	73	77	77	77	
Photos Below Average----------	17	17	20	22	23	23	23	
Network Coverage--------------	35999	35999	35999	35999	35999	35999	35999	

Average Redundancy------------	40.90555555555556	40.90555555555556	67.86666666666666	108.8	116.11111111111111	116.11111111111111	116.11111111111111	
Nodes Above Average-----------	75	75	50	45	44	44	44	
Nodes Below Average-----------	105	105	130	135	136	136	136	
Photos Above Average----------	32	32	49	76	81	81	81	
Photos Below Average----------	22	22	23	24	24	24	24	
Network Redundancy------------	251701	251701	295981	368581	382321	382321	381601	

