Message stats for scenario Photo_5000-Scenario_6-ActualPOI_50-K_4
sim_time: 160388470.0000

Photo List Size: 848
coverageValue-----------------	307	324	312	285	334	358	210	309	238	301	244	327	258	323	188	353	245	318	244	258	245	259	234	309	289	297	318	247	240	122	324	316	252	326	318	212	296	274	348	282	118	248	146	119	181	181	186	287	319	276	320	303	321	322	270	307	215	295	321	315	283	187	122	251	249	314	312	321	342	235	232	128	284	338	360	274	339	335	259	278	269	270	311	325	188	297	60	330	313	289	255	232	150	135	249	283	299	255	140	295	
redundantCoverageValue--------	233	216	288	195	266	602	90	291	122	239	356	333	222	337	52	307	175	162	296	162	355	281	186	351	191	183	162	233	120	58	396	224	288	214	402	148	64	206	372	198	182	112	94	1	119	119	54	193	161	264	220	537	279	158	150	233	85	125	339	345	437	53	58	229	471	346	408	399	258	125	368	172	136	322	480	266	441	265	221	202	211	150	649	215	112	243	0	210	167	191	285	248	270	165	111	497	181	225	100	125	
halfCoverageTime--------------	33205487.0	32868717.0	32960478.0	33985332.0	33384281.0	32264267.0	33906518.0	32264252.0	64582391.0	33195289.0	32761815.0	32264357.0	32761681.0	33205470.0	33036184.0	32960488.0	33384461.0	33384426.0	63704173.0	32159359.0	32675960.0	33906513.0	32868737.0	32264277.0	32095144.0	33906523.0	32159188.0	33985392.0	63850004.0	.0	32960535.0	32686123.0	33384451.0	33384336.0	32061613.0	33906593.0	32686208.0	32008316.0	32264372.0	33195254.0	.0	32960550.0	.0	.0	63507535.0	64666626.0	64732435.0	32675996.0	32264407.0	32159375.0	32676002.0	32008336.0	32686098.0	33195344.0	32960330.0	32159390.0	33985367.0	64666506.0	32960345.0	32008258.0	33195284.0	.0	.0	32159460.0	32264397.0	32686143.0	32061664.0	32264392.0	32159475.0	63704093.0	32159208.0	.0	32675978.0	63704143.0	32159400.0	32761800.0	32264367.0	33036189.0	63704133.0	32008494.0	32686163.0	32159158.0	1000076.0	32061744.0	64732445.0	33906618.0	.0	32264242.0	33266814.0	33205475.0	32264287.0	32264402.0	.0	.0	64666190.0	32159500.0	32868747.0	32960397.0	.0	33266764.0	
numberOfPoint-----------------	1	1	1	1	1	1	1	1	1	1	1	1	1	1	1	1	1	1	1	1	1	1	1	1	1	1	1	1	1	1	1	1	1	1	1	1	1	1	1	1	1	1	1	1	1	1	1	1	1	1	1	1	1	2	1	1	1	1	1	1	1	0	0	2	1	3	1	1	1	1	1	0	2	2	3	1	2	1	1	2	1	1	2	1	2	1	0	1	1	0	1	3	2	0	1	1	1	1	1	1	
standardDeviation-------------	.0	.0	.0	.0	.0	.0	.0	.0	.0	.0	.0	.0	.0	.0	.0	.0	.0	.0	.0	.0	.0	.0	.0	.0	.0	.0	.0	.0	.0	.0	.0	.0	.0	.0	.0	.0	.0	.0	.0	.0	.0	.0	.0	.0	.0	.0	.0	.0	.0	.0	7.89	4.52	4.9	9.59	4.03	.54	4.2	.71	.54	1.17	4.83	.0	.0	4.96	2.4	8.75	1.14	3.51	6.17	2.58	3.04	.0	5.59	7.46	7.7	5.6	7.62	1.25	3.01	6.45	3.29	8.64	5.42	6.87	8.48	5.84	.0	4.28	3.57	.0	6.65	7.89	6.76	.0	8.4	4.28	8.06	4.27	6.92	2.63	
initialCoverageValue----------	360	360	360	360	360	360	360	360	360	360	360	360	360	360	360	360	360	360	360	360	360	358	360	360	360	360	360	360	360	360	360	360	360	360	360	360	360	360	360	360	360	360	360	360	360	360	360	360	360	360	360	360	360	360	360	360	360	360	360	360	360	360	360	360	360	360	360	360	360	360	360	360	360	360	360	360	360	360	360	360	360	360	360	360	360	360	360	360	360	360	360	360	360	360	360	360	360	360	360	360	
initialRedundantCoverageValue-	1980	2220	2220	2400	2640	2940	1920	2400	2640	1920	2760	2100	2340	2700	2700	2760	2160	2160	3120	3420	2340	1682	2760	3180	2520	2760	2160	2760	2220	1920	2460	1800	2160	2520	2520	1800	2100	2220	2520	2160	2520	2040	2220	1860	2040	2520	2040	3240	2580	1920	2580	3240	2160	2100	2520	2280	2460	2640	2100	2940	2400	2400	2520	2040	2940	2160	2940	3060	2640	2340	2760	1560	2280	2940	2700	2580	2820	2940	2100	2280	2160	2280	2940	2520	3060	2160	2940	2940	2700	2460	1920	2520	1680	2700	2400	2760	2100	2640	2100	2340	
additionalPoiTime-------------	310000.0
algorithmTime-----------------	1.28499E9
serverTime--------------------	2650000.0
Total Transferred Metadata----	2849

Photo List Size: 848
Gained Coverage %-------------	0.7412078448802711
Gained Redundancy %-----------	0.0958151135030478
Total Cluster Created---------	0
Total Transferred Photo-------	3483
Total Photo at Destination----	877
Coverage Group----------------	1-30	31-60	61-90	91-120	121-150	151-180	181-210	211-240	241-270	271-300	301-330	331-360	
Coverage Distribution---------	0	1	0	2	7	0	7	8	19	18	29	9	
Ratio Group-------------------	.0	.1	.2	.3	.4	.5	.6	.7	.8	.9	1.0	
Coverage Ratio----------------	0	0	1	0	7	2	9	16	19	33	13	
Redundant Ratio---------------	1	57	40	2	0	0	0	0	0	0	0	
NumberOfPoint Group-----------	0	1	2	3	
NumOfPoint Distribution-------	6	32	9	3	
SD Group----------------------	0-1	1-2	2-3	3-4	4-5	5-6	6-7	7-8	8-9	9-10	
SD Distribution---------------	59	3	3	5	9	4	6	5	5	1	
Half Coverage Group-----------	0-16038847	16038847-32077694	32077694-48116541	48116541-64155388	64155388-80194235	80194235-96233082	96233082-112271929	112271929-128310776	128310776-144349623	144349623-160388470	160388470-176427317	
Half Cvg Time Distribution----	1	7	69	6	6	0	0	0	0	0	0	
Transferred Photo Group-------	0-16038847	16038847-32077694	32077694-48116541	48116541-64155388	64155388-80194235	80194235-96233082	96233082-112271929	112271929-128310776	128310776-144349623	144349623-160388470	160388470-176427317	
Photo Time Distribution-------	558	2304	5693	1747	1368	27	0	49	25	0	0	

Cvg&Red Distribution----------	0.0	2.0	3.2077694E7	6.4155388E7	1.28310776E8	1.6038847E8	9.6233082E7	
Average PhotoNum--------------	26.63888888888889	26.63888888888889	31.294444444444444	38.577777777777776	39.85	39.85	39.78333333333333	
Nodes Above Average-----------	102	102	69	47	47	47	46	
Nodes Below Average-----------	78	78	111	133	133	133	134	

Average Coverage--------------	1561.6666666666667	1561.6666666666667	1803.2666666666667	2180.4055555555556	2249.4	2249.4	2245.4	
Nodes Above Average-----------	101	101	73	50	49	49	48	
Nodes Below Average-----------	79	79	107	130	131	131	132	
Photos Above Average----------	33	33	47	78	83	83	84	
Photos Below Average----------	17	17	20	23	23	23	23	
Network Coverage--------------	35991	35991	35991	35991	35991	35991	35991	

Average Redundancy------------	36.666666666666664	36.666666666666664	74.4	134.26111111111112	141.6	141.6	141.6	
Nodes Above Average-----------	79	79	38	32	32	32	32	
Nodes Below Average-----------	101	101	142	148	148	148	148	
Photos Above Average----------	32	32	55	98	101	101	101	
Photos Below Average----------	22	22	24	25	26	26	26	
Network Redundancy------------	251709	251709	301989	380649	394389	394389	393669	

