Message stats for scenario Photo_5000-Scenario_4-ActualPOI_50-K_1
sim_time: 160388470.0000

Photo List Size: 4495
coverageValue-----------------	190	253	125	270	253	293	60	265	215	262	276	240	331	224	261	331	184	242	181	337	287	163	344	276	181	306	250	212	176	317	215	291	211	341	178	144	191	187	311	195	180	298	337	271	224	237	120	255	285	120	342	355	257	281	265	237	347	237	344	218	343	343	309	147	312	322	189	294	306	274	301	344	316	288	290	297	210	318	283	315	227	360	184	223	336	265	287	274	238	282	264	304	209	322	347	284	313	263	300	228	
redundantCoverageValue--------	290	107	55	150	167	247	0	35	265	38	204	60	389	196	99	269	56	118	59	503	253	77	376	204	119	174	170	28	4	163	145	429	149	259	302	96	109	113	169	105	180	182	503	149	16	183	0	105	315	0	558	485	163	379	215	123	613	243	256	82	317	497	291	33	228	338	171	426	174	146	179	436	464	192	190	243	30	222	197	285	253	720	296	137	84	155	373	266	182	138	456	296	211	218	313	256	347	37	60	252	
halfCoverageTime--------------	64666401.0	64139262.0	.0	32686128.0	33195324.0	64139267.0	.0	64139257.0	32960472.0	64582466.0	32761805.0	63507515.0	32159435.0	64582511.0	32960392.0	32159364.0	33906623.0	64666326.0	63271969.0	32159385.0	33195319.0	.0	32264367.0	32264462.0	33906573.0	33266754.0	32960397.0	64666396.0	.0	32264362.0	63849939.0	32676002.0	32264407.0	32960520.0	.0	.0	64666581.0	64666291.0	32761783.0	63849994.0	64666742.0	64666381.0	32061664.0	33906503.0	64666652.0	64666611.0	.0	32960545.0	32761721.0	.0	32008351.0	32061749.0	33266809.0	32008380.0	32960377.0	64666346.0	32008539.0	32159460.0	32008494.0	32960345.0	32761651.0	32264382.0	32061719.0	.0	32008336.0	32264392.0	64666276.0	32008414.0	32960315.0	33266824.0	32761800.0	32159415.0	32960432.0	32868752.0	33195249.0	32960320.0	64666451.0	33985367.0	32264332.0	33985302.0	63704123.0	32264437.0	63704263.0	63704273.0	63704233.0	33906553.0	32061649.0	63704118.0	33985307.0	32264327.0	63704223.0	32159470.0	63704298.0	32159495.0	32264297.0	32159485.0	32264282.0	63704193.0	33298093.0	63849964.0	
numberOfPoint-----------------	1	1	1	1	1	1	1	1	1	1	1	1	1	1	1	1	1	1	1	1	1	1	1	1	1	1	1	1	1	1	1	1	1	1	1	1	1	1	1	1	1	1	1	1	1	1	1	1	1	1	2	6	6	2	4	2	2	4	4	4	4	2	2	21	6	4	5	8	1	3	4	9	2	6	3	8	6	2	2	7	6	4	3	1	3	5	2	2	6	4	1	2	2	13	1	5	1	2	8	3	
standardDeviation-------------	.0	.0	.0	.0	.0	.0	.0	.0	.0	.0	.0	.0	.0	.0	.0	.0	.0	.0	.0	.0	.0	.0	.0	.0	.0	.0	.0	.0	.0	.0	.0	.0	.0	.0	.0	.0	.0	.0	.0	.0	.0	.0	.0	.0	.0	.0	.0	.0	.0	.0	7.75	6.37	5.74	4.46	6.22	4.46	5.29	9.08	8.45	6.63	4.94	8.56	6.2	6.79	8.84	5.86	7.68	5.34	4.48	4.4	6.57	7.34	4.18	6.7	4.07	7.18	5.3	5.8	7.05	6.43	8.28	7.61	8.49	4.93	8.14	7.47	5.1	7.91	6.37	6.64	4.46	6.94	7.37	6.57	.22	5.56	2.25	5.26	7.4	6.74	
initialCoverageValue----------	360	360	360	360	360	360	360	360	360	355	360	360	360	360	360	360	360	360	360	360	360	360	360	360	360	360	360	360	360	360	360	360	360	360	360	360	360	360	360	344	360	360	360	360	360	360	360	360	360	360	360	360	360	360	360	360	360	360	360	360	360	360	360	360	360	360	360	338	360	360	360	360	360	360	360	358	360	360	360	360	360	360	360	360	360	360	360	360	360	360	360	360	360	360	360	360	360	360	360	360	
initialRedundantCoverageValue-	3060	2340	2220	2220	2040	3360	2220	2400	1860	2525	2700	2340	2940	2580	2460	2880	2160	2580	2880	2580	2280	2220	2880	3000	2340	1800	2340	1800	2700	2940	1800	3000	2340	1860	2880	1440	2040	2580	2880	2176	2400	3180	2820	2820	3180	2640	2280	2160	2520	2400	2580	3060	1860	2160	1800	1800	3360	2940	2760	2100	1860	2940	2880	1860	2640	2640	2580	2002	1860	1980	2280	3240	2760	2280	2280	2102	1500	2400	2520	2520	2280	3240	2040	2520	2760	2940	2640	2760	1740	2760	1620	2460	2400	2820	2040	2100	2280	2160	2100	2400	
additionalPoiTime-------------	1.887768101E8
algorithmTime-----------------	1.51632972E7
serverTime--------------------	4.66598991E7
Total Transferred Metadata----	3613

Photo List Size: 4495
Gained Coverage %-------------	0.7256292587957168
Gained Redundancy %-----------	0.08869461716842127
Total Cluster Created---------	51
Total Transferred Photo-------	1880
Total Photo at Destination----	800
Coverage Group----------------	1-30	31-60	61-90	91-120	121-150	151-180	181-210	211-240	241-270	271-300	301-330	331-360	
Coverage Distribution---------	0	1	0	2	3	4	11	15	14	20	14	16	
Ratio Group-------------------	.0	.1	.2	.3	.4	.5	.6	.7	.8	.9	1.0	
Coverage Ratio----------------	0	0	1	0	4	5	15	13	25	21	16	
Redundant Ratio---------------	3	62	31	4	0	0	0	0	0	0	0	
NumberOfPoint Group-----------	0	1	2	3	4	5	6	7	8	9	10	11	12	13	14	15	16	17	18	19	20	21	
NumOfPoint Distribution-------	0	5	14	5	9	3	7	1	3	1	0	0	0	1	0	0	0	0	0	0	0	1	
SD Group----------------------	0-1	1-2	2-3	3-4	4-5	5-6	6-7	7-8	8-9	9-10	
SD Distribution---------------	51	0	1	0	9	9	13	10	6	1	
Half Coverage Group-----------	0-16038847	16038847-32077694	32077694-48116541	48116541-64155388	64155388-80194235	80194235-96233082	96233082-112271929	112271929-128310776	128310776-144349623	144349623-160388470	160388470-176427317	
Half Cvg Time Distribution----	0	10	51	16	14	0	0	0	0	0	0	
Transferred Photo Group-------	0-16038847	16038847-32077694	32077694-48116541	48116541-64155388	64155388-80194235	80194235-96233082	96233082-112271929	112271929-128310776	128310776-144349623	144349623-160388470	160388470-176427317	
Photo Time Distribution-------	571	1899	2648	1075	680	42	0	46	36	0	0	

Cvg&Red Distribution----------	0.0	2.0	3.2077694E7	6.4155388E7	1.28310776E8	1.6038847E8	9.6233082E7	
Average PhotoNum--------------	26.63888888888889	26.63888888888889	27.13888888888889	27.433333333333334	27.82777777777778	27.82777777777778	27.82777777777778	
Nodes Above Average-----------	102	102	97	92	92	92	92	
Nodes Below Average-----------	78	78	83	88	88	88	88	

Average Coverage--------------	1557.4833333333333	1557.4833333333333	1586.0388888888888	1604.1333333333334	1625.411111111111	1625.411111111111	1625.411111111111	
Nodes Above Average-----------	102	102	100	92	89	89	89	
Nodes Below Average-----------	78	78	80	88	91	91	91	
Photos Above Average----------	33	33	34	36	37	37	37	
Photos Below Average----------	17	17	17	18	18	18	18	
Network Coverage--------------	35953	35953	35953	35953	35953	35953	35953	

Average Redundancy------------	40.85	40.85	42.294444444444444	41.86666666666667	44.25555555555555	44.25555555555555	44.25555555555555	
Nodes Above Average-----------	79	79	76	74	69	69	69	
Nodes Below Average-----------	101	101	104	106	111	111	111	
Photos Above Average----------	32	32	33	34	35	35	35	
Photos Below Average----------	21	21	22	22	22	22	22	
Network Redundancy------------	251747	251747	257147	260327	264587	264587	264587	

