Message stats for scenario Photo_5000-Scenario_7-ActualPOI_50
sim_time: 86400.0000

Photo List Size: 4855
coverageValue-----------------	301	278	227	271	329	231	354	360	321	321	258	272	259	239	264	259	300	334	300	308	320	318	292	330	217	246	347	239	272	186	354	346	333	322	272	347	353	236	210	275	311	278	321	235	296	269	261	298	279	317	337	280	317	309	225	319	353	351	318	246	344	360	284	219	348	232	341	360	294	360	327	360	346	325	280	326	345	248	336	332	287	212	335	318	295	345	353	332	347	287	339	310	360	235	337	283	321	335	296	350	
redundantCoverageValue--------	359	262	193	209	511	309	426	660	459	459	162	148	281	61	336	101	240	146	120	472	220	282	248	270	203	114	433	241	148	114	666	614	207	458	148	433	307	364	330	145	169	82	399	245	304	151	399	362	81	283	383	260	223	291	435	401	427	609	462	234	376	480	436	381	432	248	739	300	606	540	333	420	374	575	260	454	675	232	384	568	553	88	265	102	425	435	427	388	253	613	381	350	480	425	443	77	759	505	364	250	
halfCoverageTime--------------	5486.0	32762.0	46526.0	48358.0	42326.0	79758.0	8072.0	904.0	8012.0	634.0	44162.0	75516.0	1086.0	37858.0	7882.0	5450.0	16474.0	7704.0	5480.0	1280.0	8416.0	410.0	53778.0	984.0	79200.0	73260.0	1104.0	73578.0	46514.0	75618.0	8446.0	7876.0	44156.0	8006.0	8234.0	978.0	7698.0	8018.0	79686.0	8452.0	772.0	52280.0	16522.0	42410.0	8120.0	74206.0	52230.0	8410.0	75932.0	7784.0	706.0	44056.0	8042.0	736.0	44032.0	1298.0	910.0	1014.0	8350.0	42398.0	6160.0	5432.0	824.0	80160.0	42332.0	76292.0	892.0	37920.0	5922.0	590.0	1196.0	6142.0	820.0	7900.0	16252.0	42308.0	5880.0	37932.0	16498.0	5898.0	73398.0	80190.0	42320.0	16504.0	1172.0	1212.0	16246.0	43960.0	75024.0	16438.0	8066.0	8314.0	916.0	3630.0	784.0	7982.0	6178.0	7918.0	44168.0	5868.0	
numberOfPoint-----------------	1	1	1	1	1	1	1	1	1	1	1	1	1	1	1	1	1	1	1	1	1	1	1	1	1	1	1	1	1	1	1	1	1	1	1	1	1	1	1	1	1	1	1	1	1	1	1	1	1	1	3	1	2	2	4	4	4	3	3	1	4	2	3	5	3	2	2	5	1	3	5	2	3	3	2	1	3	5	4	2	3	3	3	7	6	9	5	5	3	4	4	4	2	5	5	3	2	3	6	4	
standardDeviation-------------	.0	.0	.0	.0	.0	.0	.0	.0	.0	.0	.0	.0	.0	.0	.0	.0	.0	.0	.0	.0	.0	.0	.0	.0	.0	.0	.0	.0	.0	.0	.0	.0	.0	.0	.0	.0	.0	.0	.0	.0	.0	.0	.0	.0	.0	.0	.0	.0	.0	.0	4.05	1.8	6.74	4.98	8.92	8.1	6.42	4.63	11.7	6.08	9.61	8.16	9.33	7.63	7.56	5.26	5.43	6.89	4.16	5.46	7.08	7.82	6.55	7.73	9.9	5.09	8.1	6.52	7.49	7.65	6.88	5.21	7.73	7.93	7.89	7.75	7.56	8.14	8.33	7.93	7.89	6.86	6.49	6.61	7.44	5.7	8.89	8.05	7.57	7.63	
initialCoverageValue----------	360	360	360	360	360	360	360	360	360	360	360	360	360	360	360	360	360	360	360	360	360	360	360	360	360	360	360	360	360	360	360	360	360	360	360	360	360	360	360	360	360	360	357	360	360	360	360	360	360	360	360	360	360	360	360	360	360	360	357	360	360	360	360	360	360	360	360	360	360	360	360	360	360	360	359	351	360	360	360	360	360	360	360	360	359	360	360	360	360	360	360	360	360	360	360	360	360	360	360	360	
initialRedundantCoverageValue-	2640	2820	2340	3120	3060	1980	2640	2700	2040	2880	2700	2880	2760	1980	2280	2700	2520	2220	2760	2940	2280	2460	2280	2280	2280	1740	2580	2040	2160	2220	2460	3240	2340	2700	3180	2220	2460	2220	2880	2580	2040	1860	2103	2880	1560	2760	2280	2640	2340	2400	2580	2460	1920	2040	2820	2520	2160	2580	2103	1980	2700	2460	2520	2100	2460	2160	3120	2220	2760	2100	2880	2460	2280	2640	2161	2049	2580	1560	2760	2460	2760	1980	2520	2160	2281	2640	3120	2640	2820	1920	2160	2460	2280	2340	2820	2100	2580	2520	1920	2460	
additionalPoiTime-------------	8.607043173E8
algorithmTime-----------------	6.864044E7
Total Transferred Metadata----	13211

Photo List Size: 4855
Gained Coverage %-------------	0.8383125364755579
Gained Redundancy %-----------	0.14150071664127278
Total Cluster Created---------	50
Total Transferred Photo-------	2475
Coverage Group----------------	1-30	31-60	61-90	91-120	121-150	151-180	181-210	211-240	241-270	271-300	301-330	331-360	
Coverage Distribution---------	0	0	0	0	0	0	2	12	9	22	22	33	
Ratio Group-------------------	.0	.1	.2	.3	.4	.5	.6	.7	.8	.9	1.0	
Coverage Ratio----------------	0	0	0	0	0	0	3	14	20	25	38	
Redundant Ratio---------------	0	27	56	16	1	0	0	0	0	0	0	
NumberOfPoint Group-----------	0	1	2	3	4	5	6	7	8	9	
NumOfPoint Distribution-------	0	4	10	15	9	8	2	1	0	1	
SD Group----------------------	0-1	1-2	2-3	3-4	4-5	5-6	6-7	7-8	8-9	9-10	10-11	11-12	
SD Distribution---------------	50	1	0	0	4	6	10	17	8	3	0	1	
Half Coverage Group-----------	0-1000	1000-2000	2000-3000	3000-4000	4000-5000	5000-6000	6000-7000	7000-8000	8000-9000	9000-10000	10000-11000	11000-12000	12000-13000	13000-14000	14000-15000	15000-16000	16000-17000	17000-18000	18000-19000	19000-20000	20000-21000	21000-22000	22000-23000	23000-24000	24000-25000	25000-26000	26000-27000	27000-28000	28000-29000	29000-30000	30000-31000	31000-32000	32000-33000	33000-34000	34000-35000	35000-36000	36000-37000	37000-38000	38000-39000	39000-40000	40000-41000	41000-42000	42000-43000	43000-44000	44000-45000	45000-46000	46000-47000	47000-48000	48000-49000	49000-50000	50000-51000	51000-52000	52000-53000	53000-54000	54000-55000	55000-56000	56000-57000	57000-58000	58000-59000	59000-60000	60000-61000	61000-62000	62000-63000	63000-64000	64000-65000	65000-66000	66000-67000	67000-68000	68000-69000	69000-70000	70000-71000	71000-72000	72000-73000	73000-74000	74000-75000	75000-76000	76000-77000	77000-78000	78000-79000	79000-80000	80000-81000	81000-82000	82000-83000	83000-84000	84000-85000	85000-86000	86000-87000	
Half Cvg Time Distribution----	15	8	0	1	0	8	3	8	14	0	0	0	0	0	0	0	7	0	0	0	0	0	0	0	0	0	0	0	0	0	0	0	1	0	0	0	0	3	0	0	0	0	6	1	5	0	2	0	1	0	0	0	2	1	0	0	0	0	0	0	0	0	0	0	0	0	0	0	0	0	0	0	0	3	1	4	1	0	0	3	2	0	0	0	0	0	0	
Transferred Photo Group-------	0-1000	1000-2000	2000-3000	3000-4000	4000-5000	5000-6000	6000-7000	7000-8000	8000-9000	9000-10000	10000-11000	11000-12000	12000-13000	13000-14000	14000-15000	15000-16000	16000-17000	17000-18000	18000-19000	19000-20000	20000-21000	21000-22000	22000-23000	23000-24000	24000-25000	25000-26000	26000-27000	27000-28000	28000-29000	29000-30000	30000-31000	31000-32000	32000-33000	33000-34000	34000-35000	35000-36000	36000-37000	37000-38000	38000-39000	39000-40000	40000-41000	41000-42000	42000-43000	43000-44000	44000-45000	45000-46000	46000-47000	47000-48000	48000-49000	49000-50000	50000-51000	51000-52000	52000-53000	53000-54000	54000-55000	55000-56000	56000-57000	57000-58000	58000-59000	59000-60000	60000-61000	61000-62000	62000-63000	63000-64000	64000-65000	65000-66000	66000-67000	67000-68000	68000-69000	69000-70000	70000-71000	71000-72000	72000-73000	73000-74000	74000-75000	75000-76000	76000-77000	77000-78000	78000-79000	79000-80000	80000-81000	81000-82000	82000-83000	83000-84000	84000-85000	85000-86000	86000-87000	
Photo Time Distribution-------	695	228	102	188	0	105	27	159	35	0	141	0	0	0	0	0	54	10	0	0	0	0	0	0	0	0	36	4	0	0	0	0	193	0	0	0	305	38	287	0	0	0	0	71	52	212	25	0	22	0	0	0	243	59	180	22	0	0	0	0	0	0	0	129	0	32	32	0	0	13	0	0	0	203	181	211	38	0	3	229	59	0	12	0	0	0	0	

