Message stats for scenario Photo_10000-Scenario_7-ActualPOI_50
sim_time: 86400.0000

Photo List Size: 9423
coverageValue-----------------	310	355	332	289	261	301	291	294	360	315	321	343	357	355	360	350	342	285	244	302	313	355	325	345	360	218	329	341	348	353	321	267	360	352	241	296	344	233	359	355	341	297	313	327	322	321	315	281	291	354	343	341	356	340	328	353	337	341	360	325	360	360	360	328	280	339	360	345	335	260	334	304	356	357	346	347	343	360	360	235	333	350	336	360	336	347	292	344	292	352	351	360	338	360	326	348	355	284	360	360	
redundantCoverageValue--------	350	605	508	371	339	299	309	246	360	345	339	557	603	845	480	430	318	315	296	418	407	725	455	375	720	262	631	439	492	547	399	513	720	728	179	784	376	487	721	365	679	423	227	333	578	459	285	319	309	846	437	679	604	620	572	727	563	679	840	215	600	780	660	452	320	201	840	615	625	220	326	416	964	663	554	493	677	720	840	185	807	490	564	660	444	553	248	256	308	548	729	540	562	1140	454	1212	365	376	960	840	
halfCoverageTime--------------	8102.0	506.0	566.0	8402.0	8578.0	8288.0	936.0	996.0	1274.0	8554.0	8462.0	8318.0	7828.0	7912.0	73362.0	1576.0	16510.0	830.0	76412.0	16492.0	26960.0	16366.0	48376.0	38282.0	1254.0	73260.0	6118.0	906.0	930.0	782.0	8746.0	43858.0	3660.0	1426.0	38384.0	1286.0	8518.0	27062.0	1570.0	8144.0	1492.0	26864.0	37816.0	7698.0	26912.0	44162.0	674.0	1116.0	800.0	572.0	43822.0	7772.0	890.0	38174.0	16474.0	8336.0	32096.0	7864.0	1154.0	37858.0	1558.0	8758.0	8204.0	32768.0	38288.0	16522.0	8494.0	596.0	1552.0	76172.0	43972.0	1388.0	650.0	7754.0	7796.0	5426.0	7556.0	488.0	7888.0	73708.0	1328.0	764.0	8270.0	3642.0	7924.0	8728.0	26942.0	1438.0	73666.0	16384.0	1486.0	452.0	8710.0	1166.0	16360.0	1340.0	8342.0	48388.0	596.0	16252.0	
numberOfPoint-----------------	1	1	1	1	1	1	1	1	1	1	1	1	1	1	1	1	1	1	1	1	1	1	1	1	1	1	1	1	1	1	1	1	1	1	1	1	1	1	1	1	1	1	1	1	1	1	1	1	1	1	1	1	2	3	3	3	3	2	2	6	1	2	3	3	5	2	3	2	5	3	2	3	3	2	2	3	2	3	2	1	3	2	1	5	3	3	4	3	4	2	5	2	5	3	3	2	2	3	5	3	
standardDeviation-------------	.0	.0	.0	.0	.0	.0	.0	.0	.0	.0	.0	.0	.0	.0	.0	.0	.0	.0	.0	.0	.0	.0	.0	.0	.0	.0	.0	.0	.0	.0	.0	.0	.0	.0	.0	.0	.0	.0	.0	.0	.0	.0	.0	.0	.0	.0	.0	.0	.0	.0	2.66	3.73	4.21	7.99	8.46	6.92	7.28	7.46	5.27	7.3	2.15	6.47	6.25	9.07	7.76	9.6	8.41	7.7	6.61	8.16	6.74	7.39	7.32	6.91	6.18	9.23	5.85	7.82	6.59	8.54	7.07	8.02	1.22	7.68	8.92	7.54	9.98	4.45	7.99	6.33	9.61	5.18	7.91	6.74	6.97	6.68	5.57	5.78	10.35	7.95	
initialCoverageValue----------	360	360	360	360	360	360	360	360	360	360	360	360	360	360	360	360	360	360	360	360	360	360	360	360	360	360	360	360	360	360	360	360	360	360	360	360	360	360	360	360	360	360	360	360	360	360	360	360	360	360	360	360	360	360	360	360	360	360	360	360	360	360	360	360	360	360	360	360	360	360	360	360	360	360	360	360	360	360	360	360	360	360	360	360	360	360	360	360	360	360	360	360	360	360	360	360	360	360	360	360	
initialRedundantCoverageValue-	4620	4740	4440	5220	5460	4200	4920	4620	4800	5100	4680	5280	4380	5160	4680	5160	4740	5340	4320	4320	5100	4680	4320	4140	5220	4620	4860	4800	4680	4680	5280	5100	5040	6600	4500	4380	5160	5160	4800	4800	4920	4440	3900	3960	5220	4920	5520	4620	4740	5880	4440	4380	4740	4920	4500	4980	5100	4740	5100	4380	4320	5280	4680	4320	3960	5640	4620	5700	4020	4980	4620	5160	5040	4680	4140	4980	4500	5280	6300	3780	4620	4800	4920	5400	4320	4920	4560	4140	4440	5220	5220	4560	5280	5580	4440	4980	4620	4380	5220	5160	
additionalPoiTime-------------	4.7314635297E9
algorithmTime-----------------	3.023923384E8
Total Transferred Metadata----	13174

Photo List Size: 9423
Gained Coverage %-------------	0.9116944444444445
Gained Redundancy %-----------	0.10835821514472921
Total Cluster Created---------	50
Total Transferred Photo-------	2977
Coverage Group----------------	1-30	31-60	61-90	91-120	121-150	151-180	181-210	211-240	241-270	271-300	301-330	331-360	
Coverage Distribution---------	0	0	0	0	0	0	0	3	5	12	19	61	
Ratio Group-------------------	.0	.1	.2	.3	.4	.5	.6	.7	.8	.9	1.0	
Coverage Ratio----------------	0	0	0	0	0	0	0	5	7	20	68	
Redundant Ratio---------------	0	44	54	2	0	0	0	0	0	0	0	
NumberOfPoint Group-----------	0	1	2	3	4	5	6	
NumOfPoint Distribution-------	0	5	16	20	2	6	1	
SD Group----------------------	0-1	1-2	2-3	3-4	4-5	5-6	6-7	7-8	8-9	9-10	10-11	
SD Distribution---------------	50	1	2	1	2	5	12	15	6	5	1	
Half Coverage Group-----------	0-1000	1000-2000	2000-3000	3000-4000	4000-5000	5000-6000	6000-7000	7000-8000	8000-9000	9000-10000	10000-11000	11000-12000	12000-13000	13000-14000	14000-15000	15000-16000	16000-17000	17000-18000	18000-19000	19000-20000	20000-21000	21000-22000	22000-23000	23000-24000	24000-25000	25000-26000	26000-27000	27000-28000	28000-29000	29000-30000	30000-31000	31000-32000	32000-33000	33000-34000	34000-35000	35000-36000	36000-37000	37000-38000	38000-39000	39000-40000	40000-41000	41000-42000	42000-43000	43000-44000	44000-45000	45000-46000	46000-47000	47000-48000	48000-49000	49000-50000	50000-51000	51000-52000	52000-53000	53000-54000	54000-55000	55000-56000	56000-57000	57000-58000	58000-59000	59000-60000	60000-61000	61000-62000	62000-63000	63000-64000	64000-65000	65000-66000	66000-67000	67000-68000	68000-69000	69000-70000	70000-71000	71000-72000	72000-73000	73000-74000	74000-75000	75000-76000	76000-77000	77000-78000	78000-79000	79000-80000	80000-81000	81000-82000	82000-83000	83000-84000	84000-85000	85000-86000	86000-87000	
Half Cvg Time Distribution----	18	17	0	2	0	1	1	10	18	0	0	0	0	0	0	0	8	0	0	0	0	0	0	0	0	0	4	1	0	0	0	0	2	0	0	0	0	2	4	0	0	0	0	3	1	0	0	0	2	0	0	0	0	0	0	0	0	0	0	0	0	0	0	0	0	0	0	0	0	0	0	0	0	4	0	0	2	0	0	0	0	0	0	0	0	0	0	
Transferred Photo Group-------	0-1000	1000-2000	2000-3000	3000-4000	4000-5000	5000-6000	6000-7000	7000-8000	8000-9000	9000-10000	10000-11000	11000-12000	12000-13000	13000-14000	14000-15000	15000-16000	16000-17000	17000-18000	18000-19000	19000-20000	20000-21000	21000-22000	22000-23000	23000-24000	24000-25000	25000-26000	26000-27000	27000-28000	28000-29000	29000-30000	30000-31000	31000-32000	32000-33000	33000-34000	34000-35000	35000-36000	36000-37000	37000-38000	38000-39000	39000-40000	40000-41000	41000-42000	42000-43000	43000-44000	44000-45000	45000-46000	46000-47000	47000-48000	48000-49000	49000-50000	50000-51000	51000-52000	52000-53000	53000-54000	54000-55000	55000-56000	56000-57000	57000-58000	58000-59000	59000-60000	60000-61000	61000-62000	62000-63000	63000-64000	64000-65000	65000-66000	66000-67000	67000-68000	68000-69000	69000-70000	70000-71000	71000-72000	72000-73000	73000-74000	74000-75000	75000-76000	76000-77000	77000-78000	78000-79000	79000-80000	80000-81000	81000-82000	82000-83000	83000-84000	84000-85000	85000-86000	86000-87000	
Photo Time Distribution-------	797	471	178	53	0	278	50	342	79	0	368	0	0	0	0	0	102	4	48	0	0	0	0	0	0	0	66	135	0	0	0	0	299	0	0	0	401	41	604	0	0	0	0	170	99	338	57	0	40	0	0	0	440	109	337	0	0	0	0	0	0	0	0	236	0	70	70	0	0	22	0	0	0	126	371	477	35	0	16	384	79	0	21	0	0	0	0	

