Message stats for scenario Photo_5000-Scenario_4-ActualPOI_50-K_4
sim_time: 160388470.0000

Photo List Size: 4495
coverageValue-----------------	222	180	220	271	270	166	313	211	187	199	255	276	190	240	250	271	203	159	256	209	182	214	263	241	275	328	204	333	190	226	307	293	243	281	276	164	100	222	306	135	345	241	259	297	242	338	222	316	346	205	322	348	269	330	286	312	206	298	347	296	328	360	262	288	244	313	336	220	311	183	324	300	309	252	303	266	321	260	238	339	318	350	351	324	274	207	317	336	327	360	299	245	306	306	338	234	301	300	279	248	
redundantCoverageValue--------	138	0	140	209	150	134	407	29	53	341	165	264	170	180	110	149	217	21	224	151	58	146	37	59	145	152	276	267	170	74	473	247	237	199	84	136	20	138	354	45	255	59	161	243	58	142	138	164	134	35	38	552	151	270	254	108	154	62	313	184	272	360	98	312	116	107	444	80	169	117	156	180	231	108	177	154	279	40	182	261	402	550	489	276	266	93	403	504	213	780	301	175	594	294	562	186	359	180	81	52	
halfCoverageTime--------------	33985317.0	63507459.0	32686098.0	33985407.0	33384276.0	.0	32264382.0	33036180.0	32686163.0	32061739.0	33195344.0	32061639.0	63849979.0	63507439.0	32264442.0	32960340.0	33195264.0	.0	32761762.0	32868717.0	63849954.0	64582441.0	63849959.0	64666266.0	32264602.0	63849924.0	64582411.0	32159465.0	64666581.0	63271969.0	32264467.0	32960488.0	33266804.0	32686203.0	63507500.0	.0	.0	33985322.0	32008539.0	.0	33906563.0	33906528.0	32761800.0	64666185.0	63849964.0	32761773.0	33906588.0	32264297.0	32960387.0	33266748.0	33178445.0	32686093.0	32960330.0	63507490.0	32264607.0	32960320.0	64139282.0	32008402.0	32008346.0	33298093.0	32159395.0	32868782.0	32264457.0	32008619.0	63704303.0	32960412.0	32868767.0	64582391.0	63704178.0	.0	63849969.0	32686118.0	32159183.0	63704078.0	32061694.0	32061714.0	32159410.0	33178440.0	32264337.0	32095129.0	32264277.0	32008469.0	32761661.0	32960377.0	32868742.0	32264402.0	32264317.0	32008579.0	33178430.0	32159143.0	32061749.0	33985392.0	32008300.0	32008479.0	32264387.0	63849949.0	32761681.0	32008429.0	32676008.0	33195354.0	
numberOfPoint-----------------	1	1	1	1	1	1	1	1	1	1	1	1	1	1	1	1	1	1	1	1	1	1	1	1	1	1	1	1	1	1	1	1	1	1	1	1	1	1	1	1	1	1	1	1	1	1	1	1	1	1	24	2	4	6	4	7	5	2	5	4	2	9	4	3	2	2	3	3	7	6	3	3	1	5	4	6	14	4	4	2	3	4	7	3	5	8	2	3	6	4	10	4	7	5	4	2	2	3	10	2	
standardDeviation-------------	.0	.0	.0	.0	.0	.0	.0	.0	.0	.0	.0	.0	.0	.0	.0	.0	.0	.0	.0	.0	.0	.0	.0	.0	.0	.0	.0	.0	.0	.0	.0	.0	.0	.0	.0	.0	.0	.0	.0	.0	.0	.0	.0	.0	.0	.0	.0	.0	.0	.0	7.94	5.66	7.51	7.23	4.72	7.56	3.97	5.78	7.72	7.96	10.13	5.74	4.59	7.76	7.87	5.51	7.47	6.59	8.95	7.41	9.1	7.53	.95	5.45	5.5	5.92	8.45	7.62	7.85	4.88	10.79	6.88	4.47	6.11	5.17	6.78	5.3	5.74	8.14	7.4	6.46	8.67	5.22	8.07	7.1	6.22	5.74	6.38	4.97	7.24	
initialCoverageValue----------	360	360	360	360	360	360	360	360	360	360	360	360	360	360	360	360	360	360	360	360	360	360	360	355	360	360	360	360	360	360	360	360	360	360	360	360	360	360	360	360	360	360	360	360	360	360	360	360	360	360	360	360	360	360	360	360	360	360	360	360	360	360	360	360	360	360	360	360	360	360	360	360	360	360	360	360	360	360	360	360	360	360	360	360	360	360	360	360	360	360	360	360	360	360	360	360	360	360	360	360	
initialRedundantCoverageValue-	2520	2040	2220	2400	2400	3000	2100	1560	1980	2700	2520	2340	2940	2760	2640	2640	3240	2040	2520	2700	2280	1920	1920	1925	2100	2820	2520	2520	2760	2640	2700	2040	2280	2220	2520	3000	1620	2520	2520	2040	2160	2580	2220	2760	2340	3240	2160	2520	2940	2460	1920	2460	2100	2760	2520	2280	2220	2400	1980	2160	2820	3120	1980	2280	2220	2880	2520	2040	2040	2580	2220	2520	2460	1860	2280	2220	3780	2100	1800	2880	2280	2340	3000	2880	2460	2280	2820	2520	2400	2460	2100	2880	2700	2880	3060	2220	2940	1800	2400	2280	
additionalPoiTime-------------	2.3249E8
algorithmTime-----------------	1.676E7
serverTime--------------------	1.7681E8
Total Transferred Metadata----	3611

Photo List Size: 4495
Gained Coverage %-------------	0.7482428115015974
Gained Redundancy %-----------	0.08475606001518853
Total Cluster Created---------	51
Total Transferred Photo-------	1864
Total Photo at Destination----	804
Coverage Group----------------	1-30	31-60	61-90	91-120	121-150	151-180	181-210	211-240	241-270	271-300	301-330	331-360	
Coverage Distribution---------	0	0	0	1	1	4	12	11	18	17	22	14	
Ratio Group-------------------	.0	.1	.2	.3	.4	.5	.6	.7	.8	.9	1.0	
Coverage Ratio----------------	0	0	0	1	1	4	14	18	19	25	18	
Redundant Ratio---------------	1	70	25	3	1	0	0	0	0	0	0	
NumberOfPoint Group-----------	0	1	2	3	4	5	6	7	8	9	10	11	12	13	14	15	16	17	18	19	20	21	22	23	24	
NumOfPoint Distribution-------	0	1	10	9	11	5	4	4	1	1	2	0	0	0	1	0	0	0	0	0	0	0	0	0	1	
SD Group----------------------	0-1	1-2	2-3	3-4	4-5	5-6	6-7	7-8	8-9	9-10	10-11	
SD Distribution---------------	51	0	0	1	5	12	7	16	5	1	2	
Half Coverage Group-----------	0-16038847	16038847-32077694	32077694-48116541	48116541-64155388	64155388-80194235	80194235-96233082	96233082-112271929	112271929-128310776	128310776-144349623	144349623-160388470	160388470-176427317	
Half Cvg Time Distribution----	0	14	58	16	6	0	0	0	0	0	0	
Transferred Photo Group-------	0-16038847	16038847-32077694	32077694-48116541	48116541-64155388	64155388-80194235	80194235-96233082	96233082-112271929	112271929-128310776	128310776-144349623	144349623-160388470	160388470-176427317	
Photo Time Distribution-------	598	2014	3023	1046	716	42	0	57	39	0	0	

Cvg&Red Distribution----------	0.0	2.0	3.2077694E7	6.4155388E7	1.28310776E8	1.6038847E8	9.6233082E7	
Average PhotoNum--------------	26.63888888888889	26.63888888888889	28.694444444444443	30.011111111111113	30.683333333333334	30.677777777777777	30.683333333333334	
Nodes Above Average-----------	102	102	90	68	70	69	70	
Nodes Below Average-----------	78	78	90	112	110	111	110	

Average Coverage--------------	1560.588888888889	1560.588888888889	1668.0611111111111	1735.5166666666667	1770.8111111111111	1770.4777777777779	1770.8111111111111	
Nodes Above Average-----------	102	102	91	76	74	74	74	
Nodes Below Average-----------	78	78	89	104	106	106	106	
Photos Above Average----------	33	33	38	44	46	46	46	
Photos Below Average----------	17	17	18	19	19	19	19	
Network Coverage--------------	35986	35986	35986	35985	35985	35985	35985	

Average Redundancy------------	37.74444444444445	37.74444444444445	53.605555555555554	65.15	70.18888888888888	70.18888888888888	70.18888888888888	
Nodes Above Average-----------	75	75	58	49	49	49	49	
Nodes Below Average-----------	105	105	122	131	131	131	131	
Photos Above Average----------	31	31	39	47	49	49	49	
Photos Below Average----------	23	23	23	23	23	23	23	
Network Redundancy------------	251714	251714	273914	288135	295395	295335	295395	

