Message stats for scenario Photo_5000-Scenario_5-ActualPOI_50-K_2
sim_time: 160388470.0000

Photo List Size: 4495
coverageValue-----------------	324	276	307	328	201	178	286	317	289	346	317	246	198	173	274	279	191	315	268	225	272	256	271	211	174	203	262	283	222	251	260	224	255	60	276	230	260	253	343	266	260	247	247	290	168	187	286	321	256	236	342	314	286	210	307	357	296	291	292	304	326	264	266	238	166	249	316	330	158	226	306	280	292	271	172	344	331	321	283	333	333	316	272	340	309	318	252	308	183	328	336	217	303	331	322	205	253	288	204	302	
redundantCoverageValue--------	216	84	293	332	159	62	74	283	251	434	223	294	102	7	266	201	49	105	92	195	268	224	389	89	126	217	158	317	18	49	280	256	225	0	204	130	160	347	137	94	100	173	173	130	72	173	194	219	224	184	438	106	194	150	113	363	244	189	188	356	334	276	154	242	194	291	344	330	82	74	294	200	308	209	68	436	389	219	197	687	207	284	88	260	231	222	108	352	177	452	444	203	237	209	158	95	287	132	156	298	
halfCoverageTime--------------	32686188.0	33985332.0	32960525.0	33384286.0	32761706.0	.0	64666396.0	32159485.0	32686088.0	32159118.0	32159173.0	64666526.0	64732445.0	.0	32686168.0	32960447.0	64582416.0	33906578.0	32960478.0	63850029.0	33195304.0	33195264.0	32676002.0	33985362.0	.0	64666481.0	64582451.0	32960422.0	64666341.0	63507525.0	32676014.0	33384256.0	63507505.0	.0	63849918.0	32264397.0	33195309.0	32159420.0	32686183.0	63849924.0	33384276.0	33906588.0	64582441.0	63850019.0	.0	64666301.0	32686148.0	33195354.0	64666119.0	63704083.0	32960315.0	32761800.0	64666164.0	64666752.0	33906598.0	32761794.0	63507454.0	33195349.0	32264287.0	32159450.0	32061739.0	33195369.0	33195344.0	32264282.0	.0	33298098.0	33195334.0	32008295.0	.0	63704283.0	32960320.0	32159153.0	32008549.0	32686143.0	.0	32264257.0	32264312.0	32061654.0	33906493.0	32264292.0	33195274.0	32061714.0	32264362.0	32264302.0	32960509.0	32686103.0	63704253.0	32761651.0	33195359.0	32008624.0	32008424.0	32264357.0	32761676.0	64666326.0	32264447.0	33266748.0	1000106.0	32868792.0	33178435.0	33906553.0	
numberOfPoint-----------------	1	1	1	1	1	1	1	1	1	1	1	1	1	1	1	1	1	1	1	1	1	1	1	1	1	1	1	1	1	1	1	1	1	1	1	1	1	1	1	1	1	1	1	1	1	1	1	1	1	1	6	4	1	3	2	4	5	5	2	2	5	3	3	1	5	1	2	4	4	3	8	3	4	3	11	4	3	3	4	12	3	1	8	3	5	8	7	5	7	5	9	4	4	4	3	5	4	10	2	6	
standardDeviation-------------	.0	.0	.0	.0	.0	.0	.0	.0	.0	.0	.0	.0	.0	.0	.0	.0	.0	.0	.0	.0	.0	.0	.0	.0	.0	.0	.0	.0	.0	.0	.0	.0	.0	.0	.0	.0	.0	.0	.0	.0	.0	.0	.0	.0	.0	.0	.0	.0	.0	.0	7.55	8.75	3.04	7.98	6.23	6.38	8.14	9.99	7.07	6.95	7.15	8.98	5.83	1.36	6.41	10.46	5.36	6.52	8.98	6.59	7.47	8.0	4.82	7.49	7.57	5.6	6.83	7.84	6.49	6.3	7.1	7.61	9.95	5.79	7.46	5.51	6.73	5.35	7.44	7.3	8.33	6.12	7.2	5.82	8.28	6.76	6.09	8.37	4.5	8.69	
initialCoverageValue----------	360	360	360	360	360	360	360	360	360	360	360	360	344	360	360	360	360	360	358	360	360	360	360	360	360	360	360	360	360	360	360	360	360	360	360	360	360	360	360	360	360	360	360	360	360	360	360	360	360	360	360	360	360	360	360	360	360	360	360	360	360	360	360	360	360	360	360	360	360	360	360	360	360	360	360	360	360	360	360	360	360	360	360	360	360	360	360	360	360	360	360	360	360	360	360	360	360	360	360	360	
initialRedundantCoverageValue-	2700	2760	2220	2460	1980	1800	2220	2520	2460	2700	2640	2280	2176	2040	2160	2520	2880	2700	2102	3240	2400	2760	2220	2760	2640	2160	2580	2640	1800	2100	2220	2820	2040	1920	1680	2520	2880	2640	2460	2280	2280	2640	2280	2700	2760	2700	2640	2880	2160	2580	2520	2460	1980	2760	2580	2880	2520	2940	2520	2760	2700	2040	2160	2700	2220	1980	2460	2820	2880	2400	2640	2160	3300	2100	1920	2280	2400	2460	1860	2400	2640	2760	2700	2580	1860	2340	1740	2520	2820	2520	2520	1740	2460	2880	1920	1980	2040	2100	2100	2400	
additionalPoiTime-------------	0.0
algorithmTime-----------------	1.43832922E7
serverTime--------------------	5.33679421E7
Total Transferred Metadata----	3615

Photo List Size: 4495
Gained Coverage %-------------	0.7464565616141404
Gained Redundancy %-----------	0.08806036725893986
Total Cluster Created---------	50
Total Transferred Photo-------	1832
Total Photo at Destination----	813
Coverage Group----------------	1-30	31-60	61-90	91-120	121-150	151-180	181-210	211-240	241-270	271-300	301-330	331-360	
Coverage Distribution---------	0	1	0	0	0	7	9	9	19	21	23	11	
Ratio Group-------------------	.0	.1	.2	.3	.4	.5	.6	.7	.8	.9	1.0	
Coverage Ratio----------------	0	0	1	0	0	7	10	14	28	25	15	
Redundant Ratio---------------	1	61	37	1	0	0	0	0	0	0	0	
NumberOfPoint Group-----------	0	1	2	3	4	5	6	7	8	9	10	11	12	
NumOfPoint Distribution-------	0	4	5	11	11	8	2	2	3	1	1	1	1	
SD Group----------------------	0-1	1-2	2-3	3-4	4-5	5-6	6-7	7-8	8-9	9-10	10-11	
SD Distribution---------------	50	1	0	1	2	7	13	15	8	2	1	
Half Coverage Group-----------	0-16038847	16038847-32077694	32077694-48116541	48116541-64155388	64155388-80194235	80194235-96233082	96233082-112271929	112271929-128310776	128310776-144349623	144349623-160388470	160388470-176427317	
Half Cvg Time Distribution----	1	7	61	10	13	0	0	0	0	0	0	
Transferred Photo Group-------	0-16038847	16038847-32077694	32077694-48116541	48116541-64155388	64155388-80194235	80194235-96233082	96233082-112271929	112271929-128310776	128310776-144349623	144349623-160388470	160388470-176427317	
Photo Time Distribution-------	554	1263	2522	867	688	41	0	63	38	0	0	

Cvg&Red Distribution----------	0.0	2.0	3.2077694E7	6.4155388E7	1.28310776E8	1.6038847E8	9.6233082E7	
Average PhotoNum--------------	26.63888888888889	26.63888888888889	28.0	29.18888888888889	29.872222222222224	29.872222222222224	29.872222222222224	
Nodes Above Average-----------	102	102	90	77	79	79	79	
Nodes Below Average-----------	78	78	90	103	101	101	101	

Average Coverage--------------	1555.2111111111112	1555.2111111111112	1626.9166666666667	1692.8722222222223	1731.7277777777779	1731.7277777777779	1731.7277777777779	
Nodes Above Average-----------	102	102	95	80	78	78	78	
Nodes Below Average-----------	78	78	85	100	102	102	102	
Photos Above Average----------	33	33	36	41	43	43	43	
Photos Below Average----------	17	17	18	19	19	19	19	
Network Coverage--------------	35982	35982	35982	35982	35982	35982	35982	

Average Redundancy------------	43.12222222222222	43.12222222222222	53.083333333333336	58.46111111111111	60.605555555555554	60.605555555555554	60.605555555555554	
Nodes Above Average-----------	76	76	64	59	59	59	59	
Nodes Below Average-----------	104	104	116	121	121	121	121	
Photos Above Average----------	32	32	36	42	43	43	43	
Photos Below Average----------	22	22	23	22	23	23	23	
Network Redundancy------------	251718	251718	266418	279258	286638	286638	286638	

