Message stats for scenario Photo_5000-Scenario_5-ActualPOI_50
sim_time: 86400.0000

Photo List Size: 4855
coverageValue-----------------	360	281	340	360	295	360	358	323	300	260	256	245	270	281	356	350	351	360	288	336	343	360	268	267	322	357	313	310	239	345	345	174	359	282	100	356	194	352	244	296	341	350	345	307	225	323	357	352	360	360	210	227	160	194	329	208	298	248	349	227	309	310	210	238	239	310	255	292	258	292	270	241	205	157	196	226	304	225	284	190	305	279	258	353	238	269	233	249	198	121	162	161	303	217	268	290	301	335	279	185	
redundantCoverageValue--------	300	139	260	240	185	180	422	277	240	220	224	55	150	259	364	190	69	240	132	264	257	360	212	93	158	183	167	110	241	315	375	66	301	138	80	184	106	188	236	184	259	370	315	113	75	277	423	308	480	180	90	13	20	106	151	92	182	232	251	193	171	110	150	2	241	110	105	128	102	128	150	299	215	23	164	254	236	15	196	50	115	21	162	247	242	211	67	111	102	59	18	139	117	203	452	370	179	145	261	175	
halfCoverageTime--------------	16354.0	44084.0	910.0	812.0	7938.0	32090.0	652.0	8150.0	7974.0	52158.0	1238.0	75310.0	52164.0	1098.0	512.0	43822.0	42332.0	808.0	37932.0	7846.0	7784.0	1062.0	79828.0	73458.0	1068.0	16336.0	16342.0	6118.0	74996.0	5450.0	966.0	.0	8180.0	52188.0	.0	8144.0	74206.0	44150.0	44156.0	7926.0	75126.0	5868.0	1212.0	8034.0	8228.0	8082.0	7816.0	446.0	7754.0	1218.0	73272.0	74984.0	.0	52194.0	16312.0	32780.0	42314.0	43894.0	1346.0	5468.0	1298.0	43834.0	80136.0	75484.0	46514.0	8058.0	43864.0	1044.0	6124.0	574.0	3650.0	37828.0	32786.0	.0	1038.0	1242.0	524.0	1262.0	830.0	52258.0	3624.0	7704.0	1104.0	602.0	1014.0	16282.0	1196.0	32750.0	548.0	.0	.0	.0	53778.0	36258.0	1154.0	640.0	44102.0	7894.0	43810.0	73464.0	
numberOfPoint-----------------	1	1	1	1	1	1	1	1	1	1	1	1	1	1	1	1	1	1	1	1	1	1	1	1	1	1	1	1	1	1	1	1	1	1	1	1	1	1	1	1	1	1	1	1	1	1	1	1	1	1	4	3	3	4	2	8	2	2	4	7	2	5	4	2	2	4	3	6	3	4	3	5	5	3	4	6	2	7	3	3	4	2	1	6	0	3	3	1	2	2	1	3	3	3	3	2	2	3	4	3	
standardDeviation-------------	.0	.0	.0	.0	.0	.0	.0	.0	.0	.0	.0	.0	.0	.0	.0	.0	.0	.0	.0	.0	.0	.0	.0	.0	.0	.0	.0	.0	.0	.0	.0	.0	.0	.0	.0	.0	.0	.0	.0	.0	.0	.0	.0	.0	.0	.0	.0	.0	.0	.0	7.33	6.32	6.8	11.3	4.96	6.63	4.84	8.11	5.32	7.41	5.35	5.77	8.2	6.49	5.25	7.79	5.02	7.83	8.45	8.81	7.45	8.61	4.32	7.32	5.73	6.49	7.64	8.85	4.89	4.1	6.48	6.7	3.01	6.18	.0	4.47	7.51	4.06	2.6	5.09	3.36	9.3	9.61	10.21	7.74	7.09	1.91	8.99	10.53	9.49	
initialCoverageValue----------	360	360	360	360	360	360	360	360	360	360	360	360	360	360	360	360	360	360	356	360	360	360	360	360	360	360	360	360	360	360	360	360	360	360	360	360	360	360	360	360	360	360	360	360	360	360	360	360	360	360	360	360	360	360	360	360	360	357	360	360	360	360	360	360	360	360	360	360	360	360	360	360	360	360	360	360	360	360	350	360	360	360	360	360	360	360	360	360	360	360	360	360	360	360	360	360	360	360	360	360	
initialRedundantCoverageValue-	3060	1680	2340	3000	3060	2640	2700	2580	1860	2280	2280	2460	2220	2520	3120	3060	2700	2760	1984	2760	3000	2820	2580	2520	2700	2400	2580	2460	2580	2280	2460	2220	2760	2040	1500	1800	1500	2100	1680	1620	2400	3240	3240	2340	2040	2400	2820	2580	2760	2880	1980	1680	2340	2340	1740	2580	2400	2463	2340	2280	2820	2100	2580	2160	2700	1920	2220	2580	2820	2040	2220	2400	2700	1680	2580	2520	1860	2580	1510	2340	3060	3120	1860	2400	2940	3180	2340	2280	2760	2100	1920	2100	3420	2160	2760	2760	2340	2340	2460	2580	
additionalPoiTime-------------	0.0
algorithmTime-----------------	6.54112193E7
Total Transferred Metadata----	13228

Photo List Size: 4855
Gained Coverage %-------------	0.7765055720757024
Gained Redundancy %-----------	0.07720514014263526
Total Cluster Created---------	51
Total Transferred Photo-------	2072
Coverage Group----------------	1-30	31-60	61-90	91-120	121-150	151-180	181-210	211-240	241-270	271-300	301-330	331-360	
Coverage Distribution---------	0	0	0	1	1	5	10	11	16	14	14	28	
Ratio Group-------------------	.0	.1	.2	.3	.4	.5	.6	.7	.8	.9	1.0	
Coverage Ratio----------------	0	0	0	1	1	5	10	16	16	22	29	
Redundant Ratio---------------	0	72	28	0	0	0	0	0	0	0	0	
NumberOfPoint Group-----------	0	1	2	3	4	5	6	7	8	
NumOfPoint Distribution-------	1	3	12	16	9	3	3	2	1	
SD Group----------------------	0-1	1-2	2-3	3-4	4-5	5-6	6-7	7-8	8-9	9-10	10-11	11-12	
SD Distribution---------------	51	1	1	2	7	7	8	10	7	3	2	1	
Half Coverage Group-----------	0-1000	1000-2000	2000-3000	3000-4000	4000-5000	5000-6000	6000-7000	7000-8000	8000-9000	9000-10000	10000-11000	11000-12000	12000-13000	13000-14000	14000-15000	15000-16000	16000-17000	17000-18000	18000-19000	19000-20000	20000-21000	21000-22000	22000-23000	23000-24000	24000-25000	25000-26000	26000-27000	27000-28000	28000-29000	29000-30000	30000-31000	31000-32000	32000-33000	33000-34000	34000-35000	35000-36000	36000-37000	37000-38000	38000-39000	39000-40000	40000-41000	41000-42000	42000-43000	43000-44000	44000-45000	45000-46000	46000-47000	47000-48000	48000-49000	49000-50000	50000-51000	51000-52000	52000-53000	53000-54000	54000-55000	55000-56000	56000-57000	57000-58000	58000-59000	59000-60000	60000-61000	61000-62000	62000-63000	63000-64000	64000-65000	65000-66000	66000-67000	67000-68000	68000-69000	69000-70000	70000-71000	71000-72000	72000-73000	73000-74000	74000-75000	75000-76000	76000-77000	77000-78000	78000-79000	79000-80000	80000-81000	81000-82000	82000-83000	83000-84000	84000-85000	85000-86000	86000-87000	
Half Cvg Time Distribution----	13	16	0	2	0	3	2	9	7	0	0	0	0	0	0	0	5	0	0	0	0	0	0	0	0	0	0	0	0	0	0	0	4	0	0	0	1	2	0	0	0	0	2	5	4	0	1	0	0	0	0	0	5	1	0	0	0	0	0	0	0	0	0	0	0	0	0	0	0	0	0	0	0	3	3	3	0	0	0	1	1	0	0	0	0	0	0	
Transferred Photo Group-------	0-1000	1000-2000	2000-3000	3000-4000	4000-5000	5000-6000	6000-7000	7000-8000	8000-9000	9000-10000	10000-11000	11000-12000	12000-13000	13000-14000	14000-15000	15000-16000	16000-17000	17000-18000	18000-19000	19000-20000	20000-21000	21000-22000	22000-23000	23000-24000	24000-25000	25000-26000	26000-27000	27000-28000	28000-29000	29000-30000	30000-31000	31000-32000	32000-33000	33000-34000	34000-35000	35000-36000	36000-37000	37000-38000	38000-39000	39000-40000	40000-41000	41000-42000	42000-43000	43000-44000	44000-45000	45000-46000	46000-47000	47000-48000	48000-49000	49000-50000	50000-51000	51000-52000	52000-53000	53000-54000	54000-55000	55000-56000	56000-57000	57000-58000	58000-59000	59000-60000	60000-61000	61000-62000	62000-63000	63000-64000	64000-65000	65000-66000	66000-67000	67000-68000	68000-69000	69000-70000	70000-71000	71000-72000	72000-73000	73000-74000	74000-75000	75000-76000	76000-77000	77000-78000	78000-79000	79000-80000	80000-81000	81000-82000	82000-83000	83000-84000	84000-85000	85000-86000	86000-87000	
Photo Time Distribution-------	684	124	22	198	0	99	20	139	0	0	152	0	0	0	0	0	26	11	0	0	0	0	0	0	0	0	20	5	0	0	0	0	141	0	0	0	406	23	78	0	0	0	0	35	29	176	16	0	11	0	0	0	109	51	120	22	0	0	0	0	0	0	0	76	0	32	32	0	0	13	0	0	0	47	134	102	0	0	7	113	17	0	3	0	0	0	0	

