Message stats for scenario Photo_1250-Scenario_8-ActualPOI_50
sim_time: 160388470.0000

Photo List Size: 298
coverageValue-----------------	180	60	243	200	101	329	222	188	179	182	180	63	149	161	198	161	174	60	154	163	180	120	154	140	120	120	224	60	120	180	300	259	224	197	181	209	60	176	249	180	169	241	238	60	209	83	143	207	255	173	180	276	120	60	160	0	263	180	120	120	129	180	120	180	60	91	86	112	0	108	60	246	120	0	176	120	60	203	162	0	0	162	120	148	60	63	60	120	60	120	124	138	0	0	60	60	266	120	120	60	
redundantCoverageValue--------	0	0	117	40	79	211	78	52	121	58	0	57	31	19	102	19	6	0	26	17	0	0	86	40	0	0	16	0	0	0	60	101	16	103	59	31	0	64	51	0	131	59	62	0	91	37	97	93	45	7	0	84	0	0	80	0	157	0	0	0	111	0	0	0	0	29	34	8	0	72	0	174	0	0	64	0	0	97	78	0	0	78	0	32	0	57	0	0	0	0	56	102	0	0	0	0	34	0	0	0	
halfCoverageTime--------------	64139277.0	.0	32159143.0	33195254.0	.0	63704108.0	32761691.0	33178435.0	.0	32868702.0	33906508.0	.0	.0	.0	64666134.0	.0	.0	.0	.0	.0	64666187.0	.0	.0	.0	.0	.0	64582436.0	.0	.0	63507444.0	32675978.0	33985317.0	63507454.0	32264587.0	64666197.0	32868707.0	.0	.0	32686098.0	64666119.0	.0	63507449.0	32095154.0	.0	33266748.0	.0	.0	32686123.0	33266782.0	.0	64139262.0	64582421.0	.0	.0	.0	.0	32159123.0	31744045.0	.0	.0	.0	63507470.0	.0	33266776.0	.0	.0	.0	.0	.0	.0	.0	64582441.0	.0	.0	.0	.0	.0	33298093.0	.0	.0	.0	.0	.0	.0	.0	.0	.0	.0	.0	.0	.0	.0	.0	.0	.0	.0	33298113.0	.0	.0	.0	
numberOfPoint-----------------	1	1	1	1	1	1	1	1	1	1	1	1	1	1	1	1	1	1	1	1	1	1	1	1	1	1	1	1	1	1	1	1	1	1	1	1	1	1	1	1	1	1	1	1	1	1	1	1	1	1	0	2	1	0	0	0	1	2	1	2	1	1	0	2	0	0	2	0	0	1	0	2	1	0	2	1	0	2	2	0	0	2	1	0	0	1	0	0	0	1	1	1	0	0	0	1	1	1	1	1	
standardDeviation-------------	.0	.0	.0	.0	.0	.0	.0	.0	.0	.0	.0	.0	.0	.0	.0	.0	.0	.0	.0	.0	.0	.0	.0	.0	.0	.0	.0	.0	.0	.0	.0	.0	.0	.0	.0	.0	.0	.0	.0	.0	.0	.0	.0	.0	.0	.0	.0	.0	.0	.0	.0	5.63	3.04	.0	.0	.0	.73	5.83	4.81	6.67	5.45	5.51	.0	8.22	.0	.0	7.21	.0	.0	5.31	.0	6.61	10.31	.0	8.3	1.33	.0	8.12	6.45	.0	.0	7.85	9.52	.0	.0	7.3	.0	.0	.0	5.94	5.1	8.85	.0	.0	.0	7.34	6.4	3.11	7.57	8.92	
initialCoverageValue----------	300	183	328	345	329	360	305	232	311	305	311	345	288	280	302	312	325	343	360	269	296	308	256	360	285	254	347	342	272	311	348	356	360	326	331	318	340	346	329	360	360	352	360	348	338	342	336	323	318	267	339	349	328	291	308	261	291	316	291	360	350	294	326	293	270	305	322	355	360	339	360	355	353	298	360	346	290	346	358	318	193	293	349	356	269	276	263	335	265	320	246	338	304	345	237	269	313	322	331	307	
initialRedundantCoverageValue-	480	117	452	435	451	900	415	308	529	595	229	255	312	140	238	648	395	317	480	151	424	232	404	720	195	226	313	258	208	289	732	664	600	394	449	342	380	434	391	600	660	668	720	192	382	318	384	757	582	213	621	371	452	189	532	219	549	284	369	780	490	306	514	367	330	415	338	365	660	741	480	545	667	242	420	194	250	674	662	282	107	427	551	1084	331	444	397	325	215	280	174	742	176	315	123	331	407	278	389	413	
additionalPoiTime-------------	15600.1
algorithmTime-----------------	3.363030717272E9
Total Transferred Metadata----	2548

Photo List Size: 298
Gained Coverage %-------------	0.4473959157828083
Gained Redundancy %-----------	0.08682856801052757
Total Cluster Created---------	0
Total Transferred Photo-------	9634
Total Photo at Destination----	310
Coverage Group----------------	1-30	31-60	61-90	91-120	121-150	151-180	181-210	211-240	241-270	271-300	301-330	331-360	
Coverage Distribution---------	7	15	4	19	7	23	10	4	8	2	1	0	
Ratio Group-------------------	.0	.1	.2	.3	.4	.5	.6	.7	.8	.9	1.0	
Coverage Ratio----------------	7	0	7	12	17	12	18	16	5	4	2	
Redundant Ratio---------------	46	20	20	11	2	1	0	0	0	0	0	
NumberOfPoint Group-----------	0	1	2	
NumOfPoint Distribution-------	22	18	10	
SD Group----------------------	0-1	1-2	2-3	3-4	4-5	5-6	6-7	7-8	8-9	9-10	10-11	
SD Distribution---------------	73	1	0	2	1	7	4	5	5	1	1	
Half Coverage Group-----------	0-16038847	16038847-32077694	32077694-48116541	48116541-64155388	64155388-80194235	80194235-96233082	96233082-112271929	112271929-128310776	128310776-144349623	144349623-160388470	160388470-176427317	
Half Cvg Time Distribution----	0	1	19	7	7	0	0	0	0	0	0	
Transferred Photo Group-------	0-16038847	16038847-32077694	32077694-48116541	48116541-64155388	64155388-80194235	80194235-96233082	96233082-112271929	112271929-128310776	128310776-144349623	144349623-160388470	160388470-176427317	
Photo Time Distribution-------	1435	3800	4197	3790	1867	80	54	226	60	5	0	

Cvg&Red Distribution----------	0.0	2.0	3.2077694E7	6.4155388E7	1.28310776E8	1.6038847E8	9.6233082E7	
Average PhotoNum--------------	6.555555555555555	6.555555555555555	8.805555555555555	9.744444444444444	10.25	10.266666666666667	9.96111111111111	
Nodes Above Average-----------	101	101	106	132	142	142	136	
Nodes Below Average-----------	79	79	74	48	38	38	44	

Average Coverage--------------	391.65	391.65	524.4888888888889	578.8888888888889	609.4944444444444	610.4944444444444	591.8444444444444	
Nodes Above Average-----------	99	99	106	132	142	142	136	
Nodes Below Average-----------	81	81	74	48	38	38	44	
Photos Above Average----------	8	8	11	11	11	11	11	
Photos Below Average----------	4	4	4	3	3	3	3	
Network Coverage--------------	31005	31005	31005	31005	31005	31005	31005	

Average Redundancy------------	1.6833333333333333	1.6833333333333333	3.8444444444444446	5.777777777777778	5.5055555555555555	5.5055555555555555	5.822222222222222	
Nodes Above Average-----------	11	11	21	31	29	29	30	
Nodes Below Average-----------	169	169	159	149	151	151	150	
Photos Above Average----------	8	8	11	12	12	12	12	
Photos Below Average----------	6	6	8	9	9	9	9	
Network Redundancy------------	39795	39795	64095	74235	79695	79875	76575	

