Message stats for scenario Photo_5000-Scenario_8-ActualPOI_50-K_1
sim_time: 160388470.0000

Photo List Size: 888
coverageValue-----------------	337	270	333	211	322	271	289	358	231	283	352	344	337	360	289	358	171	331	272	292	350	298	274	320	217	308	327	343	298	336	351	328	358	273	303	184	293	338	152	329	359	280	351	284	257	303	317	327	335	308	247	182	292	282	304	198	60	254	120	308	311	221	262	333	276	253	180	180	183	252	333	297	272	234	268	244	72	321	176	202	266	180	120	336	295	223	224	326	309	233	219	256	313	259	209	311	234	290	341	308	
redundantCoverageValue--------	263	270	267	89	338	269	431	542	69	197	428	556	203	600	131	722	129	149	208	188	310	482	86	280	203	232	453	137	542	504	189	572	602	327	297	176	307	502	268	271	241	260	369	376	283	357	403	573	505	352	53	58	308	138	176	102	0	106	0	292	109	79	218	327	144	287	0	0	237	288	267	243	328	246	212	56	108	159	124	218	394	0	0	204	185	257	196	94	351	67	141	164	167	101	91	349	66	310	259	472	
halfCoverageTime--------------	32061654.0	33384246.0	32061744.0	32761788.0	32868762.0	33985317.0	32868742.0	32008559.0	63507480.0	32008629.0	32264352.0	32061613.0	32159158.0	32159430.0	33384256.0	32264582.0	.0	32761757.0	33195339.0	32761880.0	32960472.0	33298093.0	63849912.0	32761676.0	33906558.0	33985487.0	32008258.0	32686098.0	32761825.0	2335090.0	32264247.0	32159143.0	32159495.0	32686158.0	32264602.0	32761850.0	32061608.0	32761783.0	.0	32960340.0	32264282.0	32159188.0	32061689.0	33266748.0	32008589.0	32061739.0	32061729.0	32061699.0	32061749.0	63507444.0	32868787.0	64666276.0	33906598.0	64582431.0	64582606.0	64582491.0	.0	64666364.0	.0	32675972.0	32686188.0	33195259.0	32960335.0	32264272.0	32675990.0	32159465.0	64666479.0	33985377.0	64666514.0	32686103.0	32264337.0	64666190.0	33906533.0	32159425.0	32159405.0	33985347.0	.0	32264427.0	.0	64666707.0	32960382.0	.0	.0	33007247.0	32095139.0	64666747.0	64666692.0	33195349.0	32159475.0	63850034.0	33985392.0	32960488.0	32008424.0	63849959.0	33906613.0	32008549.0	63507485.0	33906523.0	32264342.0	32960392.0	
numberOfPoint-----------------	1	1	1	1	1	1	1	1	1	1	1	1	1	1	1	1	1	1	1	1	1	1	1	1	1	1	1	1	1	1	1	1	1	1	1	1	1	1	1	1	1	1	1	1	1	1	1	1	1	1	1	1	2	1	2	1	1	1	0	1	3	2	2	2	0	2	2	1	1	2	1	1	1	0	2	1	0	2	2	0	1	1	0	2	1	2	2	2	1	2	2	1	1	1	0	1	1	3	1	1	
standardDeviation-------------	.0	.0	.0	.0	.0	.0	.0	.0	.0	.0	.0	.0	.0	.0	.0	.0	.0	.0	.0	.0	.0	.0	.0	.0	.0	.0	.0	.0	.0	.0	.0	.0	.0	.0	.0	.0	.0	.0	.0	.0	.0	.0	.0	.0	.0	.0	.0	.0	.0	.0	4.77	8.3	5.7	2.7	5.9	5.82	4.18	2.73	.0	4.03	7.92	7.67	5.55	5.6	.0	6.39	8.57	4.84	7.05	9.07	3.59	6.81	4.83	.0	10.31	1.0	.0	8.55	5.79	.0	1.46	2.61	.0	5.94	2.92	8.11	7.24	7.25	7.07	7.02	7.2	4.41	5.41	4.74	.0	1.5	1.6	9.41	4.05	4.22	
initialCoverageValue----------	360	360	360	360	360	360	360	360	360	360	360	360	360	360	360	360	360	360	360	360	360	360	360	360	360	360	360	360	360	360	360	360	360	360	360	360	360	360	360	360	360	360	360	360	360	360	360	360	360	360	360	360	360	360	360	360	360	360	360	360	360	360	360	360	360	360	360	360	360	360	360	360	360	360	360	360	355	360	360	360	360	360	352	360	360	360	359	360	360	360	360	360	360	360	360	360	360	360	360	360	
initialRedundantCoverageValue-	2040	2460	2280	2160	1800	2400	2700	3000	2340	2400	2220	2880	2340	2520	2400	2880	1980	2820	2220	1800	2220	2700	1800	2760	2220	2400	2580	2040	3000	2640	1920	2400	2160	2640	2280	1860	2340	2820	1980	2700	2580	2580	3300	2220	2400	1680	2160	2820	2520	2580	2520	2640	2040	2820	2940	1980	2220	2220	2220	2460	2520	2220	3060	3240	1920	2460	2400	2520	2580	2820	2520	2220	2580	2460	2820	2400	2225	2520	2400	2460	2460	2460	2348	1680	2400	2220	1261	3120	3240	2280	2940	2220	3660	1860	3000	2340	2280	2580	2640	2880	
additionalPoiTime-------------	156001.0
algorithmTime-----------------	1.3875404666208E10
serverTime--------------------	1279208.2
Total Transferred Metadata----	2500

Photo List Size: 888
Gained Coverage %-------------	0.7636580892569332
Gained Redundancy %-----------	0.10342977880056016
Total Cluster Created---------	0
Total Transferred Photo-------	29651
Total Photo at Destination----	932
Coverage Group----------------	1-30	31-60	61-90	91-120	121-150	151-180	181-210	211-240	241-270	271-300	301-330	331-360	
Coverage Distribution---------	0	1	1	2	0	6	6	10	12	20	20	22	
Ratio Group-------------------	.0	.1	.2	.3	.4	.5	.6	.7	.8	.9	1.0	
Coverage Ratio----------------	0	0	1	1	2	6	7	12	19	25	27	
Redundant Ratio---------------	6	43	44	7	0	0	0	0	0	0	0	
NumberOfPoint Group-----------	0	1	2	3	
NumOfPoint Distribution-------	7	24	17	2	
SD Group----------------------	0-1	1-2	2-3	3-4	4-5	5-6	6-7	7-8	8-9	9-10	10-11	
SD Distribution---------------	57	4	4	1	9	8	2	8	4	2	1	
Half Coverage Group-----------	0-16038847	16038847-32077694	32077694-48116541	48116541-64155388	64155388-80194235	80194235-96233082	96233082-112271929	112271929-128310776	128310776-144349623	144349623-160388470	160388470-176427317	
Half Cvg Time Distribution----	1	15	59	6	11	0	0	0	0	0	0	
Transferred Photo Group-------	0-16038847	16038847-32077694	32077694-48116541	48116541-64155388	64155388-80194235	80194235-96233082	96233082-112271929	112271929-128310776	128310776-144349623	144349623-160388470	160388470-176427317	
Photo Time Distribution-------	5962	14850	18309	15518	8119	354	174	823	265	27	0	

Cvg&Red Distribution----------	0.0	2.0	3.2077694E7	6.4155388E7	1.28310776E8	1.6038847E8	9.6233082E7	
Average PhotoNum--------------	26.63888888888889	26.63888888888889	36.01111111111111	40.19444444444444	42.083333333333336	42.15	41.044444444444444	
Nodes Above Average-----------	102	102	95	126	137	137	129	
Nodes Below Average-----------	78	78	85	54	43	43	51	

Average Coverage--------------	1560.4166666666667	1560.4166666666667	2079.45	2313.2166666666667	2421.5666666666666	2426.016666666667	2363.4777777777776	
Nodes Above Average-----------	100	100	98	125	137	137	130	
Nodes Below Average-----------	80	80	82	55	43	43	50	
Photos Above Average----------	33	33	48	49	49	49	49	
Photos Below Average----------	17	17	21	17	17	17	18	
Network Coverage--------------	35986	35986	35986	35986	35986	35986	35986	

Average Redundancy------------	37.916666666666664	37.916666666666664	81.21666666666667	98.45	103.43333333333334	102.98333333333333	99.18888888888888	
Nodes Above Average-----------	81	81	76	83	81	82	80	
Nodes Below Average-----------	99	99	104	97	99	98	100	
Photos Above Average----------	31	31	47	49	49	49	49	
Photos Below Average----------	22	22	27	31	35	35	33	
Network Redundancy------------	251714	251714	352934	398114	418514	419234	407294	

