Message stats for scenario Photo_5000-Scenario_8-ActualPOI_50-K_4
sim_time: 160388470.0000

Photo List Size: 960
coverageValue-----------------	358	360	270	283	345	359	360	360	360	318	360	360	349	303	349	342	349	360	356	264	360	298	352	315	336	316	304	317	304	310	340	247	350	318	356	320	272	360	344	340	319	360	329	353	349	360	360	335	360	360	246	261	223	146	141	120	156	210	274	193	162	154	131	90	201	193	346	268	60	120	93	99	199	120	244	60	173	201	261	180	120	160	0	190	232	0	74	120	120	120	227	0	146	307	218	208	165	61	120	157	
redundantCoverageValue--------	722	840	450	317	375	1021	840	900	660	462	480	900	791	417	491	498	431	720	424	516	1020	482	608	405	624	404	176	463	536	410	260	233	610	942	484	580	508	660	556	620	461	660	571	907	731	720	780	325	420	720	54	99	77	34	39	0	144	90	86	47	18	26	49	30	39	47	134	92	0	0	27	81	41	0	56	0	7	99	219	0	0	20	0	110	128	0	106	0	0	0	13	0	34	113	22	92	75	59	0	23	
halfCoverageTime--------------	32264322.0	32159425.0	32960407.0	32008574.0	32159575.0	32159505.0	32960350.0	32008524.0	32159173.0	32264467.0	32159103.0	32264357.0	32008644.0	32675978.0	32761666.0	32159178.0	32264417.0	32061689.0	32686128.0	32264302.0	32008639.0	33384271.0	32008397.0	32761762.0	32761701.0	32264587.0	33178435.0	32761757.0	32761671.0	32761810.0	32264442.0	32061704.0	32761686.0	32061654.0	32159158.0	32061623.0	32761742.0	32159585.0	32008489.0	32008290.0	32761880.0	32761788.0	32159188.0	32008504.0	32061699.0	32686203.0	32264262.0	32761875.0	32264267.0	32008300.0	32686173.0	33195339.0	63850029.0	.0	.0	.0	.0	64582893.0	33906573.0	.0	.0	.0	.0	.0	64666586.0	64666376.0	63507449.0	33384406.0	.0	.0	.0	.0	64583033.0	.0	63704083.0	.0	.0	.0	63850014.0	64582536.0	.0	.0	.0	33384291.0	32761732.0	.0	.0	.0	.0	.0	64582541.0	.0	.0	33266809.0	32960392.0	33985347.0	.0	.0	.0	.0	
numberOfPoint-----------------	1	1	1	1	1	1	1	1	1	1	1	1	1	1	1	1	1	1	1	1	1	1	1	1	1	1	1	1	1	1	1	1	1	1	1	1	1	1	1	1	1	1	1	1	1	1	1	1	1	1	1	1	2	0	0	1	1	3	1	2	1	1	0	0	0	2	1	1	1	1	0	2	1	1	1	1	1	1	1	1	1	0	0	1	1	0	1	0	1	1	2	0	2	2	1	1	1	3	1	1	
standardDeviation-------------	.0	.0	.0	.0	.0	.0	.0	.0	.0	.0	.0	.0	.0	.0	.0	.0	.0	.0	.0	.0	.0	.0	.0	.0	.0	.0	.0	.0	.0	.0	.0	.0	.0	.0	.0	.0	.0	.0	.0	.0	.0	.0	.0	.0	.0	.0	.0	.0	.0	.0	2.65	6.28	6.35	.0	.0	3.54	6.52	9.63	5.67	8.08	1.75	7.75	.0	.0	.0	8.66	1.63	2.05	6.54	8.35	.0	7.18	9.11	9.68	4.34	4.74	8.11	11.72	.14	4.92	6.53	.0	.0	2.55	5.09	.0	4.63	.0	1.71	2.19	8.41	.0	7.89	5.61	6.45	3.38	10.26	6.65	4.48	3.0	
initialCoverageValue----------	360	360	360	360	360	360	360	360	360	360	360	360	360	360	360	360	360	360	360	360	360	360	360	360	360	360	360	360	360	360	360	360	360	360	360	360	360	360	360	360	360	360	360	360	360	360	360	360	360	360	360	360	360	360	360	360	360	360	360	360	360	360	360	360	360	360	360	360	360	360	360	360	360	360	360	360	360	360	360	360	360	360	360	360	360	360	360	360	360	360	360	360	360	360	360	360	360	360	360	360	
initialRedundantCoverageValue-	2280	2820	1980	2160	1860	2940	2460	2760	2820	1800	2700	2940	2400	2220	2760	2940	3060	2220	2640	2400	2340	2280	2100	1560	2160	2640	1680	2220	2400	2160	1680	2280	1920	2700	1920	2220	2400	2460	2280	2640	2580	2760	2700	3060	2100	2280	3120	2040	2340	3120	2820	1920	2460	2400	2400	2820	1860	2280	2580	2700	2940	2640	1740	1920	1980	2700	2580	2160	2160	2640	2700	2580	2460	2400	1980	2700	2340	2580	3180	2520	2760	2160	2040	3240	2280	1860	3180	2400	1860	2100	2700	2040	2580	2280	2400	2640	2820	2220	2280	2580	
additionalPoiTime-------------	420000.0
algorithmTime-----------------	5.244587943424E10
serverTime--------------------	170000.0
Total Transferred Metadata----	2484

Photo List Size: 960
Gained Coverage %-------------	0.6883055555555555
Gained Redundancy %-----------	0.13049284710162903
Total Cluster Created---------	0
Total Transferred Photo-------	36552
Total Photo at Destination----	979
Coverage Group----------------	1-30	31-60	61-90	91-120	121-150	151-180	181-210	211-240	241-270	271-300	301-330	331-360	
Coverage Distribution---------	3	2	3	10	4	8	8	4	8	4	13	33	
Ratio Group-------------------	.0	.1	.2	.3	.4	.5	.6	.7	.8	.9	1.0	
Coverage Ratio----------------	3	0	3	4	10	10	8	7	8	13	34	
Redundant Ratio---------------	14	36	15	23	11	1	0	0	0	0	0	
NumberOfPoint Group-----------	0	1	2	3	
NumOfPoint Distribution-------	11	30	7	2	
SD Group----------------------	0-1	1-2	2-3	3-4	4-5	5-6	6-7	7-8	8-9	9-10	10-11	11-12	
SD Distribution---------------	62	3	4	3	5	3	7	3	5	3	1	1	
Half Coverage Group-----------	0-16038847	16038847-32077694	32077694-48116541	48116541-64155388	64155388-80194235	80194235-96233082	96233082-112271929	112271929-128310776	128310776-144349623	144349623-160388470	160388470-176427317	
Half Cvg Time Distribution----	0	14	45	4	6	0	0	0	0	0	0	
Transferred Photo Group-------	0-16038847	16038847-32077694	32077694-48116541	48116541-64155388	64155388-80194235	80194235-96233082	96233082-112271929	112271929-128310776	128310776-144349623	144349623-160388470	160388470-176427317	
Photo Time Distribution-------	9261	50589	75446	64732	35860	963	551	1455	721	34	0	

Cvg&Red Distribution----------	0.0	2.0	3.2077694E7	6.4155388E7	1.28310776E8	1.6038847E8	9.6233082E7	
Average PhotoNum--------------	26.63888888888889	26.63888888888889	76.79444444444445	112.75555555555556	120.24444444444444	121.36666666666666	117.54444444444445	
Nodes Above Average-----------	102	102	67	94	97	97	94	
Nodes Below Average-----------	78	78	113	86	83	83	86	

Average Coverage--------------	1561.3555555555556	1561.3555555555556	3888.061111111111	5475.833333333333	5818.733333333334	5866.55	5678.133333333333	
Nodes Above Average-----------	101	101	69	96	100	100	98	
Nodes Below Average-----------	79	79	111	84	80	80	82	
Photos Above Average----------	33	33	155	181	183	184	184	
Photos Below Average----------	17	17	27	34	40	42	37	
Network Coverage--------------	36000	36000	36000	36000	36000	36000	36000	

Average Redundancy------------	36.977777777777774	36.977777777777774	719.6055555555556	1289.5	1395.9333333333334	1415.45	1374.5333333333333	
Nodes Above Average-----------	75	75	58	79	84	86	84	
Nodes Below Average-----------	105	105	122	101	96	94	96	
Photos Above Average----------	31	31	168	193	194	194	194	
Photos Below Average----------	23	23	33	49	54	54	49	
Network Redundancy------------	251700	251700	793380	1181760	1262640	1274760	1233480	

