Message stats for scenario Photo_5000-Scenario_5-ActualPOI_50-K_3
sim_time: 160388470.0000

Photo List Size: 4495
coverageValue-----------------	166	279	221	278	303	236	264	330	223	180	232	275	303	165	337	127	218	231	285	284	263	282	226	282	246	324	337	358	226	140	204	254	181	228	251	286	252	232	259	275	311	271	260	225	321	234	170	276	339	120	309	305	180	220	354	332	318	314	252	246	298	359	182	295	289	357	320	340	266	280	293	295	271	199	277	279	293	228	331	334	264	208	282	236	249	326	223	259	314	241	265	356	300	308	247	272	318	309	299	357	
redundantCoverageValue--------	194	141	319	82	417	124	36	210	137	120	608	265	237	135	203	53	202	249	75	316	157	318	74	78	114	216	383	242	314	100	96	106	179	192	169	254	48	248	161	145	109	29	280	195	459	66	130	144	321	0	351	235	0	140	246	148	42	286	408	174	422	361	58	305	371	183	160	380	214	200	187	305	449	41	143	261	247	72	209	266	276	32	258	244	111	394	197	41	226	119	155	544	360	232	533	388	282	291	301	363	
halfCoverageTime--------------	.0	32686203.0	33906583.0	33195344.0	32686198.0	63507459.0	32960509.0	32761726.0	64666616.0	64666737.0	33266782.0	33266770.0	32159133.0	.0	32960472.0	.0	32960447.0	32008569.0	33266834.0	32761721.0	32159445.0	33007247.0	32264247.0	33906553.0	33985332.0	32960315.0	32159380.0	63507470.0	33985312.0	.0	32264372.0	63850029.0	64139277.0	33384266.0	64666266.0	63849939.0	32264337.0	32686123.0	33906573.0	32868702.0	33384276.0	32761752.0	33195309.0	63704183.0	32008559.0	63849959.0	.0	33195349.0	32761757.0	.0	32008419.0	32960437.0	64139247.0	32868757.0	32061664.0	32264587.0	32960442.0	32008459.0	32686098.0	32159193.0	33195274.0	32061739.0	32061603.0	32264307.0	32761762.0	32264427.0	32960325.0	32686153.0	32264277.0	63704228.0	33195359.0	32095154.0	32264382.0	32264252.0	64582401.0	32761773.0	33298103.0	32960392.0	1746474.0	32761742.0	32061734.0	64732440.0	33298108.0	32761666.0	63704158.0	32686158.0	64666174.0	32761747.0	33195304.0	64666471.0	33266788.0	32159173.0	32008336.0	32159485.0	.0	32868707.0	32686083.0	32686168.0	32761661.0	33178450.0	
numberOfPoint-----------------	1	1	1	1	1	1	1	1	1	1	1	1	1	1	1	1	1	1	1	1	1	1	1	1	1	1	1	1	1	1	1	1	1	1	1	1	1	1	1	1	1	1	1	1	1	1	1	1	1	1	4	7	3	4	5	4	3	3	3	2	2	1	3	9	2	2	1	4	3	10	3	5	7	8	6	2	6	2	2	4	3	3	5	4	3	5	5	4	4	4	5	7	6	0	2	3	4	2	9	6	
standardDeviation-------------	.0	.0	.0	.0	.0	.0	.0	.0	.0	.0	.0	.0	.0	.0	.0	.0	.0	.0	.0	.0	.0	.0	.0	.0	.0	.0	.0	.0	.0	.0	.0	.0	.0	.0	.0	.0	.0	.0	.0	.0	.0	.0	.0	.0	.0	.0	.0	.0	.0	.0	7.99	6.63	7.33	7.67	8.02	6.33	7.17	9.08	4.64	5.66	7.26	3.71	7.19	8.09	7.39	5.36	3.62	8.82	8.05	7.33	7.48	6.54	6.77	6.99	8.2	1.03	6.35	6.06	5.57	8.93	6.98	6.76	8.89	6.59	7.2	9.14	8.52	6.39	4.86	5.26	6.41	7.24	5.59	.0	5.15	6.6	8.36	1.92	8.91	7.02	
initialCoverageValue----------	360	360	360	360	360	360	360	360	360	360	360	360	360	360	360	360	360	360	360	360	360	360	360	360	360	360	360	360	360	360	360	360	360	360	360	360	360	360	360	360	360	360	360	360	360	360	360	360	360	360	360	360	360	353	360	360	360	360	360	360	360	360	360	360	360	360	360	360	360	360	360	360	360	360	360	360	360	360	360	360	360	360	360	360	360	360	360	360	360	356	360	360	360	360	360	360	360	360	360	360	
initialRedundantCoverageValue-	2280	2040	3060	2040	2400	2160	2580	2340	1920	2580	2520	3000	2280	2280	3180	2520	1680	2820	1800	2400	2340	2460	2340	2280	3480	2760	2580	2520	3060	1740	2220	2700	2520	2400	1860	3000	2700	3000	1860	2940	1860	1680	2760	2580	2640	2580	1620	2100	2640	2400	2700	2400	1980	2287	2460	2520	3060	2880	2460	1980	2160	1980	2640	2580	2580	2760	2340	3000	2940	2400	3180	2100	2640	2280	2100	2340	1920	1980	2400	2760	2220	2340	2220	2340	2340	2100	2100	2400	2700	1744	2280	2400	2340	2160	2640	2040	2760	2580	2340	3660	
additionalPoiTime-------------	0.0
algorithmTime-----------------	1.527E7
serverTime--------------------	1.4784E8
Total Transferred Metadata----	3614

Photo List Size: 4495
Gained Coverage %-------------	0.7451999221984495
Gained Redundancy %-----------	0.08913588273781846
Total Cluster Created---------	50
Total Transferred Photo-------	1831
Total Photo at Destination----	814
Coverage Group----------------	1-30	31-60	61-90	91-120	121-150	151-180	181-210	211-240	241-270	271-300	301-330	331-360	
Coverage Distribution---------	0	0	0	1	2	5	5	16	17	25	16	13	
Ratio Group-------------------	.0	.1	.2	.3	.4	.5	.6	.7	.8	.9	1.0	
Coverage Ratio----------------	0	0	0	0	3	5	5	24	26	22	15	
Redundant Ratio---------------	2	63	32	3	0	0	0	0	0	0	0	
NumberOfPoint Group-----------	0	1	2	3	4	5	6	7	8	9	10	
NumOfPoint Distribution-------	1	2	9	11	10	6	4	3	1	2	1	
SD Group----------------------	0-1	1-2	2-3	3-4	4-5	5-6	6-7	7-8	8-9	9-10	
SD Distribution---------------	51	2	0	2	2	6	13	12	10	2	
Half Coverage Group-----------	0-16038847	16038847-32077694	32077694-48116541	48116541-64155388	64155388-80194235	80194235-96233082	96233082-112271929	112271929-128310776	128310776-144349623	144349623-160388470	160388470-176427317	
Half Cvg Time Distribution----	1	9	66	10	7	0	0	0	0	0	0	
Transferred Photo Group-------	0-16038847	16038847-32077694	32077694-48116541	48116541-64155388	64155388-80194235	80194235-96233082	96233082-112271929	112271929-128310776	128310776-144349623	144349623-160388470	160388470-176427317	
Photo Time Distribution-------	565	1323	2568	883	691	39	0	61	41	0	0	

Cvg&Red Distribution----------	0.0	2.0	3.2077694E7	6.4155388E7	1.28310776E8	1.6038847E8	9.6233082E7	
Average PhotoNum--------------	26.63888888888889	26.63888888888889	28.366666666666667	29.544444444444444	30.261111111111113	30.261111111111113	30.261111111111113	
Nodes Above Average-----------	102	102	90	75	70	70	70	
Nodes Below Average-----------	78	78	90	105	110	110	110	

Average Coverage--------------	1554.5611111111111	1554.5611111111111	1643.5055555555555	1707.4666666666667	1747.25	1747.25	1747.25	
Nodes Above Average-----------	103	103	92	74	74	74	74	
Nodes Below Average-----------	77	77	88	106	106	106	106	
Photos Above Average----------	33	33	37	43	45	45	45	
Photos Below Average----------	17	17	18	19	19	19	19	
Network Coverage--------------	35986	35986	35986	35986	35986	35986	35986	

Average Redundancy------------	43.772222222222226	43.772222222222226	58.49444444444445	65.2	68.41666666666667	68.41666666666667	68.41666666666667	
Nodes Above Average-----------	84	84	54	50	51	51	51	
Nodes Below Average-----------	96	96	126	130	129	129	129	
Photos Above Average----------	31	31	38	45	47	47	47	
Photos Below Average----------	22	22	24	23	23	23	23	
Network Redundancy------------	251714	251714	270374	283094	290834	290834	290834	

