Message stats for scenario Photo_10000-Scenario_4-ActualPOI_50
sim_time: 86400.0000

Photo List Size: 9423
coverageValue-----------------	360	305	360	306	360	360	325	360	360	354	360	360	360	360	356	360	360	307	360	360	360	319	360	351	360	317	336	360	342	360	350	359	354	360	360	323	340	333	333	360	346	354	352	360	360	360	360	347	360	357	303	351	293	229	185	257	233	276	227	292	260	322	155	310	310	222	183	294	180	272	309	349	332	307	247	306	201	335	313	293	271	213	256	254	235	285	286	309	308	188	261	272	323	300	262	315	291	163	259	251	
redundantCoverageValue--------	240	295	300	294	240	300	455	240	480	186	300	360	360	240	364	300	360	293	420	180	300	221	360	549	300	163	204	120	198	180	250	301	306	180	240	277	320	507	447	240	314	726	248	300	360	240	240	433	360	303	57	549	307	251	175	163	127	324	133	428	220	458	85	290	230	138	117	126	0	328	471	371	688	293	413	294	339	505	227	127	149	207	284	46	365	315	314	171	472	52	159	508	337	600	98	285	249	77	161	469	
halfCoverageTime--------------	8398.0	7778.0	1364.0	43948.0	7858.0	1212.0	8312.0	8614.0	984.0	38354.0	1340.0	1490.0	1532.0	16372.0	1520.0	8506.0	7760.0	5426.0	1056.0	966.0	8282.0	8258.0	8192.0	8494.0	1044.0	5462.0	7870.0	43966.0	8030.0	1184.0	7852.0	1352.0	1424.0	7988.0	8264.0	674.0	1160.0	8072.0	38384.0	800.0	1454.0	918.0	48316.0	8548.0	662.0	26948.0	7574.0	26906.0	8132.0	896.0	1038.0	3654.0	7766.0	8060.0	1580.0	6124.0	43954.0	16342.0	3642.0	7970.0	8000.0	5456.0	.0	1502.0	1286.0	620.0	73440.0	7544.0	38762.0	6142.0	1242.0	488.0	16468.0	43840.0	7900.0	8330.0	42362.0	16324.0	684.0	1250.0	6172.0	32786.0	7754.0	32780.0	16264.0	924.0	6166.0	42416.0	7912.0	75304.0	8512.0	38222.0	794.0	37888.0	27068.0	1292.0	8078.0	.0	1002.0	8084.0	
numberOfPoint-----------------	1	1	1	1	1	1	1	1	1	1	1	1	1	1	1	1	1	1	1	1	1	1	1	1	1	1	1	1	1	1	1	1	1	1	1	1	1	1	1	1	1	1	1	1	1	1	1	1	1	1	2	2	3	2	2	2	4	3	4	2	2	6	1	2	3	2	2	3	2	1	2	4	4	2	3	3	6	2	7	1	1	1	4	3	3	3	4	3	3	4	2	3	3	5	4	3	7	1	2	3	
standardDeviation-------------	.0	.0	.0	.0	.0	.0	.0	.0	.0	.0	.0	.0	.0	.0	.0	.0	.0	.0	.0	.0	.0	.0	.0	.0	.0	.0	.0	.0	.0	.0	.0	.0	.0	.0	.0	.0	.0	.0	.0	.0	.0	.0	.0	.0	.0	.0	.0	.0	.0	.0	5.82	4.88	6.44	5.84	6.12	5.14	6.58	7.31	9.51	5.54	4.58	6.96	3.4	5.6	7.84	5.49	3.11	8.44	8.92	5.1	6.18	8.05	9.31	11.42	8.86	6.12	5.48	6.09	6.71	9.14	6.15	2.56	8.35	8.65	8.07	6.54	9.35	8.1	6.32	10.26	7.03	8.65	10.53	7.07	8.47	8.5	6.46	7.98	8.32	6.33	
initialCoverageValue----------	360	360	360	360	360	360	360	360	360	360	360	360	360	360	360	360	360	360	360	360	360	360	360	360	360	360	360	360	360	360	360	360	360	360	360	360	360	360	360	360	360	360	360	360	360	360	360	360	360	360	360	360	360	360	360	360	360	360	360	360	360	360	360	360	360	360	360	360	360	360	360	360	360	360	360	360	360	360	360	360	360	360	360	360	360	360	360	360	360	360	360	360	360	360	360	360	360	360	360	360	
initialRedundantCoverageValue-	4560	5160	4680	4020	5400	4980	4500	5220	5520	4200	4800	4740	5520	5160	5100	5400	5460	4500	5340	4560	3960	5280	5100	4440	4980	4080	5220	5040	4560	4680	5160	4740	4380	4500	5100	5280	4620	5520	4080	5400	4800	6180	4320	5220	4140	4860	5520	5040	4680	4860	4680	5100	4440	5160	4620	4620	4560	4680	4740	4560	4800	5940	5580	5100	4980	4500	4500	5400	4860	3780	5100	4500	5220	5280	5340	5460	4680	4500	4980	5460	4620	4320	5340	5100	4620	4620	5160	4740	4380	4500	4320	4560	5580	4320	4800	4860	4920	4980	5700	4080	
additionalPoiTime-------------	4.7030713477E9
algorithmTime-----------------	2.941242854E8
Total Transferred Metadata----	13189

Photo List Size: 9423
Gained Coverage %-------------	0.8592777777777778
Gained Redundancy %-----------	0.05941297208538588
Total Cluster Created---------	50
Total Transferred Photo-------	2508
Coverage Group----------------	1-30	31-60	61-90	91-120	121-150	151-180	181-210	211-240	241-270	271-300	301-330	331-360	
Coverage Distribution---------	0	0	0	0	0	3	4	6	9	12	19	47	
Ratio Group-------------------	.0	.1	.2	.3	.4	.5	.6	.7	.8	.9	1.0	
Coverage Ratio----------------	0	0	0	0	0	3	5	7	13	24	48	
Redundant Ratio---------------	1	88	11	0	0	0	0	0	0	0	0	
NumberOfPoint Group-----------	0	1	2	3	4	5	6	7	
NumOfPoint Distribution-------	0	6	16	15	8	1	2	2	
SD Group----------------------	0-1	1-2	2-3	3-4	4-5	5-6	6-7	7-8	8-9	9-10	10-11	11-12	
SD Distribution---------------	50	0	1	2	2	8	13	5	12	4	2	1	
Half Coverage Group-----------	0-1000	1000-2000	2000-3000	3000-4000	4000-5000	5000-6000	6000-7000	7000-8000	8000-9000	9000-10000	10000-11000	11000-12000	12000-13000	13000-14000	14000-15000	15000-16000	16000-17000	17000-18000	18000-19000	19000-20000	20000-21000	21000-22000	22000-23000	23000-24000	24000-25000	25000-26000	26000-27000	27000-28000	28000-29000	29000-30000	30000-31000	31000-32000	32000-33000	33000-34000	34000-35000	35000-36000	36000-37000	37000-38000	38000-39000	39000-40000	40000-41000	41000-42000	42000-43000	43000-44000	44000-45000	45000-46000	46000-47000	47000-48000	48000-49000	49000-50000	50000-51000	51000-52000	52000-53000	53000-54000	54000-55000	55000-56000	56000-57000	57000-58000	58000-59000	59000-60000	60000-61000	61000-62000	62000-63000	63000-64000	64000-65000	65000-66000	66000-67000	67000-68000	68000-69000	69000-70000	70000-71000	71000-72000	72000-73000	73000-74000	74000-75000	75000-76000	76000-77000	77000-78000	78000-79000	79000-80000	80000-81000	81000-82000	82000-83000	83000-84000	84000-85000	85000-86000	86000-87000	
Half Cvg Time Distribution----	12	21	0	2	0	3	4	14	18	0	0	0	0	0	0	0	5	0	0	0	0	0	0	0	0	0	2	1	0	0	0	0	2	0	0	0	0	1	4	0	0	0	2	4	0	0	0	0	1	0	0	0	0	0	0	0	0	0	0	0	0	0	0	0	0	0	0	0	0	0	0	0	0	1	0	1	0	0	0	0	0	0	0	0	0	0	0	
Transferred Photo Group-------	0-1000	1000-2000	2000-3000	3000-4000	4000-5000	5000-6000	6000-7000	7000-8000	8000-9000	9000-10000	10000-11000	11000-12000	12000-13000	13000-14000	14000-15000	15000-16000	16000-17000	17000-18000	18000-19000	19000-20000	20000-21000	21000-22000	22000-23000	23000-24000	24000-25000	25000-26000	26000-27000	27000-28000	28000-29000	29000-30000	30000-31000	31000-32000	32000-33000	33000-34000	34000-35000	35000-36000	36000-37000	37000-38000	38000-39000	39000-40000	40000-41000	41000-42000	42000-43000	43000-44000	44000-45000	45000-46000	46000-47000	47000-48000	48000-49000	49000-50000	50000-51000	51000-52000	52000-53000	53000-54000	54000-55000	55000-56000	56000-57000	57000-58000	58000-59000	59000-60000	60000-61000	61000-62000	62000-63000	63000-64000	64000-65000	65000-66000	66000-67000	67000-68000	68000-69000	69000-70000	70000-71000	71000-72000	72000-73000	73000-74000	74000-75000	75000-76000	76000-77000	77000-78000	78000-79000	79000-80000	80000-81000	81000-82000	82000-83000	83000-84000	84000-85000	85000-86000	86000-87000	
Photo Time Distribution-------	843	454	183	53	0	263	40	246	47	0	383	0	0	0	0	0	67	17	0	0	0	0	0	0	0	0	41	80	0	0	0	0	188	0	0	0	576	27	226	0	0	0	0	64	30	283	20	0	12	0	0	0	130	74	293	0	0	0	0	0	0	0	0	110	0	68	68	0	0	22	0	0	0	349	315	128	0	0	16	236	8	0	3	0	0	0	0	

