Message stats for scenario Photo_5000-Scenario_5-ActualPOI_50-K_4
sim_time: 160388470.0000

Photo List Size: 4495
coverageValue-----------------	198	196	225	169	330	307	285	282	204	136	330	247	279	198	341	263	235	292	311	263	253	247	120	341	325	312	221	344	232	241	225	207	207	238	104	352	261	138	241	177	183	205	236	250	263	134	205	308	248	146	340	249	281	246	304	302	295	340	303	267	329	283	318	302	274	235	285	287	242	290	321	296	233	182	345	280	209	239	353	360	360	308	279	254	144	320	256	280	347	307	288	234	339	291	273	267	312	297	360	356	
redundantCoverageValue--------	162	44	75	11	150	353	195	378	156	44	390	113	321	42	439	217	65	188	409	157	107	353	0	259	275	228	199	136	68	59	75	33	213	122	16	248	219	102	179	303	57	95	184	110	97	106	215	232	112	34	440	51	199	294	176	298	305	620	237	93	271	257	282	238	266	365	195	193	238	70	279	184	307	58	435	200	151	241	487	360	360	172	81	406	36	340	104	380	433	413	252	306	321	249	207	213	108	243	360	484	
halfCoverageTime--------------	32761671.0	33906543.0	32761788.0	.0	63704113.0	33906583.0	33985347.0	32008594.0	33906498.0	.0	32868697.0	32159193.0	32264302.0	64666611.0	32264397.0	32960462.0	32264382.0	33178450.0	32159480.0	33036180.0	33298088.0	32761686.0	.0	32159410.0	32686168.0	32095124.0	33985392.0	32264267.0	64666702.0	63850044.0	32686158.0	64582491.0	64666149.0	32686203.0	.0	32960382.0	32868757.0	.0	32960335.0	.0	32264342.0	33195344.0	32761778.0	32960509.0	63849959.0	.0	64666466.0	32264587.0	63850039.0	.0	32264312.0	63704168.0	32008341.0	33266748.0	33007247.0	63704128.0	32960417.0	32008386.0	32008509.0	63704278.0	32008519.0	32061714.0	32960392.0	33906528.0	33266782.0	32675990.0	32686133.0	33985402.0	32868712.0	63507464.0	32761768.0	32264352.0	32761737.0	64582401.0	32159168.0	33266804.0	33195314.0	32675966.0	32008454.0	32761757.0	32264292.0	63704273.0	32264427.0	32960340.0	.0	32868737.0	32960442.0	32008634.0	33195329.0	33178435.0	32159515.0	32159485.0	1313574.0	32264347.0	32159118.0	32960478.0	32159380.0	63704283.0	32008619.0	32264447.0	
numberOfPoint-----------------	1	1	1	1	1	1	1	1	1	1	1	1	1	1	1	1	1	1	1	1	1	1	1	1	1	1	1	1	1	1	1	1	1	1	1	1	1	1	1	1	1	1	1	1	1	1	1	1	1	1	3	5	4	6	2	8	6	4	2	2	4	2	6	3	3	3	9	2	4	6	3	3	3	6	1	1	2	3	4	4	4	4	2	5	8	4	7	1	3	3	4	6	3	4	4	2	3	6	9	3	
standardDeviation-------------	.0	.0	.0	.0	.0	.0	.0	.0	.0	.0	.0	.0	.0	.0	.0	.0	.0	.0	.0	.0	.0	.0	.0	.0	.0	.0	.0	.0	.0	.0	.0	.0	.0	.0	.0	.0	.0	.0	.0	.0	.0	.0	.0	.0	.0	.0	.0	.0	.0	.0	10.61	9.48	7.12	7.19	9.8	5.76	8.2	7.19	4.21	5.13	6.18	5.14	6.88	5.51	6.99	6.22	7.17	7.3	8.3	7.36	8.23	7.54	6.11	7.11	3.86	8.44	7.28	9.17	5.66	8.18	7.89	8.39	4.59	7.82	5.75	5.14	7.74	9.76	7.28	8.62	8.99	9.59	7.85	4.54	5.89	10.33	7.47	5.7	8.24	8.97	
initialCoverageValue----------	360	360	360	360	360	360	360	360	360	360	360	360	360	360	360	360	360	360	360	360	360	360	360	360	360	360	360	360	360	360	360	360	360	360	360	360	360	360	360	356	360	360	360	360	360	360	360	360	360	360	360	360	360	360	360	360	360	360	360	360	360	360	360	360	360	360	360	360	360	360	360	360	360	360	360	360	360	360	360	360	360	360	360	360	360	360	350	360	360	360	360	360	360	360	360	360	360	360	360	360	
initialRedundantCoverageValue-	2460	2460	2220	2100	2100	2880	3360	2700	2820	2340	2460	2400	1980	2460	2700	2640	2580	2160	2700	2760	2460	2580	2400	3180	2760	2040	2520	2400	2220	2760	2640	1740	2340	2220	2220	2460	2820	2220	1740	1924	2640	2040	2340	2580	2520	2280	2520	2700	2760	2100	2580	1860	2940	2400	2520	1200	3120	3000	2280	2340	2940	2280	2040	2880	1920	2940	2580	2340	2640	2880	2760	2100	1620	2400	2340	2040	2520	2460	3420	2880	2040	2220	2580	2400	2460	2340	2110	2340	2820	3180	1980	2280	3000	2760	2280	2160	2040	2160	2280	2220	
additionalPoiTime-------------	0.0
algorithmTime-----------------	1.555E7
serverTime--------------------	1.7511E8
Total Transferred Metadata----	3615

Photo List Size: 4495
Gained Coverage %-------------	0.7368698938476074
Gained Redundancy %-----------	0.08843757419946453
Total Cluster Created---------	50
Total Transferred Photo-------	1827
Total Photo at Destination----	808
Coverage Group----------------	1-30	31-60	61-90	91-120	121-150	151-180	181-210	211-240	241-270	271-300	301-330	331-360	
Coverage Distribution---------	0	0	0	2	5	2	11	11	18	19	18	14	
Ratio Group-------------------	.0	.1	.2	.3	.4	.5	.6	.7	.8	.9	1.0	
Coverage Ratio----------------	0	0	0	1	5	3	11	20	22	20	18	
Redundant Ratio---------------	1	62	34	3	0	0	0	0	0	0	0	
NumberOfPoint Group-----------	0	1	2	3	4	5	6	7	8	9	
NumOfPoint Distribution-------	0	3	8	13	12	2	7	1	2	2	
SD Group----------------------	0-1	1-2	2-3	3-4	4-5	5-6	6-7	7-8	8-9	9-10	10-11	
SD Distribution---------------	50	0	0	1	3	9	5	15	10	5	2	
Half Coverage Group-----------	0-16038847	16038847-32077694	32077694-48116541	48116541-64155388	64155388-80194235	80194235-96233082	96233082-112271929	112271929-128310776	128310776-144349623	144349623-160388470	160388470-176427317	
Half Cvg Time Distribution----	1	9	65	10	6	0	0	0	0	0	0	
Transferred Photo Group-------	0-16038847	16038847-32077694	32077694-48116541	48116541-64155388	64155388-80194235	80194235-96233082	96233082-112271929	112271929-128310776	128310776-144349623	144349623-160388470	160388470-176427317	
Photo Time Distribution-------	583	1329	2592	888	694	40	0	51	34	0	0	

Cvg&Red Distribution----------	0.0	2.0	3.2077694E7	6.4155388E7	1.28310776E8	1.6038847E8	9.6233082E7	
Average PhotoNum--------------	26.63888888888889	26.63888888888889	28.633333333333333	29.716666666666665	30.427777777777777	30.42222222222222	30.427777777777777	
Nodes Above Average-----------	102	102	90	76	70	69	70	
Nodes Below Average-----------	78	78	90	104	110	111	110	

Average Coverage--------------	1559.3444444444444	1559.3444444444444	1663.7333333333333	1721.2444444444445	1759.6666666666667	1759.3333333333333	1759.6666666666667	
Nodes Above Average-----------	102	102	94	77	75	75	75	
Nodes Below Average-----------	78	78	86	103	105	105	105	
Photos Above Average----------	33	33	38	43	45	45	45	
Photos Below Average----------	17	17	18	19	19	19	19	
Network Coverage--------------	35986	35986	35986	35986	35984	35984	35984	

Average Redundancy------------	38.98888888888889	38.98888888888889	54.266666666666666	61.75555555555555	66.0	66.0	66.0	
Nodes Above Average-----------	80	80	61	51	48	48	48	
Nodes Below Average-----------	100	100	119	129	132	132	132	
Photos Above Average----------	31	31	38	46	49	49	49	
Photos Below Average----------	22	22	23	23	23	23	23	
Network Redundancy------------	251714	251714	273254	284954	292636	292576	292636	

