Message stats for scenario Photo_5000-Scenario_7-ActualPOI_50-K_3
sim_time: 160388470.0000

Photo List Size: 4495
coverageValue-----------------	305	318	235	264	317	172	271	179	210	202	60	308	234	244	222	300	327	309	256	238	209	237	212	338	280	217	120	227	127	310	281	324	195	285	206	198	246	272	280	168	225	229	232	266	329	175	290	326	328	171	302	153	222	314	276	323	197	220	253	274	311	267	278	281	297	238	239	283	288	330	349	181	236	256	344	221	342	316	317	243	296	237	240	352	297	208	262	342	360	354	272	321	295	157	262	218	233	267	301	318	
redundantCoverageValue--------	115	162	365	156	403	188	269	121	210	218	0	112	66	176	78	240	273	171	164	122	151	63	88	202	200	83	0	133	113	290	139	396	105	255	34	42	114	208	380	12	75	71	128	94	271	65	370	394	152	249	178	147	318	346	324	157	283	320	287	206	169	333	202	139	363	182	241	437	252	390	611	119	124	104	316	199	438	104	403	237	184	483	300	428	63	152	278	438	840	426	328	219	125	23	158	22	307	93	119	342	
halfCoverageTime--------------	63850039.0	32264242.0	32960550.0	33266814.0	32868762.0	.0	63704263.0	.0	33906508.0	64666662.0	.0	33384271.0	32960478.0	32264377.0	33195269.0	32868717.0	32960545.0	32061709.0	63704293.0	32868742.0	33906583.0	33985327.0	64666276.0	32264452.0	32960382.0	64666586.0	.0	32960530.0	.0	64582451.0	33266804.0	32960472.0	63849989.0	63704248.0	64666621.0	64582436.0	63850064.0	32061699.0	33906498.0	.0	32960422.0	33985397.0	33906628.0	32960452.0	1746522.0	.0	32868727.0	32095149.0	32159138.0	.0	32061739.0	.0	33906538.0	32095144.0	32264247.0	32008619.0	.0	33195354.0	32159410.0	32159435.0	32061664.0	32676014.0	32686108.0	32008397.0	32061679.0	.0	33985317.0	33195334.0	32264422.0	33384261.0	32008519.0	.0	32868792.0	63507444.0	32868732.0	64666546.0	32061744.0	33195299.0	32264597.0	64666596.0	33985342.0	33178445.0	32061749.0	32159168.0	32960412.0	63704268.0	32675966.0	32686173.0	32008248.0	32159475.0	32008484.0	1746462.0	32761768.0	.0	33266764.0	.0	32675960.0	32264457.0	32960504.0	33906553.0	
numberOfPoint-----------------	1	1	1	1	1	1	1	1	1	1	1	1	1	1	1	1	1	1	1	1	1	1	1	1	1	1	1	1	1	1	1	1	1	1	1	1	1	1	1	1	1	1	1	1	1	1	1	1	1	1	2	1	7	2	3	3	5	5	3	2	3	11	2	4	5	3	2	2	3	5	5	7	4	3	6	2	4	3	6	9	3	9	5	8	1	2	6	2	5	4	2	5	2	3	4	3	7	1	6	5	
standardDeviation-------------	.0	.0	.0	.0	.0	.0	.0	.0	.0	.0	.0	.0	.0	.0	.0	.0	.0	.0	.0	.0	.0	.0	.0	.0	.0	.0	.0	.0	.0	.0	.0	.0	.0	.0	.0	.0	.0	.0	.0	.0	.0	.0	.0	.0	.0	.0	.0	.0	.0	.0	9.38	1.5	7.75	6.57	6.3	7.55	8.93	8.8	4.84	5.77	8.79	7.97	3.04	5.27	7.21	5.23	5.89	6.13	5.65	6.02	8.42	7.32	7.41	3.9	8.16	7.76	4.6	7.88	8.27	6.7	8.11	8.04	3.91	5.79	5.63	5.69	7.15	8.9	7.03	6.68	7.25	6.8	7.37	4.99	8.78	7.8	7.19	.81	8.3	5.09	
initialCoverageValue----------	360	360	360	360	360	360	360	360	360	360	360	360	360	360	360	360	360	360	360	360	360	360	360	360	360	360	360	360	360	360	360	360	360	360	360	360	360	360	360	360	360	360	360	360	360	360	360	360	360	360	360	351	360	355	360	360	360	360	360	360	360	360	360	360	360	360	360	360	360	360	360	349	360	360	360	360	360	360	360	360	360	355	360	360	360	360	360	360	360	360	360	360	360	360	360	360	360	360	360	360	
initialRedundantCoverageValue-	2280	2580	2760	2580	3120	2160	2580	1800	3060	2880	2160	2580	3000	2760	3000	2760	2400	2760	2040	2040	2040	2400	2160	2580	2100	2700	2340	1800	1440	1860	2580	1920	1980	1860	1680	2820	2820	2580	2640	2160	2880	1860	2400	2940	3180	2460	2340	3060	2820	2580	3060	1989	2940	1865	3060	2340	2880	1980	1980	2400	2760	2640	3000	2460	2280	2160	2400	2340	2340	2100	2640	1631	2340	2280	2700	2520	2400	2160	3120	2280	1620	1685	2100	2820	1740	1800	3120	2400	2580	2640	2460	2520	2760	1740	2040	2760	1980	2160	2640	2400	
additionalPoiTime-------------	2.2867E8
algorithmTime-----------------	1.709E7
serverTime--------------------	4.134E7
Total Transferred Metadata----	3612

Photo List Size: 4495
Gained Coverage %-------------	0.7232971921045316
Gained Redundancy %-----------	0.09011148410626217
Total Cluster Created---------	50
Total Transferred Photo-------	1869
Total Photo at Destination----	808
Coverage Group----------------	1-30	31-60	61-90	91-120	121-150	151-180	181-210	211-240	241-270	271-300	301-330	331-360	
Coverage Distribution---------	0	1	0	1	1	7	9	21	12	19	21	8	
Ratio Group-------------------	.0	.1	.2	.3	.4	.5	.6	.7	.8	.9	1.0	
Coverage Ratio----------------	0	0	1	0	2	7	10	23	22	22	13	
Redundant Ratio---------------	2	62	32	3	1	0	0	0	0	0	0	
NumberOfPoint Group-----------	0	1	2	3	4	5	6	7	8	9	10	11	
NumOfPoint Distribution-------	0	3	11	11	5	9	4	3	1	2	0	1	
SD Group----------------------	0-1	1-2	2-3	3-4	4-5	5-6	6-7	7-8	8-9	9-10	
SD Distribution---------------	51	1	0	3	3	9	7	14	11	1	
Half Coverage Group-----------	0-16038847	16038847-32077694	32077694-48116541	48116541-64155388	64155388-80194235	80194235-96233082	96233082-112271929	112271929-128310776	128310776-144349623	144349623-160388470	160388470-176427317	
Half Cvg Time Distribution----	2	12	56	8	8	0	0	0	0	0	0	
Transferred Photo Group-------	0-16038847	16038847-32077694	32077694-48116541	48116541-64155388	64155388-80194235	80194235-96233082	96233082-112271929	112271929-128310776	128310776-144349623	144349623-160388470	160388470-176427317	
Photo Time Distribution-------	584	1946	2994	1031	693	42	0	58	39	0	0	

Cvg&Red Distribution----------	0.0	2.0	3.2077694E7	6.4155388E7	1.28310776E8	1.6038847E8	9.6233082E7	
Average PhotoNum--------------	26.63888888888889	26.63888888888889	28.405555555555555	29.81111111111111	30.522222222222222	30.516666666666666	30.522222222222222	
Nodes Above Average-----------	102	102	90	75	71	70	71	
Nodes Below Average-----------	78	78	90	105	109	110	109	

Average Coverage--------------	1558.2722222222221	1558.2722222222221	1650.9888888888888	1724.8111111111111	1764.0388888888888	1763.7055555555555	1764.0388888888888	
Nodes Above Average-----------	104	104	93	76	75	76	75	
Nodes Below Average-----------	76	76	87	104	105	104	105	
Photos Above Average----------	33	33	37	43	45	45	45	
Photos Below Average----------	17	17	18	19	19	19	19	
Network Coverage--------------	35968	35968	35968	35968	35968	35968	35968	

Average Redundancy------------	40.06111111111111	40.06111111111111	53.34444444444444	63.855555555555554	67.29444444444445	67.29444444444445	67.29444444444445	
Nodes Above Average-----------	73	73	61	50	49	49	49	
Nodes Below Average-----------	107	107	119	130	131	131	131	
Photos Above Average----------	31	31	37	46	49	49	49	
Photos Below Average----------	23	23	23	23	23	23	23	
Network Redundancy------------	251732	251732	270812	285992	293672	293612	293672	

