Message stats for scenario Photo_5000-Scenario_4-ActualPOI_50-K_2
sim_time: 160388470.0000

Photo List Size: 4495
coverageValue-----------------	190	322	125	284	281	180	337	310	281	285	199	262	234	300	227	244	184	328	254	339	180	286	296	249	283	101	243	254	282	124	242	225	194	225	232	225	310	353	259	134	200	262	295	179	273	257	216	230	273	321	272	292	270	331	302	285	360	297	303	340	283	261	236	306	290	271	211	309	328	317	305	261	304	339	292	249	166	335	348	354	308	333	187	221	292	289	345	294	336	287	358	360	243	213	225	319	247	130	295	280	
redundantCoverageValue--------	50	98	55	136	259	0	263	230	199	255	41	278	246	180	253	176	116	332	106	441	0	194	124	171	257	79	117	106	378	236	118	75	106	75	68	75	170	187	221	46	40	158	305	121	327	103	24	190	207	579	88	368	210	449	58	135	420	423	657	500	77	39	244	234	490	149	329	351	272	223	415	159	116	201	128	111	194	445	432	426	172	267	53	199	188	371	195	186	324	313	422	300	57	87	135	281	173	170	185	260	
halfCoverageTime--------------	64139277.0	33384266.0	.0	33985392.0	32159148.0	63507449.0	31744050.0	32960457.0	32264272.0	33195359.0	63704288.0	33036185.0	33036180.0	32960345.0	63507505.0	63507434.0	63704138.0	32960509.0	32675990.0	32159138.0	63704103.0	63704168.0	32264367.0	32761666.0	32675996.0	.0	33178450.0	63850004.0	32686163.0	.0	32159475.0	64666481.0	33906563.0	33906628.0	32960545.0	63849979.0	32061699.0	32061709.0	32868747.0	.0	33195309.0	33906493.0	33384271.0	.0	32159103.0	33985372.0	33266748.0	32761742.0	32960452.0	32159123.0	33906543.0	32008336.0	32686148.0	63704188.0	33985307.0	63849954.0	32159480.0	32008534.0	32761794.0	32061704.0	32960535.0	32159470.0	32264417.0	32061749.0	32264322.0	33384276.0	32264292.0	32159465.0	33195289.0	33266824.0	32159188.0	63850029.0	63704238.0	32159364.0	32264372.0	64666491.0	.0	32868787.0	32264407.0	32264312.0	32159495.0	33985312.0	33906603.0	64666276.0	32159425.0	32159203.0	32868777.0	64139257.0	32675960.0	32510968.0	32264382.0	32008544.0	32008459.0	63704243.0	32008604.0	32960504.0	32264347.0	.0	32868717.0	32868742.0	
numberOfPoint-----------------	1	1	1	1	1	1	1	1	1	1	1	1	1	1	1	1	1	1	1	1	1	1	1	1	1	1	1	1	1	1	1	1	1	1	1	1	1	1	1	1	1	1	1	1	1	1	1	1	1	1	0	8	3	3	0	12	3	5	3	3	1	3	4	1	3	3	6	9	2	3	2	3	4	1	2	3	3	6	6	3	0	2	2	2	4	5	7	8	2	3	5	6	3	1	5	3	8	6	2	4	
standardDeviation-------------	.0	.0	.0	.0	.0	.0	.0	.0	.0	.0	.0	.0	.0	.0	.0	.0	.0	.0	.0	.0	.0	.0	.0	.0	.0	.0	.0	.0	.0	.0	.0	.0	.0	.0	.0	.0	.0	.0	.0	.0	.0	.0	.0	.0	.0	.0	.0	.0	.0	.0	.0	4.09	4.96	8.42	.0	7.1	5.48	8.32	7.84	6.31	2.12	4.85	8.84	3.81	6.52	6.56	6.69	4.35	6.95	9.98	5.97	9.96	7.08	8.69	5.04	9.37	9.19	6.99	6.91	9.13	.0	5.86	6.61	5.89	7.44	7.37	4.98	9.07	7.14	6.96	6.39	7.07	4.52	6.92	7.5	6.64	6.82	9.59	7.86	6.74	
initialCoverageValue----------	360	360	360	360	360	360	360	360	360	360	360	360	360	360	360	360	360	360	360	360	360	360	360	360	360	360	360	360	360	360	360	360	360	360	360	360	360	360	360	360	360	360	360	360	360	360	360	360	360	360	360	360	360	360	360	360	360	360	360	360	360	360	360	360	360	360	360	360	360	360	360	360	360	360	360	360	360	360	360	360	360	360	360	360	360	360	360	360	360	360	360	360	360	360	360	360	360	360	360	360	
initialRedundantCoverageValue-	2040	2760	2220	2580	1740	2340	1740	2640	2640	2760	2160	2580	2760	2340	3120	2400	2160	2760	2340	2580	2460	2280	3000	2700	2460	2400	3000	2640	3180	2040	1920	2640	2460	2640	2340	2340	3060	2760	2160	2220	2640	2280	2460	1800	2280	2160	1920	2640	2220	2940	1980	2040	2160	2760	1980	2040	2400	2820	3180	3300	2640	2040	2280	2280	2700	2220	2160	2520	2580	2760	2340	2640	2520	2640	2940	2700	2640	2580	2820	2040	2340	1920	1980	1380	2940	3420	1980	1920	2400	3180	2940	2460	1620	2400	1680	2940	2340	2460	2460	2100	
additionalPoiTime-------------	2.142517734E8
algorithmTime-----------------	1.56001E7
serverTime--------------------	5.52555542E7
Total Transferred Metadata----	3611

Photo List Size: 4495
Gained Coverage %-------------	0.743
Gained Redundancy %-----------	0.08700564971751412
Total Cluster Created---------	50
Total Transferred Photo-------	1872
Total Photo at Destination----	808
Coverage Group----------------	1-30	31-60	61-90	91-120	121-150	151-180	181-210	211-240	241-270	271-300	301-330	331-360	
Coverage Distribution---------	0	0	0	1	4	4	6	13	16	26	15	15	
Ratio Group-------------------	.0	.1	.2	.3	.4	.5	.6	.7	.8	.9	1.0	
Coverage Ratio----------------	0	0	0	1	4	4	9	17	24	24	17	
Redundant Ratio---------------	2	63	33	2	0	0	0	0	0	0	0	
NumberOfPoint Group-----------	0	1	2	3	4	5	6	7	8	9	10	11	12	
NumOfPoint Distribution-------	3	4	8	16	4	4	5	1	3	1	0	0	1	
SD Group----------------------	0-1	1-2	2-3	3-4	4-5	5-6	6-7	7-8	8-9	9-10	
SD Distribution---------------	53	0	1	1	6	5	14	9	4	7	
Half Coverage Group-----------	0-16038847	16038847-32077694	32077694-48116541	48116541-64155388	64155388-80194235	80194235-96233082	96233082-112271929	112271929-128310776	128310776-144349623	144349623-160388470	160388470-176427317	
Half Cvg Time Distribution----	0	10	64	16	3	0	0	0	0	0	0	
Transferred Photo Group-------	0-16038847	16038847-32077694	32077694-48116541	48116541-64155388	64155388-80194235	80194235-96233082	96233082-112271929	112271929-128310776	128310776-144349623	144349623-160388470	160388470-176427317	
Photo Time Distribution-------	586	1998	2922	1019	692	42	0	57	38	0	0	

Cvg&Red Distribution----------	0.0	2.0	3.2077694E7	6.4155388E7	1.28310776E8	1.6038847E8	9.6233082E7	
Average PhotoNum--------------	26.63888888888889	26.63888888888889	27.994444444444444	29.283333333333335	29.966666666666665	29.966666666666665	29.966666666666665	
Nodes Above Average-----------	102	102	97	75	77	77	77	
Nodes Below Average-----------	78	78	83	105	103	103	103	

Average Coverage--------------	1558.388888888889	1558.388888888889	1631.9944444444445	1700.9611111111112	1738.1944444444443	1738.1944444444443	1738.1944444444443	
Nodes Above Average-----------	104	104	95	78	77	77	77	
Nodes Below Average-----------	76	76	85	102	103	103	103	
Photos Above Average----------	33	33	36	42	43	43	43	
Photos Below Average----------	17	17	18	19	19	19	19	
Network Coverage--------------	36000	36000	36000	35998	35998	35998	35998	

Average Redundancy------------	39.94444444444444	39.94444444444444	47.672222222222224	56.03888888888889	59.80555555555556	59.80555555555556	59.80555555555556	
Nodes Above Average-----------	83	83	76	60	59	59	59	
Nodes Below Average-----------	97	97	104	120	121	121	121	
Photos Above Average----------	31	31	34	41	43	43	43	
Photos Below Average----------	22	22	23	23	23	23	23	
Network Redundancy------------	251700	251700	266340	280262	287642	287642	287642	

