Message stats for scenario Photo_5000-Scenario_8-ActualPOI_50-K_3
sim_time: 160388470.0000

Photo List Size: 956
coverageValue-----------------	360	226	329	318	274	276	338	360	332	360	316	355	315	354	336	332	342	303	342	282	343	254	314	344	355	359	311	360	360	347	360	360	328	349	344	294	353	360	273	331	303	360	334	315	346	292	346	343	273	360	180	180	180	174	276	120	309	199	161	326	261	120	268	133	281	60	298	313	210	221	215	312	81	123	176	286	211	205	114	120	60	177	194	120	252	97	120	180	266	169	90	155	121	214	193	60	227	60	180	66	
redundantCoverageValue--------	360	314	331	642	386	324	502	420	568	240	824	425	585	666	804	328	858	237	978	198	557	286	406	376	725	781	349	900	720	433	900	720	632	1031	316	486	667	600	147	329	237	780	506	825	674	248	374	737	687	960	0	0	0	6	204	0	171	41	139	214	39	0	92	47	199	0	362	167	90	139	205	108	99	57	4	194	29	35	6	0	0	3	46	0	168	83	0	0	94	131	90	25	59	86	47	0	73	0	0	54	
halfCoverageTime--------------	32264427.0	32686168.0	32761788.0	32686123.0	33266788.0	33384421.0	32159560.0	32686153.0	32159193.0	32264402.0	32761800.0	32061749.0	32061664.0	32061649.0	32960392.0	32095154.0	32159415.0	32008649.0	32159163.0	33985422.0	32264372.0	64582466.0	32008524.0	32008704.0	32008402.0	32061608.0	33195329.0	32264387.0	32761656.0	32061634.0	32159153.0	32159385.0	32061709.0	32061729.0	32868732.0	32868747.0	32008539.0	32061674.0	33906583.0	32008634.0	63507525.0	32761661.0	32159370.0	32264447.0	32159364.0	32960520.0	32264272.0	32061659.0	32686098.0	32264357.0	63507439.0	63704288.0	64666787.0	.0	32159445.0	.0	32761830.0	33906568.0	.0	33906538.0	64666406.0	.0	33906603.0	.0	32159108.0	.0	32868767.0	33985322.0	64666576.0	63850064.0	64666221.0	33178420.0	.0	.0	.0	33906503.0	64732425.0	32960467.0	.0	.0	.0	.0	64666341.0	.0	32686108.0	.0	.0	63850029.0	63849999.0	.0	.0	.0	.0	32960432.0	.0	.0	64666200.0	.0	33985387.0	.0	
numberOfPoint-----------------	1	1	1	1	1	1	1	1	1	1	1	1	1	1	1	1	1	1	1	1	1	1	1	1	1	1	1	1	1	1	1	1	1	1	1	1	1	1	1	1	1	1	1	1	1	1	1	1	1	1	1	0	1	0	2	1	2	1	1	1	1	0	2	0	1	0	1	2	1	2	2	2	0	1	2	2	1	1	0	1	0	0	1	0	2	1	1	0	2	1	1	1	1	1	2	0	1	1	1	1	
standardDeviation-------------	.0	.0	.0	.0	.0	.0	.0	.0	.0	.0	.0	.0	.0	.0	.0	.0	.0	.0	.0	.0	.0	.0	.0	.0	.0	.0	.0	.0	.0	.0	.0	.0	.0	.0	.0	.0	.0	.0	.0	.0	.0	.0	.0	.0	.0	.0	.0	.0	.0	.0	4.34	.0	1.61	.0	4.96	5.34	11.38	4.44	5.09	6.59	3.85	.0	6.46	.0	4.93	.0	5.95	8.03	3.38	4.94	8.75	7.62	.0	5.3	11.97	7.09	3.67	4.15	.0	6.1	.0	.0	1.88	.0	6.77	5.52	3.52	.0	6.28	7.4	2.4	2.98	4.94	3.86	5.86	.0	1.26	13.34	1.43	6.55	
initialCoverageValue----------	360	360	360	360	360	360	360	360	360	360	360	360	360	360	360	360	360	360	360	360	360	360	360	360	360	360	360	360	360	360	360	360	360	360	360	360	360	360	360	360	360	360	360	360	360	360	360	360	360	360	360	360	360	360	360	360	360	360	360	360	360	360	360	360	360	360	360	360	360	360	360	360	360	360	360	360	360	360	360	360	360	360	360	360	360	360	360	360	360	360	360	360	360	360	360	360	360	360	360	360	
initialRedundantCoverageValue-	2400	1560	1860	2100	2340	2280	2220	2040	2340	2160	2820	2400	2820	2640	2100	2280	2940	1920	2520	2280	2460	2460	2400	2220	2520	2100	2340	2580	2640	2400	2880	2400	2880	2880	2100	2280	2100	2820	1740	2520	2220	2640	2340	2400	2940	2340	2460	3240	3000	2940	2580	2640	2700	2280	2700	2280	2520	2280	2520	2820	2580	2280	3000	2760	2340	1680	2460	3300	3420	2760	2400	2700	3300	1860	2700	3360	2100	1800	2400	2040	1980	2160	2880	2340	1980	2400	2460	1980	2520	2340	2100	2940	2400	1740	2880	1680	2820	1920	1980	1860	
additionalPoiTime-------------	330000.0
algorithmTime-----------------	4.2145562414592E10
serverTime--------------------	360000.0
Total Transferred Metadata----	2487

Photo List Size: 956
Gained Coverage %-------------	0.7093055555555555
Gained Redundancy %-----------	0.12741590591331525
Total Cluster Created---------	0
Total Transferred Photo-------	36680
Total Photo at Destination----	986
Coverage Group----------------	1-30	31-60	61-90	91-120	121-150	151-180	181-210	211-240	241-270	271-300	301-330	331-360	
Coverage Distribution---------	0	4	3	7	3	11	5	6	5	11	14	31	
Ratio Group-------------------	.0	.1	.2	.3	.4	.5	.6	.7	.8	.9	1.0	
Coverage Ratio----------------	0	0	5	3	9	11	8	4	12	14	34	
Redundant Ratio---------------	14	37	19	20	10	0	0	0	0	0	0	
NumberOfPoint Group-----------	0	1	2	
NumOfPoint Distribution-------	12	26	12	
SD Group----------------------	0-1	1-2	2-3	3-4	4-5	5-6	6-7	7-8	8-9	9-10	10-11	11-12	12-13	13-14	
SD Distribution---------------	62	4	2	5	7	6	6	3	2	0	0	2	0	1	
Half Coverage Group-----------	0-16038847	16038847-32077694	32077694-48116541	48116541-64155388	64155388-80194235	80194235-96233082	96233082-112271929	112271929-128310776	128310776-144349623	144349623-160388470	160388470-176427317	
Half Cvg Time Distribution----	0	15	47	6	8	0	0	0	0	0	0	
Transferred Photo Group-------	0-16038847	16038847-32077694	32077694-48116541	48116541-64155388	64155388-80194235	80194235-96233082	96233082-112271929	112271929-128310776	128310776-144349623	144349623-160388470	160388470-176427317	
Photo Time Distribution-------	8971	40867	59860	51686	27705	810	383	1541	662	45	0	

Cvg&Red Distribution----------	0.0	2.0	3.2077694E7	6.4155388E7	1.28310776E8	1.6038847E8	9.6233082E7	
Average PhotoNum--------------	26.63888888888889	26.63888888888889	68.89444444444445	94.15	99.93333333333334	100.87777777777778	97.25	
Nodes Above Average-----------	102	102	70	98	103	105	100	
Nodes Below Average-----------	78	78	110	82	77	75	80	

Average Coverage--------------	1554.9055555555556	1554.9055555555556	3616.677777777778	4814.983333333334	5103.711111111111	5150.227777777778	4966.461111111111	
Nodes Above Average-----------	103	103	71	98	105	107	102	
Nodes Below Average-----------	77	77	109	82	75	73	78	
Photos Above Average----------	33	33	132	144	144	144	145	
Photos Below Average----------	17	17	27	33	37	36	34	
Network Coverage--------------	36000	36000	36000	36000	36000	36000	36000	

Average Redundancy------------	43.42777777777778	43.42777777777778	516.9888888888889	834.0166666666667	892.2888888888889	902.4388888888889	868.5388888888889	
Nodes Above Average-----------	79	79	63	91	96	95	93	
Nodes Below Average-----------	101	101	117	89	84	85	87	
Photos Above Average----------	32	32	139	147	148	148	148	
Photos Below Average----------	22	22	31	39	44	47	42	
Network Redundancy------------	251700	251700	708060	980820	1043280	1053480	1014300	

