Message stats for scenario Photo_2500-Scenario_8-ActualPOI_50
sim_time: 160388470.0000

Photo List Size: 544
coverageValue-----------------	304	305	141	295	212	81	180	320	125	60	224	289	272	167	252	248	222	295	229	120	176	203	277	287	64	227	230	278	127	271	244	216	191	360	249	263	319	277	146	288	235	322	207	206	283	247	149	290	174	305	156	121	180	207	284	211	206	123	243	180	199	155	144	257	247	322	289	180	270	180	60	180	227	60	295	222	144	253	323	60	229	239	267	180	270	273	180	274	141	125	174	179	142	79	224	220	178	278	175	251	
redundantCoverageValue--------	236	115	159	125	28	99	0	160	115	0	76	131	148	13	48	232	258	245	191	0	64	217	83	13	56	133	250	202	53	209	176	84	109	480	171	97	521	203	34	72	65	218	153	94	257	113	151	190	66	235	84	59	0	93	76	149	34	57	117	0	101	85	36	103	53	158	191	0	30	0	0	0	73	0	65	258	156	107	157	0	11	121	153	0	30	87	0	86	39	55	66	61	38	41	76	80	62	262	65	109	
halfCoverageTime--------------	32264317.0	32761671.0	.0	33298108.0	64139282.0	.0	64732440.0	32676014.0	.0	.0	63704083.0	63507500.0	33298088.0	.0	32686083.0	32960315.0	32008464.0	32061659.0	33178440.0	.0	.0	33906613.0	33985342.0	33985352.0	.0	32264587.0	64582396.0	32264277.0	.0	32686173.0	63704168.0	33985347.0	63704193.0	32061689.0	63507525.0	32159450.0	32061649.0	32868772.0	.0	33985377.0	32868732.0	33195339.0	32686158.0	33195334.0	32868747.0	32868767.0	.0	33195249.0	.0	33266759.0	.0	.0	32761681.0	63704188.0	32960350.0	32676002.0	32868777.0	.0	32159163.0	64666316.0	33906563.0	.0	.0	64139262.0	63849934.0	32868737.0	63271969.0	64666301.0	33195274.0	64666366.0	.0	32868792.0	33266770.0	.0	64666154.0	63849984.0	.0	63849924.0	32264242.0	.0	63849959.0	33195294.0	63507530.0	33178425.0	32761742.0	32159405.0	64666421.0	33985357.0	.0	.0	.0	.0	.0	.0	64666190.0	64666266.0	.0	64582421.0	.0	32960407.0	
numberOfPoint-----------------	1	1	1	1	1	1	1	1	1	1	1	1	1	1	1	1	1	1	1	1	1	1	1	1	1	1	1	1	1	1	1	1	1	1	1	1	1	1	1	1	1	1	1	1	1	1	1	1	1	1	3	0	0	1	1	1	0	1	3	1	1	1	2	1	1	1	1	1	1	1	1	1	2	0	1	0	1	1	2	1	1	1	2	1	2	2	1	1	1	0	0	0	1	1	1	1	1	1	1	2	
standardDeviation-------------	.0	.0	.0	.0	.0	.0	.0	.0	.0	.0	.0	.0	.0	.0	.0	.0	.0	.0	.0	.0	.0	.0	.0	.0	.0	.0	.0	.0	.0	.0	.0	.0	.0	.0	.0	.0	.0	.0	.0	.0	.0	.0	.0	.0	.0	.0	.0	.0	.0	.0	8.41	.0	.0	3.14	6.58	9.33	.0	5.98	7.54	2.89	12.23	10.18	7.41	9.34	2.0	3.57	7.32	2.75	7.82	4.36	4.76	7.57	7.13	.0	3.91	.0	4.98	4.78	8.48	3.01	1.43	4.46	7.27	.71	5.28	4.73	8.56	5.02	5.54	.0	.0	.0	2.71	2.53	7.72	7.73	4.33	8.5	6.38	9.65	
initialCoverageValue----------	360	352	322	360	360	360	360	360	358	360	360	360	280	360	360	347	360	360	360	331	336	357	330	360	360	360	357	360	360	343	360	325	360	360	354	358	360	360	358	360	357	354	360	360	360	346	360	360	352	360	360	360	303	360	360	360	360	354	360	360	360	360	360	349	360	360	351	346	360	327	358	353	342	360	360	352	360	360	360	314	360	360	360	360	353	360	360	360	360	360	360	360	335	332	360	360	350	360	343	360	
initialRedundantCoverageValue-	1200	1328	1118	720	1080	840	840	1020	722	1080	780	1020	740	840	1140	1333	900	1440	900	689	684	1263	870	900	1200	840	1443	1140	1620	677	1380	815	1080	1380	1026	1082	1740	1260	482	1080	1203	906	1080	960	1260	434	1200	1320	968	1620	1200	1200	657	1080	1380	1620	960	966	1500	900	1560	720	1440	851	1380	1440	1329	1094	1680	573	662	727	1158	1020	1380	1148	1200	1860	1620	586	1260	1140	960	780	967	1080	900	1020	1500	1260	1260	900	505	868	1500	1080	970	1800	977	900	
additionalPoiTime-------------	46800.3
algorithmTime-----------------	6.933979388164E9
Total Transferred Metadata----	2528

Photo List Size: 544
Gained Coverage %-------------	0.607931258656265
Gained Redundancy %-----------	0.09922957832925679
Total Cluster Created---------	0
Total Transferred Photo-------	17678
Total Photo at Destination----	570
Coverage Group----------------	1-30	31-60	61-90	91-120	121-150	151-180	181-210	211-240	241-270	271-300	301-330	331-360	
Coverage Distribution---------	0	4	3	1	12	17	7	15	14	18	8	1	
Ratio Group-------------------	.0	.1	.2	.3	.4	.5	.6	.7	.8	.9	1.0	
Coverage Ratio----------------	0	0	5	2	9	14	16	18	19	14	3	
Redundant Ratio---------------	13	46	32	7	2	0	0	0	0	0	0	
NumberOfPoint Group-----------	0	1	2	3	
NumOfPoint Distribution-------	8	33	7	2	
SD Group----------------------	0-1	1-2	2-3	3-4	4-5	5-6	6-7	7-8	8-9	9-10	10-11	11-12	12-13	
SD Distribution---------------	59	1	5	4	7	4	2	9	4	3	1	0	1	
Half Coverage Group-----------	0-16038847	16038847-32077694	32077694-48116541	48116541-64155388	64155388-80194235	80194235-96233082	96233082-112271929	112271929-128310776	128310776-144349623	144349623-160388470	160388470-176427317	
Half Cvg Time Distribution----	0	4	43	14	10	0	0	0	0	0	0	
Transferred Photo Group-------	0-16038847	16038847-32077694	32077694-48116541	48116541-64155388	64155388-80194235	80194235-96233082	96233082-112271929	112271929-128310776	128310776-144349623	144349623-160388470	160388470-176427317	
Photo Time Distribution-------	2869	7622	8923	7729	4047	179	103	373	136	15	0	

Cvg&Red Distribution----------	0.0	2.0	3.2077694E7	6.4155388E7	1.28310776E8	1.6038847E8	9.6233082E7	
Average PhotoNum--------------	12.672222222222222	12.672222222222222	17.677777777777777	19.955555555555556	20.92222222222222	21.016666666666666	20.41111111111111	
Nodes Above Average-----------	101	101	96	127	137	138	131	
Nodes Below Average-----------	79	79	84	53	43	42	49	

Average Coverage--------------	750.6444444444444	750.6444444444444	1038.3833333333334	1174.5944444444444	1228.2333333333333	1234.2888888888888	1198.8944444444444	
Nodes Above Average-----------	98	98	96	127	137	138	132	
Nodes Below Average-----------	82	82	84	53	43	42	48	
Photos Above Average----------	16	16	24	24	24	24	24	
Photos Below Average----------	8	8	10	8	8	8	8	
Network Coverage--------------	35090	35090	35090	35090	35090	35090	35090	

Average Redundancy------------	9.688888888888888	9.688888888888888	22.283333333333335	22.738888888888887	27.1	26.711111111111112	25.772222222222222	
Nodes Above Average-----------	36	36	62	65	70	69	69	
Nodes Below Average-----------	144	144	118	115	110	111	111	
Photos Above Average----------	15	15	22	23	24	24	23	
Photos Below Average----------	12	12	15	17	18	18	18	
Network Redundancy------------	101770	101770	155830	180430	190870	191890	185350	

