Message stats for scenario Photo_2500-Scenario_4-ActualPOI_50
sim_time: 86400.0000

Photo List Size: 2427
coverageValue-----------------	189	291	280	227	255	292	260	255	297	309	96	247	335	261	302	198	290	235	207	322	209	238	265	263	258	218	253	226	325	218	256	120	195	268	324	211	276	184	312	246	238	318	232	155	152	243	116	132	264	256	180	173	156	266	224	225	184	222	285	300	263	196	304	120	120	179	170	224	165	198	205	120	196	143	149	262	226	158	142	120	180	225	265	241	254	268	129	323	167	287	180	215	252	242	191	171	178	232	167	265	
redundantCoverageValue--------	111	69	20	133	105	68	100	165	243	51	24	113	205	99	118	42	130	185	93	98	91	122	95	37	162	142	227	134	215	82	164	0	45	32	156	29	204	116	108	114	122	162	188	25	28	57	64	48	156	164	0	7	24	154	196	135	176	138	135	180	97	104	176	0	0	61	70	136	15	42	95	0	44	97	91	158	74	82	98	0	0	135	35	59	106	152	51	217	73	73	0	85	48	178	49	9	2	8	73	95	
halfCoverageTime--------------	37882.0	7790.0	75106.0	80268.0	52230.0	46520.0	53790.0	5432.0	52246.0	32084.0	.0	806.0	696.0	54768.0	8032.0	75242.0	74914.0	500.0	74902.0	73278.0	75202.0	54804.0	44390.0	43834.0	54792.0	79718.0	75142.0	79802.0	16330.0	79820.0	37894.0	.0	79724.0	6124.0	860.0	7952.0	7828.0	75082.0	7958.0	6130.0	74966.0	6136.0	7822.0	.0	.0	80306.0	.0	.0	52258.0	73284.0	43876.0	.0	.0	866.0	6106.0	42302.0	43888.0	732.0	762.0	830.0	926.0	45078.0	7934.0	.0	.0	.0	.0	338.0	.0	52108.0	32768.0	.0	8050.0	.0	.0	800.0	45090.0	.0	.0	.0	7852.0	42308.0	43792.0	74932.0	75100.0	5444.0	.0	590.0	.0	7976.0	7698.0	5868.0	32744.0	32096.0	52136.0	.0	.0	42326.0	.0	818.0	
numberOfPoint-----------------	1	1	1	1	1	1	1	1	1	1	1	1	1	1	1	1	1	1	1	1	1	1	1	1	1	1	1	1	1	1	1	1	1	1	1	1	1	1	1	1	1	1	1	1	1	1	1	1	1	1	2	1	2	2	3	2	2	2	2	6	2	1	3	1	1	5	2	2	1	6	2	2	2	2	2	4	2	1	1	3	3	1	4	5	7	3	3	2	2	2	5	5	2	3	3	3	5	2	9	2	
standardDeviation-------------	.0	.0	.0	.0	.0	.0	.0	.0	.0	.0	.0	.0	.0	.0	.0	.0	.0	.0	.0	.0	.0	.0	.0	.0	.0	.0	.0	.0	.0	.0	.0	.0	.0	.0	.0	.0	.0	.0	.0	.0	.0	.0	.0	.0	.0	.0	.0	.0	.0	.0	10.29	2.33	8.08	6.02	5.23	6.11	5.29	5.81	6.55	7.9	9.9	2.72	6.69	7.54	6.62	4.54	8.29	7.33	.54	7.5	1.75	6.04	4.27	8.77	5.97	8.85	4.92	5.12	5.6	7.0	6.26	8.1	9.37	6.16	6.53	5.73	4.31	5.81	5.3	4.61	6.56	6.06	6.31	6.82	8.16	8.32	7.11	9.3	6.56	7.94	
initialCoverageValue----------	352	360	353	352	360	300	360	346	355	360	360	345	360	360	360	348	323	319	360	360	360	360	360	360	352	353	360	360	360	360	360	355	336	346	360	360	360	354	345	336	351	360	360	360	360	360	360	360	344	357	334	360	360	360	360	360	346	360	360	360	358	360	360	353	359	360	360	326	360	360	360	353	281	311	356	343	360	333	344	345	360	360	360	360	359	360	360	360	360	360	350	360	360	360	360	360	360	347	360	354	
initialRedundantCoverageValue-	1208	1620	967	848	1320	780	960	1094	1145	1620	960	1035	1200	960	1320	432	697	1061	1320	1020	1140	780	1020	1260	728	1027	1200	1260	1800	1020	1080	785	984	1094	1500	1140	960	786	1095	1044	1329	1140	1440	1080	1320	1080	1260	1320	856	1023	686	840	1380	1080	1380	1260	614	1320	1200	1380	1022	1500	1680	787	601	720	1140	1294	960	1020	1260	667	619	769	1144	1697	1080	807	616	795	840	1440	1080	900	661	1560	1020	1200	1440	1680	1270	1200	960	1800	840	960	1140	1273	960	906	
additionalPoiTime-------------	1.613674344E8
algorithmTime-----------------	1.6224104E7
Total Transferred Metadata----	13256

Photo List Size: 2427
Gained Coverage %-------------	0.6346861379973963
Gained Redundancy %-----------	0.08665096836609897
Total Cluster Created---------	50
Total Transferred Photo-------	1770
Coverage Group----------------	1-30	31-60	61-90	91-120	121-150	151-180	181-210	211-240	241-270	271-300	301-330	331-360	
Coverage Distribution---------	0	0	0	7	5	15	12	17	25	9	9	1	
Ratio Group-------------------	.0	.1	.2	.3	.4	.5	.6	.7	.8	.9	1.0	
Coverage Ratio----------------	0	0	0	1	8	16	15	19	26	11	4	
Redundant Ratio---------------	8	53	35	4	0	0	0	0	0	0	0	
NumberOfPoint Group-----------	0	1	2	3	4	5	6	7	8	9	
NumOfPoint Distribution-------	0	8	22	9	2	5	2	1	0	1	
SD Group----------------------	0-1	1-2	2-3	3-4	4-5	5-6	6-7	7-8	8-9	9-10	10-11	
SD Distribution---------------	51	1	2	0	5	9	14	7	7	3	1	
Half Coverage Group-----------	0-1000	1000-2000	2000-3000	3000-4000	4000-5000	5000-6000	6000-7000	7000-8000	8000-9000	9000-10000	10000-11000	11000-12000	12000-13000	13000-14000	14000-15000	15000-16000	16000-17000	17000-18000	18000-19000	19000-20000	20000-21000	21000-22000	22000-23000	23000-24000	24000-25000	25000-26000	26000-27000	27000-28000	28000-29000	29000-30000	30000-31000	31000-32000	32000-33000	33000-34000	34000-35000	35000-36000	36000-37000	37000-38000	38000-39000	39000-40000	40000-41000	41000-42000	42000-43000	43000-44000	44000-45000	45000-46000	46000-47000	47000-48000	48000-49000	49000-50000	50000-51000	51000-52000	52000-53000	53000-54000	54000-55000	55000-56000	56000-57000	57000-58000	58000-59000	59000-60000	60000-61000	61000-62000	62000-63000	63000-64000	64000-65000	65000-66000	66000-67000	67000-68000	68000-69000	69000-70000	70000-71000	71000-72000	72000-73000	73000-74000	74000-75000	75000-76000	76000-77000	77000-78000	78000-79000	79000-80000	80000-81000	81000-82000	82000-83000	83000-84000	84000-85000	85000-86000	86000-87000	
Half Cvg Time Distribution----	13	0	0	0	0	3	4	9	2	0	0	0	0	0	0	0	1	0	0	0	0	0	0	0	0	0	0	0	0	0	0	0	4	0	0	0	0	2	0	0	0	0	3	4	1	2	1	0	0	0	0	0	5	1	3	0	0	0	0	0	0	0	0	0	0	0	0	0	0	0	0	0	0	2	4	6	0	0	0	4	2	0	0	0	0	0	0	
Transferred Photo Group-------	0-1000	1000-2000	2000-3000	3000-4000	4000-5000	5000-6000	6000-7000	7000-8000	8000-9000	9000-10000	10000-11000	11000-12000	12000-13000	13000-14000	14000-15000	15000-16000	16000-17000	17000-18000	18000-19000	19000-20000	20000-21000	21000-22000	22000-23000	23000-24000	24000-25000	25000-26000	26000-27000	27000-28000	28000-29000	29000-30000	30000-31000	31000-32000	32000-33000	33000-34000	34000-35000	35000-36000	36000-37000	37000-38000	38000-39000	39000-40000	40000-41000	41000-42000	42000-43000	43000-44000	44000-45000	45000-46000	46000-47000	47000-48000	48000-49000	49000-50000	50000-51000	51000-52000	52000-53000	53000-54000	54000-55000	55000-56000	56000-57000	57000-58000	58000-59000	59000-60000	60000-61000	61000-62000	62000-63000	63000-64000	64000-65000	65000-66000	66000-67000	67000-68000	68000-69000	69000-70000	70000-71000	71000-72000	72000-73000	73000-74000	74000-75000	75000-76000	76000-77000	77000-78000	78000-79000	79000-80000	80000-81000	81000-82000	82000-83000	83000-84000	84000-85000	85000-86000	86000-87000	
Photo Time Distribution-------	511	103	54	8	0	14	18	112	0	0	71	0	0	0	0	0	16	3	1	0	0	0	0	0	0	0	13	4	0	0	0	0	69	0	0	0	215	16	126	0	0	0	0	22	10	109	7	0	7	0	0	0	63	27	80	30	0	0	0	0	0	0	0	23	0	12	12	0	0	6	0	0	0	74	131	27	0	0	0	68	9	0	4	0	0	0	0	

