Message stats for scenario Photo_5000-Scenario_7-ActualPOI_50-K_4
sim_time: 160388470.0000

Photo List Size: 4495
coverageValue-----------------	179	209	195	283	338	201	315	286	287	209	190	279	264	172	278	335	269	335	290	262	279	286	193	261	151	258	265	310	275	341	226	180	328	278	215	317	310	270	259	223	163	341	302	209	243	222	302	289	167	240	256	311	305	353	236	216	230	257	268	351	218	360	320	353	235	294	126	353	306	250	272	276	239	292	226	255	273	259	196	313	240	273	275	240	278	310	294	353	238	350	252	344	344	249	271	315	287	320	279	303	
redundantCoverageValue--------	121	151	45	257	82	39	165	134	133	211	110	141	96	68	262	265	211	145	130	218	141	314	107	219	209	282	215	110	145	139	134	0	152	142	85	403	290	30	41	17	77	559	58	151	57	78	418	311	13	240	104	409	355	487	184	144	70	223	212	549	82	540	220	427	185	546	54	427	174	290	328	204	241	368	194	285	207	161	224	347	0	267	145	0	82	230	366	367	242	490	288	436	496	51	29	285	193	220	141	237	
halfCoverageTime--------------	.0	32960457.0	32868707.0	32264402.0	32960417.0	64582461.0	32159440.0	64666174.0	32960504.0	32960422.0	64666139.0	33298113.0	32686138.0	.0	32960387.0	32159420.0	64666286.0	32061694.0	64666757.0	33906578.0	32761788.0	32008397.0	64666616.0	33195329.0	.0	32761706.0	64666301.0	32159455.0	33906553.0	32095119.0	64666416.0	64666436.0	32868697.0	64666241.0	32061669.0	32686158.0	33195284.0	64139252.0	33195354.0	63850044.0	.0	32008604.0	33906493.0	64666516.0	33985337.0	63507485.0	32761783.0	32686128.0	.0	32159198.0	63704158.0	32159490.0	32008624.0	32159364.0	33266834.0	63507475.0	32960550.0	33178415.0	33195319.0	32008414.0	33906623.0	31744045.0	32264387.0	32264272.0	33985327.0	32008419.0	.0	32008579.0	33985372.0	32761721.0	33906503.0	32960514.0	64666526.0	32008326.0	33266748.0	33195294.0	33195299.0	64582521.0	33266794.0	32960325.0	33195289.0	64666134.0	32960372.0	32761656.0	63507505.0	32008454.0	64666486.0	32264307.0	32159163.0	32960483.0	32960392.0	32061744.0	32868767.0	64582436.0	63507439.0	32008469.0	63704168.0	32008380.0	32264372.0	32686203.0	
numberOfPoint-----------------	1	1	1	1	1	1	1	1	1	1	1	1	1	1	1	1	1	1	1	1	1	1	1	1	1	1	1	1	1	1	1	1	1	1	1	1	1	1	1	1	1	1	1	1	1	1	1	1	1	1	4	3	2	2	5	1	7	2	4	4	3	3	5	6	3	6	3	2	4	6	6	3	5	3	6	2	5	3	2	2	2	3	5	3	3	3	4	1	7	4	4	2	7	6	5	2	4	6	8	5	
standardDeviation-------------	.0	.0	.0	.0	.0	.0	.0	.0	.0	.0	.0	.0	.0	.0	.0	.0	.0	.0	.0	.0	.0	.0	.0	.0	.0	.0	.0	.0	.0	.0	.0	.0	.0	.0	.0	.0	.0	.0	.0	.0	.0	.0	.0	.0	.0	.0	.0	.0	.0	.0	8.45	3.8	6.44	5.95	7.31	7.24	7.75	8.0	6.3	7.72	5.84	5.51	9.86	5.21	7.65	7.99	6.31	6.14	7.81	6.99	7.07	7.36	9.24	6.52	8.02	6.32	7.27	9.62	5.81	5.54	2.06	6.22	8.38	5.64	6.18	7.84	7.76	1.93	5.76	6.06	8.35	8.58	6.81	6.6	8.21	6.11	8.41	5.17	5.78	6.72	
initialCoverageValue----------	360	360	360	360	360	360	360	360	360	360	360	360	356	360	360	360	360	360	360	360	360	360	360	360	360	360	360	360	360	360	360	360	360	360	360	360	360	360	360	360	360	360	360	360	360	360	360	360	360	360	360	360	360	360	360	360	360	360	360	360	360	360	360	360	360	360	360	360	360	360	360	360	360	360	360	360	360	360	360	360	360	360	360	360	360	360	360	360	360	360	360	360	358	360	360	360	360	360	360	360	
initialRedundantCoverageValue-	2400	2100	2580	2040	1740	2100	2580	2640	2640	2760	2220	2280	1864	2040	2760	2040	2460	2400	3000	2100	2760	1740	1980	2580	2340	2280	3180	2640	2160	2400	3180	2640	2460	2820	2640	2580	2280	1680	2520	2460	2520	2700	2700	2220	1740	2700	2700	2340	1980	2580	3060	2580	2880	2280	2340	1980	2760	2220	2160	2640	2160	2100	3060	1980	2940	2880	1560	2880	1980	1920	2100	2100	2880	2760	3180	2460	2220	2520	2460	2520	2160	1920	3360	1980	2340	2460	3240	2700	2700	2520	2340	2220	2222	2220	2760	2820	2580	2220	2940	2820	
additionalPoiTime-------------	2.3317E8
algorithmTime-----------------	1.71E7
serverTime--------------------	4.214E7
Total Transferred Metadata----	3611

Photo List Size: 4495
Gained Coverage %-------------	0.747152303161638
Gained Redundancy %-----------	0.08565195681180063
Total Cluster Created---------	50
Total Transferred Photo-------	1865
Total Photo at Destination----	808
Coverage Group----------------	1-30	31-60	61-90	91-120	121-150	151-180	181-210	211-240	241-270	271-300	301-330	331-360	
Coverage Distribution---------	0	0	0	0	1	6	8	15	17	23	16	14	
Ratio Group-------------------	.0	.1	.2	.3	.4	.5	.6	.7	.8	.9	1.0	
Coverage Ratio----------------	0	0	0	0	1	6	10	17	31	20	15	
Redundant Ratio---------------	3	65	26	6	0	0	0	0	0	0	0	
NumberOfPoint Group-----------	0	1	2	3	4	5	6	7	8	
NumOfPoint Distribution-------	0	2	10	12	8	7	7	3	1	
SD Group----------------------	0-1	1-2	2-3	3-4	4-5	5-6	6-7	7-8	8-9	9-10	
SD Distribution---------------	50	1	1	1	0	10	14	13	7	3	
Half Coverage Group-----------	0-16038847	16038847-32077694	32077694-48116541	48116541-64155388	64155388-80194235	80194235-96233082	96233082-112271929	112271929-128310776	128310776-144349623	144349623-160388470	160388470-176427317	
Half Cvg Time Distribution----	0	14	56	8	16	0	0	0	0	0	0	
Transferred Photo Group-------	0-16038847	16038847-32077694	32077694-48116541	48116541-64155388	64155388-80194235	80194235-96233082	96233082-112271929	112271929-128310776	128310776-144349623	144349623-160388470	160388470-176427317	
Photo Time Distribution-------	584	1986	3061	1057	705	41	0	55	36	0	0	

Cvg&Red Distribution----------	0.0	2.0	3.2077694E7	6.4155388E7	1.28310776E8	1.6038847E8	9.6233082E7	
Average PhotoNum--------------	26.63888888888889	26.63888888888889	28.677777777777777	30.044444444444444	30.772222222222222	30.772222222222222	30.772222222222222	
Nodes Above Average-----------	102	102	90	69	71	71	71	
Nodes Below Average-----------	78	78	90	111	109	109	109	

Average Coverage--------------	1560.9222222222222	1560.9222222222222	1666.4777777777779	1736.411111111111	1777.0722222222223	1777.0722222222223	1777.0722222222223	
Nodes Above Average-----------	101	101	93	76	72	72	72	
Nodes Below Average-----------	79	79	87	104	108	108	108	
Photos Above Average----------	33	33	38	44	46	46	46	
Photos Below Average----------	17	17	18	19	20	20	20	
Network Coverage--------------	35994	35994	35994	35994	35994	35994	35994	

Average Redundancy------------	37.41111111111111	37.41111111111111	54.18888888888889	66.25555555555556	69.2611111111111	69.2611111111111	69.2611111111111	
Nodes Above Average-----------	80	80	56	41	42	42	42	
Nodes Below Average-----------	100	100	124	139	138	138	138	
Photos Above Average----------	31	31	39	50	53	53	53	
Photos Below Average----------	22	22	23	23	23	23	23	
Network Redundancy------------	251706	251706	273726	288486	296346	296346	296346	

