Message stats for scenario Photo_1250-Scenario_6-ActualPOI_50
sim_time: 337500.0000

Photo List Size: 647
coverageValue-----------------	250	282	253	290	233	95	251	243	254	269	239	204	201	226	148	186	236	206	227	297	308	246	174	284	251	120	203	340	248	246	222	302	150	280	311	293	221	224	330	341	241	239	137	211	201	301	261	163	292	310	217	322	218	234	180	294	197	224	79	240	183	166	206	214	175	270	267	259	277	60	245	202	181	233	230	235	195	253	266	225	340	285	259	256	176	212	289	203	310	242	245	300	240	285	139	310	231	227	224	220	
redundantCoverageValue--------	50	258	167	190	127	145	109	117	226	91	241	216	39	194	92	174	124	154	73	303	232	234	126	196	109	0	97	260	52	114	138	118	30	140	289	307	139	316	330	439	119	61	43	149	99	419	219	77	68	230	23	278	22	6	0	126	223	136	101	120	237	74	214	206	125	90	93	41	263	0	55	158	59	187	10	65	225	107	274	195	440	135	41	44	124	88	311	157	230	118	175	0	0	255	41	230	129	313	76	20	
halfCoverageTime--------------	9532.0	11124.0	9098.0	11145.0	13932.0	.0	48544.0	7792.0	13944.0	10534.0	17498.0	9938.0	84980.0	13938.0	.0	17510.0	10558.0	10574.0	10596.0	6850.0	10017.0	12606.0	.0	21936.0	17338.0	.0	14014.0	10043.0	5676.0	21964.0	10088.0	10679.0	.0	12498.0	9996.0	10038.0	16884.0	13784.0	9944.0	10252.0	10104.0	10822.0	.0	10083.0	19594.0	7102.0	10002.0	.0	17486.0	7644.0	13972.0	6835.0	14008.0	21894.0	235280.0	11130.0	11632.0	8288.0	.0	8318.0	17480.0	.0	9897.0	11642.0	.0	22021.0	10662.0	10128.0	5736.0	.0	7764.0	25150.0	13950.0	10732.0	12736.0	9517.0	85021.0	17350.0	19606.0	8060.0	10568.0	9482.0	8258.0	12766.0	.0	14002.0	12784.0	20943.0	10656.0	9852.0	9962.0	11593.0	10601.0	19642.0	.0	10811.0	252406.0	11604.0	245176.0	20972.0	
numberOfPoint-----------------	1	1	1	1	1	1	1	1	1	1	1	1	1	1	1	1	1	1	1	1	1	1	1	1	1	1	1	1	1	1	1	1	1	1	1	1	1	1	1	1	1	1	1	1	1	1	1	1	1	1	1	2	1	2	1	1	1	1	2	1	2	2	2	3	2	1	1	2	2	1	2	2	1	2	2	2	1	1	2	1	4	2	1	3	2	1	2	3	2	2	4	1	1	1	1	4	2	2	2	1	
standardDeviation-------------	.0	.0	.0	.0	.0	.0	.0	.0	.0	.0	.0	.0	.0	.0	.0	.0	.0	.0	.0	.0	.0	.0	.0	.0	.0	.0	.0	.0	.0	.0	.0	.0	.0	.0	.0	.0	.0	.0	.0	.0	.0	.0	.0	.0	.0	.0	.0	.0	.0	.0	2.01	6.32	2.15	10.22	4.39	2.6	1.53	.73	7.06	.72	5.21	8.52	7.02	8.49	9.45	2.84	1.65	8.07	7.08	8.31	7.29	10.39	2.36	6.38	6.7	7.64	.71	3.63	5.81	3.72	10.19	4.71	2.31	8.18	8.76	.6	4.44	9.49	4.69	6.78	9.45	3.26	2.58	1.0	1.64	8.23	6.31	6.5	5.81	4.71	
initialCoverageValue----------	358	360	278	336	294	207	293	318	360	329	308	330	305	340	258	285	271	319	274	324	347	246	360	326	304	296	272	349	304	252	303	358	337	335	311	338	289	315	360	356	310	319	268	322	338	309	264	283	341	327	243	344	348	353	349	309	330	299	323	345	298	316	270	250	334	326	299	326	315	360	307	322	308	338	346	323	300	329	266	279	360	326	338	288	309	256	298	262	323	250	316	323	331	333	229	343	304	308	292	331	
initialRedundantCoverageValue-	422	540	442	744	546	453	427	282	660	391	472	810	235	500	222	435	269	221	146	696	553	474	480	274	296	304	268	491	476	348	417	482	383	325	349	742	491	585	600	724	470	581	212	398	142	591	336	197	499	573	117	616	552	607	371	231	510	601	457	555	362	224	390	290	386	214	541	454	345	360	353	278	652	442	494	277	480	571	454	441	780	574	322	132	291	104	902	338	457	350	524	97	269	687	191	437	476	652	368	269	
additionalPoiTime-------------	0.0
algorithmTime-----------------	4.172090744E8
Total Transferred Metadata----	10090

Photo List Size: 647
Gained Coverage %-------------	0.7567151246750746
Gained Redundancy %-----------	0.3475092832621033
Total Cluster Created---------	0
Total Transferred Photo-------	26635
Total Photo at Destination----	647
Coverage Group----------------	1-30	31-60	61-90	91-120	121-150	151-180	181-210	211-240	241-270	271-300	301-330	331-360	
Coverage Distribution---------	0	1	1	2	4	6	13	26	22	13	9	3	
Ratio Group-------------------	.0	.1	.2	.3	.4	.5	.6	.7	.8	.9	1.0	
Coverage Ratio----------------	0	0	1	1	0	4	10	17	24	23	20	
Redundant Ratio---------------	5	7	10	18	18	20	10	6	4	2	0	
NumberOfPoint Group-----------	0	1	2	3	4	
NumOfPoint Distribution-------	0	21	23	3	3	
SD Group----------------------	0-1	1-2	2-3	3-4	4-5	5-6	6-7	7-8	8-9	9-10	10-11	
SD Distribution---------------	54	4	7	3	5	3	6	5	7	3	3	
Half Coverage Group-----------	0-33750	33750-67500	67500-101250	101250-135000	135000-168750	168750-202500	202500-236250	236250-270000	270000-303750	303750-337500	337500-371250	
Half Cvg Time Distribution----	81	1	2	0	0	0	1	2	0	0	0	
Transferred Photo Group-------	0-33750	33750-67500	67500-101250	101250-135000	135000-168750	168750-202500	202500-236250	236250-270000	270000-303750	303750-337500	337500-371250	
Photo Time Distribution-------	2234	13815	3848	294	6948	647	1240	810	32	321	0	

Cvg&Red Distribution----------	0.0	2.0	33750.0	67500.0	135000.0	270000.0	168750.0	337500.0	101250.0	202500.0	303750.0	236250.0	
Average PhotoNum--------------	12.804123711340207	12.804123711340207	16.195876288659793	18.47422680412371	19.144329896907216	19.855670103092784	19.577319587628867	20.11340206185567	19.103092783505154	19.577319587628867	19.855670103092784	19.7319587628866	
Nodes Above Average-----------	54	54	36	51	55	61	59	63	55	59	61	60	
Nodes Below Average-----------	43	43	61	46	42	36	38	34	42	38	36	37	

Average Coverage--------------	757.0618556701031	757.0618556701031	955.5154639175257	1084.2371134020618	1120.4123711340205	1161.2886597938145	1145.721649484536	1177.7938144329896	1117.9381443298969	1145.721649484536	1161.2886597938145	1154.298969072165	
Nodes Above Average-----------	52	52	39	51	55	61	59	63	55	59	61	60	
Nodes Below Average-----------	45	45	58	46	42	36	38	34	42	38	36	37	
Photos Above Average----------	15	15	23	24	24	25	25	25	24	25	25	25	
Photos Below Average----------	10	10	11	11	11	11	11	11	11	11	11	11	
Network Coverage--------------	31054	31054	29486	27679	27481	26644	26987	26644	27679	26987	26644	26744	

Average Redundancy------------	11.185567010309278	11.185567010309278	16.237113402061855	24.216494845360824	28.24742268041237	30.051546391752577	28.917525773195877	29.010309278350515	28.24742268041237	28.917525773195877	30.051546391752577	29.61855670103093	
Nodes Above Average-----------	24	24	29	38	42	43	44	43	42	44	43	42	
Nodes Below Average-----------	73	73	68	59	55	54	53	54	55	53	54	55	
Photos Above Average----------	13	13	19	21	21	22	21	22	21	21	22	22	
Photos Below Average----------	12	12	14	16	17	17	17	17	17	17	17	17	
Network Redundancy------------	43466	43466	64774	79841	83939	88916	86953	90416	83501	86953	88916	88096	

