Message stats for scenario Photo_2500-Scenario_6-ActualPOI_50
sim_time: 337500.0000

Photo List Size: 1156
coverageValue-----------------	334	285	283	332	319	226	265	352	294	324	237	318	329	292	326	344	360	360	360	360	341	290	345	329	267	340	293	200	200	291	300	306	328	310	214	360	213	276	360	344	87	347	301	340	295	299	339	311	324	325	331	359	344	273	309	256	316	280	325	356	342	346	328	360	237	311	198	310	190	342	276	297	275	353	250	330	353	333	256	326	299	322	289	262	312	266	360	271	249	303	360	281	230	291	312	287	340	324	297	260	
redundantCoverageValue--------	506	315	257	508	281	194	335	308	306	636	303	282	451	608	334	436	720	300	600	540	559	190	495	91	513	320	367	340	220	369	480	414	392	350	86	720	387	264	600	196	93	613	59	320	305	181	261	529	636	275	509	661	376	267	531	404	284	320	515	484	798	314	332	420	243	289	162	590	290	318	384	303	385	367	110	690	427	747	224	574	361	278	551	338	648	394	480	269	291	177	360	379	430	129	588	373	260	216	243	160	
halfCoverageTime--------------	9880.0	10563.0	11088.0	11654.0	10596.0	17326.0	5535.0	10766.0	7154.0	7160.0	11298.0	13779.0	6930.0	10468.0	7000.0	7464.0	11034.0	9588.0	7074.0	10122.0	9086.0	10679.0	9914.0	10706.0	7292.0	6820.0	9812.0	17510.0	21958.0	10450.0	9494.0	5884.0	12588.0	10051.0	84980.0	5773.0	13875.0	13932.0	8005.0	11252.0	.0	8328.0	9538.0	7286.0	9984.0	9834.0	11078.0	9140.0	7313.0	7820.0	10178.0	6988.0	11016.0	9578.0	7036.0	8294.0	10712.0	10772.0	7330.0	9470.0	9558.0	7302.0	8368.0	10024.0	19618.0	9606.0	8282.0	7324.0	11072.0	8090.0	10387.0	7732.0	7754.0	10404.0	10333.0	9134.0	9527.0	8078.0	7107.0	9076.0	11118.0	9612.0	7264.0	6994.0	10155.0	8105.0	10139.0	9897.0	11190.0	7810.0	9852.0	9092.0	9990.0	13870.0	8016.0	8418.0	10296.0	17522.0	12456.0	10843.0	
numberOfPoint-----------------	1	1	1	1	1	1	1	1	1	1	1	1	1	1	1	1	1	1	1	1	1	1	1	1	1	1	1	1	1	1	1	1	1	1	1	1	1	1	1	1	1	1	1	1	1	1	1	1	1	1	1	3	3	2	3	4	3	2	3	2	4	2	2	2	1	2	1	2	2	2	2	4	2	2	2	1	1	1	1	2	1	2	2	2	5	2	2	2	3	1	2	2	1	1	1	3	2	3	3	3	
standardDeviation-------------	.0	.0	.0	.0	.0	.0	.0	.0	.0	.0	.0	.0	.0	.0	.0	.0	.0	.0	.0	.0	.0	.0	.0	.0	.0	.0	.0	.0	.0	.0	.0	.0	.0	.0	.0	.0	.0	.0	.0	.0	.0	.0	.0	.0	.0	.0	.0	.0	.0	.0	1.53	10.35	8.52	5.61	9.36	9.9	8.78	9.52	7.22	6.42	9.9	6.34	5.8	5.14	3.14	5.85	2.97	5.46	6.61	5.53	9.97	9.83	6.79	5.92	6.43	2.12	1.51	.81	5.7	7.77	2.59	5.77	6.8	6.91	9.31	5.3	6.55	5.52	7.78	1.8	5.86	4.79	2.31	3.67	2.11	8.12	10.12	8.47	9.2	8.27	
initialCoverageValue----------	354	360	338	358	360	360	360	360	360	355	336	360	360	360	352	360	360	360	360	360	341	360	360	360	337	360	338	342	328	350	325	349	360	360	360	360	341	360	360	360	345	360	357	360	360	330	360	356	353	360	360	360	344	360	360	360	360	360	360	360	360	360	349	360	356	360	360	348	347	360	360	360	359	360	303	360	360	360	344	360	360	357	350	359	360	360	360	349	360	360	360	360	348	360	356	342	348	347	360	351	
initialRedundantCoverageValue-	966	1440	802	1142	1140	840	1260	660	900	1385	984	900	1200	1200	788	1500	1440	1380	1620	1140	919	1080	1140	840	1163	1080	1102	1038	632	790	995	911	1320	1560	840	1740	859	1080	1140	1260	495	1860	723	1320	1140	1350	780	1084	1507	780	1020	1020	1096	780	1440	1500	900	1140	1140	1020	1800	1020	1091	1260	784	1140	960	1152	1153	900	840	1080	841	1260	417	1620	1200	1200	1216	1080	1380	843	1330	1381	1620	1080	1200	1151	960	900	780	720	852	1260	1264	918	1272	1093	1140	849	
additionalPoiTime-------------	46800.3
algorithmTime-----------------	2.3789372495E9
Total Transferred Metadata----	10022

Photo List Size: 1156
Gained Coverage %-------------	0.8530821724663019
Gained Redundancy %-----------	0.3453816717749687
Total Cluster Created---------	0
Total Transferred Photo-------	40235
Total Photo at Destination----	1156
Coverage Group----------------	1-30	31-60	61-90	91-120	121-150	151-180	181-210	211-240	241-270	271-300	301-330	331-360	
Coverage Distribution---------	0	0	1	0	0	0	4	6	9	23	26	31	
Ratio Group-------------------	.0	.1	.2	.3	.4	.5	.6	.7	.8	.9	1.0	
Coverage Ratio----------------	0	0	0	1	0	0	4	6	16	27	46	
Redundant Ratio---------------	0	1	12	24	27	26	7	3	0	0	0	
NumberOfPoint Group-----------	0	1	2	3	4	5	
NumOfPoint Distribution-------	0	12	24	10	3	1	
SD Group----------------------	0-1	1-2	2-3	3-4	4-5	5-6	6-7	7-8	8-9	9-10	10-11	
SD Distribution---------------	51	3	5	2	1	12	8	3	5	8	2	
Half Coverage Group-----------	0-33750	33750-67500	67500-101250	101250-135000	135000-168750	168750-202500	202500-236250	236250-270000	270000-303750	303750-337500	337500-371250	
Half Cvg Time Distribution----	98	0	1	0	0	0	0	0	0	0	0	
Transferred Photo Group-------	0-33750	33750-67500	67500-101250	101250-135000	135000-168750	168750-202500	202500-236250	236250-270000	270000-303750	303750-337500	337500-371250	
Photo Time Distribution-------	4525	25346	7964	625	14228	1274	2510	1656	64	750	0	

Cvg&Red Distribution----------	0.0	2.0	33750.0	67500.0	135000.0	270000.0	168750.0	337500.0	101250.0	202500.0	303750.0	236250.0	
Average PhotoNum--------------	25.61855670103093	25.61855670103093	32.04123711340206	36.72164948453608	38.25773195876289	39.72164948453608	39.154639175257735	40.11340206185567	38.16494845360825	39.154639175257735	39.72164948453608	39.47422680412371	
Nodes Above Average-----------	51	51	36	50	55	61	59	62	55	59	61	60	
Nodes Below Average-----------	46	46	61	47	42	36	38	35	42	38	36	37	

Average Coverage--------------	1502.958762886598	1502.958762886598	1866.0927835051546	2129.618556701031	2214.59793814433	2299.1958762886597	2266.40206185567	2319.9484536082473	2210.041237113402	2266.40206185567	2298.958762886598	2285.463917525773	
Nodes Above Average-----------	51	51	38	50	55	61	59	62	55	59	61	60	
Nodes Below Average-----------	46	46	59	47	42	36	38	35	42	38	36	37	
Photos Above Average----------	30	30	46	49	49	50	50	50	49	50	50	50	
Photos Below Average----------	19	19	22	22	23	22	22	22	23	22	22	22	
Network Coverage--------------	35367	35367	35189	34239	34165	33964	34060	33896	34236	34060	33964	34060	

Average Redundancy------------	34.154639175257735	34.154639175257735	56.381443298969074	73.68041237113403	80.8659793814433	84.10309278350516	82.87628865979381	86.85567010309278	79.85567010309278	82.87628865979381	84.34020618556701	82.98969072164948	
Nodes Above Average-----------	43	43	35	40	41	43	43	45	40	43	43	43	
Nodes Below Average-----------	54	54	62	57	56	54	54	52	57	54	54	54	
Photos Above Average----------	27	27	42	45	47	47	47	47	46	47	47	47	
Photos Below Average----------	23	23	26	30	31	33	32	33	32	32	33	32	
Network Redundancy------------	113733	113733	151291	179481	188495	197216	193820	199564	187884	193820	197216	195680	

