Message stats for scenario Photo_5000-Scenario_5-ActualPOI_50
sim_time: 337500.0000

Photo List Size: 4971
coverageValue-----------------	356	360	310	341	360	352	360	343	360	355	360	311	351	360	360	360	349	352	278	335	360	357	360	350	360	360	356	342	326	360	332	360	258	334	355	323	349	320	304	354	360	322	360	329	305	360	357	350	293	360	323	360	330	360	355	350	360	309	360	354	355	345	329	352	360	350	350	354	353	360	360	360	342	360	340	339	357	344	360	360	289	358	360	298	360	360	360	360	360	319	338	295	350	330	360	360	360	344	359	307	
redundantCoverageValue--------	304	360	350	319	240	368	240	317	300	125	300	229	189	480	300	540	431	308	202	325	360	303	180	250	300	360	364	198	454	300	208	420	282	386	365	277	371	220	176	366	240	338	120	211	235	360	363	310	247	300	397	780	390	1020	425	730	420	291	540	546	245	615	391	488	420	550	730	426	487	540	840	720	558	720	800	321	423	556	480	540	311	602	480	482	600	600	600	660	720	821	622	185	790	630	600	600	660	556	481	353	
halfCoverageTime--------------	9594.0	9962.0	6902.0	7726.0	8252.0	8384.0	7765.0	7308.0	11380.0	10591.0	8300.0	10166.0	8353.0	9846.0	9880.0	7074.0	10116.0	9522.0	11135.0	11184.0	8441.0	11756.0	7434.0	7375.0	8088.0	7995.0	8451.0	8368.0	11160.0	7318.0	12902.0	9573.0	7190.0	10650.0	8412.0	7492.0	10264.0	12438.0	8424.0	5952.0	10366.0	11432.0	8076.0	11368.0	7529.0	9464.0	7838.0	10236.0	13960.0	10344.0	3698.0	7170.0	7423.0	7297.0	7202.0	8396.0	6165.0	9578.0	8323.0	7476.0	9104.0	7932.0	6198.0	12522.0	10800.0	7280.0	10480.0	5594.0	6126.0	7313.0	7112.0	10811.0	9868.0	9822.0	7392.0	7386.0	9817.0	3714.0	7470.0	10468.0	9553.0	9857.0	7639.0	6988.0	7286.0	6086.0	5820.0	7760.0	5643.0	7990.0	7696.0	12493.0	5599.0	6075.0	7021.0	6103.0	7402.0	8358.0	10732.0	6924.0	
numberOfPoint-----------------	1	1	1	1	1	1	1	1	1	1	1	1	1	1	1	1	1	1	1	1	1	1	1	1	1	1	1	1	1	1	1	1	1	1	1	1	1	1	1	1	1	1	1	1	1	1	1	1	1	1	2	4	3	6	3	5	2	4	4	3	2	5	3	3	3	4	4	2	3	5	4	4	4	3	4	2	3	3	5	4	3	4	5	5	4	4	3	4	3	4	5	4	5	4	4	4	3	4	5	4	
standardDeviation-------------	.0	.0	.0	.0	.0	.0	.0	.0	.0	.0	.0	.0	.0	.0	.0	.0	.0	.0	.0	.0	.0	.0	.0	.0	.0	.0	.0	.0	.0	.0	.0	.0	.0	.0	.0	.0	.0	.0	.0	.0	.0	.0	.0	.0	.0	.0	.0	.0	.0	.0	5.53	8.43	8.19	10.05	8.97	9.21	5.09	10.49	9.0	7.51	6.73	9.57	7.49	6.03	6.14	9.07	8.22	6.05	6.93	9.68	9.14	8.74	9.03	8.48	8.23	5.92	7.99	7.07	11.03	8.48	7.01	7.69	9.94	9.18	7.75	10.07	10.02	8.26	7.91	10.54	9.71	8.98	9.13	8.33	8.72	8.81	6.68	7.79	10.3	8.88	
initialCoverageValue----------	360	360	360	360	360	360	360	360	360	360	360	360	360	360	360	360	360	360	360	360	360	360	360	360	360	360	360	360	360	360	360	360	360	360	360	360	360	360	360	360	360	360	360	360	360	360	360	360	360	360	360	360	360	360	360	360	360	360	360	360	360	360	360	360	360	360	360	360	360	360	360	360	360	360	360	360	360	360	360	360	360	360	360	360	360	360	360	360	360	360	360	360	360	360	360	360	360	360	360	360	
initialRedundantCoverageValue-	1920	1860	2580	1860	1920	2220	3360	2640	2460	1680	2640	2160	1920	2340	2340	2580	2160	2280	2220	2400	2760	2100	3060	2280	2520	2760	2640	2580	2460	2880	2280	2340	2400	2520	2580	2280	2580	2220	2100	2580	3000	1800	3000	2100	2280	1680	2820	2640	1920	2700	1980	2880	2400	3840	2580	2700	2460	1380	2100	2460	2280	2520	1920	1980	1980	2340	2760	2820	2100	2400	2580	2280	3120	2280	3000	2640	1800	2580	2340	2460	1860	2340	2640	2220	3000	3000	2880	2040	2820	3060	2580	2280	2760	2100	2400	3000	2340	2280	2580	2100	
additionalPoiTime-------------	0.0
algorithmTime-----------------	1.491213559E8
Total Transferred Metadata----	15336

Photo List Size: 4971
Gained Coverage %-------------	0.9568611111111112
Gained Redundancy %-----------	0.17652901417738212
Total Cluster Created---------	50
Total Transferred Photo-------	18619
Total Photo at Destination----	1305
Coverage Group----------------	1-30	31-60	61-90	91-120	121-150	151-180	181-210	211-240	241-270	271-300	301-330	331-360	
Coverage Distribution---------	0	0	0	0	0	0	0	0	1	5	16	78	
Ratio Group-------------------	.0	.1	.2	.3	.4	.5	.6	.7	.8	.9	1.0	
Coverage Ratio----------------	0	0	0	0	0	0	0	0	2	15	83	
Redundant Ratio---------------	0	12	50	34	4	0	0	0	0	0	0	
NumberOfPoint Group-----------	0	1	2	3	4	5	6	
NumOfPoint Distribution-------	0	0	5	14	21	9	1	
SD Group----------------------	0-1	1-2	2-3	3-4	4-5	5-6	6-7	7-8	8-9	9-10	10-11	11-12	
SD Distribution---------------	50	0	0	0	0	3	6	9	15	10	6	1	
Half Coverage Group-----------	0-33750	33750-67500	67500-101250	101250-135000	135000-168750	168750-202500	202500-236250	236250-270000	270000-303750	303750-337500	337500-371250	
Half Cvg Time Distribution----	100	0	0	0	0	0	0	0	0	0	0	
Transferred Photo Group-------	0-33750	33750-67500	67500-101250	101250-135000	135000-168750	168750-202500	202500-236250	236250-270000	270000-303750	303750-337500	337500-371250	
Photo Time Distribution-------	4594	13379	7679	23	7069	541	253	983	0	0	0	

Cvg&Red Distribution----------	0.0	2.0	33750.0	67500.0	135000.0	270000.0	168750.0	337500.0	101250.0	202500.0	303750.0	236250.0	
Average PhotoNum--------------	51.24742268041237	51.24742268041237	57.88659793814433	67.87628865979381	68.6082474226804	74.27835051546391	73.15463917525773	74.04123711340206	68.63917525773196	73.15463917525773	74.27835051546391	73.15463917525773	
Nodes Above Average-----------	50	50	43	42	43	53	52	53	43	52	53	52	
Nodes Below Average-----------	47	47	54	55	54	44	45	44	54	45	44	45	

Average Coverage--------------	2928.701030927835	2928.701030927835	3287.422680412371	3796.185567010309	3818.577319587629	4101.144329896907	4042.3092783505153	4090.9896907216494	3819.494845360825	4041.556701030928	4101.144329896907	4041.5670103092784	
Nodes Above Average-----------	52	52	40	42	43	53	52	53	43	52	53	52	
Nodes Below Average-----------	45	45	57	55	54	44	45	44	54	45	44	45	
Photos Above Average----------	61	61	79	97	98	99	99	99	98	99	99	99	
Photos Below Average----------	39	39	43	45	44	43	43	43	44	43	43	43	
Network Coverage--------------	36000	36000	36000	36000	36000	36000	36000	36000	36000	36000	36000	36000	

Average Redundancy------------	146.1443298969072	146.1443298969072	185.77319587628867	276.3917525773196	297.91752577319585	355.55670103092785	346.96907216494844	351.4845360824742	298.8556701030928	347.7216494845361	355.55670103092785	347.7113402061856	
Nodes Above Average-----------	45	45	38	44	45	50	48	49	45	50	50	50	
Nodes Below Average-----------	52	52	59	53	52	47	49	48	52	47	47	47	
Photos Above Average----------	59	59	76	94	95	98	98	98	95	98	98	98	
Photos Below Average----------	43	43	46	45	44	48	47	49	45	45	48	45	
Network Redundancy------------	262260	262260	300900	359040	363300	396300	389760	394920	363480	389760	396300	389760	

