Message stats for scenario Photo_5000-Scenario_4-ActualPOI_50
sim_time: 337500.0000

Photo List Size: 4971
coverageValue-----------------	350	360	360	359	360	334	360	360	330	335	348	315	360	349	334	359	360	334	360	360	340	343	350	354	360	360	354	360	279	360	329	337	303	359	343	331	360	360	308	360	271	350	349	336	360	337	360	340	360	328	352	360	357	322	360	332	360	347	339	322	360	314	342	360	333	360	310	330	360	348	346	325	352	347	354	341	360	350	360	349	360	331	342	360	360	328	351	335	360	359	327	311	360	351	317	355	342	354	351	356	
redundantCoverageValue--------	430	420	480	301	360	266	360	480	450	445	192	465	300	191	326	241	240	386	360	540	200	377	250	306	180	180	306	300	201	300	331	263	237	421	377	389	360	300	232	180	209	190	251	264	300	203	240	200	360	392	368	600	603	338	480	808	840	613	561	818	420	286	678	780	627	960	710	450	540	732	494	575	788	373	426	499	900	670	720	431	540	509	438	1080	900	392	549	505	840	661	573	589	660	429	463	605	678	426	309	604	
halfCoverageTime--------------	6086.0	10206.0	8424.0	10491.0	7058.0	10416.0	9494.0	10218.0	8066.0	7962.0	7330.0	9512.0	10986.0	8270.0	7650.0	8107.0	10155.0	8049.0	7241.0	10212.0	9880.0	7850.0	9134.0	9628.0	7644.0	9675.0	7956.0	8338.0	9470.0	11332.0	11437.0	6880.0	10462.0	7938.0	9680.0	12813.0	6960.0	9972.0	7985.0	11740.0	11420.0	9594.0	7218.0	7514.0	7297.0	9908.0	10744.0	9612.0	10428.0	8044.0	12902.0	7855.0	7920.0	7359.0	5814.0	9548.0	6037.0	7838.0	7950.0	7860.0	10076.0	11010.0	11448.0	7492.0	5942.0	5820.0	8402.0	8010.0	10092.0	11756.0	6955.0	7118.0	9076.0	7016.0	8396.0	9914.0	5604.0	7074.0	6120.0	7165.0	8353.0	8016.0	7212.0	5884.0	8456.0	8358.0	7865.0	7084.0	7534.0	5985.0	9170.0	8060.0	3612.0	6151.0	7375.0	5964.0	7914.0	9846.0	3747.0	10274.0	
numberOfPoint-----------------	1	1	1	1	1	1	1	1	1	1	1	1	1	1	1	1	1	1	1	1	1	1	1	1	1	1	1	1	1	1	1	1	1	1	1	1	1	1	1	1	1	1	1	1	1	1	1	1	1	1	3	4	4	3	3	5	6	5	3	2	3	3	4	4	4	5	5	3	5	5	4	4	4	4	4	3	4	3	4	4	4	2	4	5	4	4	3	6	4	3	2	2	5	5	3	4	3	4	2	4	
standardDeviation-------------	.0	.0	.0	.0	.0	.0	.0	.0	.0	.0	.0	.0	.0	.0	.0	.0	.0	.0	.0	.0	.0	.0	.0	.0	.0	.0	.0	.0	.0	.0	.0	.0	.0	.0	.0	.0	.0	.0	.0	.0	.0	.0	.0	.0	.0	.0	.0	.0	.0	.0	8.21	7.04	7.38	9.22	6.09	9.53	12.03	9.41	8.12	4.68	7.43	9.46	8.24	8.66	8.09	10.29	10.17	7.34	9.08	10.33	8.83	7.92	8.57	10.0	9.86	9.39	9.55	8.72	8.7	9.34	8.87	4.81	8.52	8.78	7.15	9.9	7.48	10.61	9.05	9.82	5.58	6.98	9.86	9.84	6.7	9.13	5.95	7.76	4.9	10.22	
initialCoverageValue----------	360	360	360	360	360	360	360	360	360	360	360	360	360	349	360	360	360	360	360	360	360	360	360	360	360	360	360	360	349	360	360	360	360	360	360	360	360	360	360	360	360	360	360	360	360	360	360	360	360	360	360	360	360	360	360	360	360	360	360	360	360	358	360	360	360	360	360	360	360	360	360	360	360	360	360	360	360	360	360	360	360	360	360	360	360	360	360	360	360	360	360	360	360	360	360	360	360	360	360	360	
initialRedundantCoverageValue-	2220	2400	3180	2460	2580	2520	2700	2820	1920	2460	2340	2340	2700	1451	2520	2700	3240	3360	2460	2640	1860	2820	2340	2460	3000	2580	2580	2520	1811	2220	1980	2760	2340	2400	2460	2460	3180	2040	1800	2100	3240	2160	2280	2220	2340	2220	2160	2160	2100	1920	1980	3360	2460	1920	2520	3180	2640	2580	2700	2940	2100	2102	1740	2520	2160	2820	2040	2340	2040	2100	2640	2760	2880	2580	1980	2700	3000	2220	2820	1980	2700	2520	2460	3480	2640	2040	2220	2460	3120	2760	1920	2580	2400	2280	2340	2520	2160	2460	2280	2460	
additionalPoiTime-------------	8.19941256E7
algorithmTime-----------------	1.569838063E8
Total Transferred Metadata----	15326

Photo List Size: 4971
Gained Coverage %-------------	0.9586946853457861
Gained Redundancy %-----------	0.18508999526770126
Total Cluster Created---------	50
Total Transferred Photo-------	18375
Total Photo at Destination----	1344
Coverage Group----------------	1-30	31-60	61-90	91-120	121-150	151-180	181-210	211-240	241-270	271-300	301-330	331-360	
Coverage Distribution---------	0	0	0	0	0	0	0	0	0	2	16	82	
Ratio Group-------------------	.0	.1	.2	.3	.4	.5	.6	.7	.8	.9	1.0	
Coverage Ratio----------------	0	0	0	0	0	0	0	0	2	9	89	
Redundant Ratio---------------	0	11	53	26	10	0	0	0	0	0	0	
NumberOfPoint Group-----------	0	1	2	3	4	5	6	
NumOfPoint Distribution-------	0	0	5	13	21	9	2	
SD Group----------------------	0-1	1-2	2-3	3-4	4-5	5-6	6-7	7-8	8-9	9-10	10-11	11-12	12-13	
SD Distribution---------------	50	0	0	0	3	2	3	8	12	15	6	0	1	
Half Coverage Group-----------	0-33750	33750-67500	67500-101250	101250-135000	135000-168750	168750-202500	202500-236250	236250-270000	270000-303750	303750-337500	337500-371250	
Half Cvg Time Distribution----	100	0	0	0	0	0	0	0	0	0	0	
Transferred Photo Group-------	0-33750	33750-67500	67500-101250	101250-135000	135000-168750	168750-202500	202500-236250	236250-270000	270000-303750	303750-337500	337500-371250	
Photo Time Distribution-------	4802	13842	8262	22	6945	544	245	994	0	0	0	

Cvg&Red Distribution----------	0.0	2.0	33750.0	67500.0	135000.0	270000.0	168750.0	337500.0	101250.0	202500.0	303750.0	236250.0	
Average PhotoNum--------------	51.24742268041237	51.24742268041237	57.44329896907217	67.54639175257732	68.70103092783505	74.36082474226804	73.29896907216495	74.10309278350516	68.71134020618557	73.29896907216495	74.36082474226804	73.29896907216495	
Nodes Above Average-----------	50	50	42	42	44	53	52	53	44	52	53	52	
Nodes Below Average-----------	47	47	55	55	53	44	45	44	53	45	44	45	

Average Coverage--------------	2931.041237113402	2931.041237113402	3255.721649484536	3787.0309278350514	3840.6288659793813	4118.835051546392	4073.103092783505	4107.19587628866	3840.639175257732	4071.226804123711	4118.835051546392	4071.639175257732	
Nodes Above Average-----------	52	52	41	41	43	53	52	53	43	52	53	52	
Nodes Below Average-----------	45	45	56	56	54	44	45	44	54	45	44	45	
Photos Above Average----------	61	61	77	98	98	99	99	99	98	99	99	99	
Photos Below Average----------	39	39	42	45	44	44	43	43	44	43	44	43	
Network Coverage--------------	35976	35976	35976	35966	35966	35966	35966	35966	35966	35966	35966	35966	

Average Redundancy------------	143.8041237113402	143.8041237113402	190.8762886597938	265.7525773195876	281.4329896907216	342.8144329896907	324.83505154639175	338.9896907216495	282.0412371134021	326.7113402061856	342.8144329896907	326.29896907216494	
Nodes Above Average-----------	44	44	34	41	42	49	49	49	42	49	49	49	
Nodes Below Average-----------	53	53	63	56	55	48	48	48	55	48	48	48	
Photos Above Average----------	60	60	80	95	96	98	99	98	96	99	98	99	
Photos Below Average----------	43	43	45	47	47	49	47	49	47	47	49	47	
Network Redundancy------------	262284	262284	298344	357154	363874	396814	390634	395314	363934	390634	396814	390634	

