Message stats for scenario Photo_10000-Scenario_7-ActualPOI_50
sim_time: 337500.0000

Photo List Size: 9942
coverageValue-----------------	342	360	360	349	308	343	290	202	352	300	322	313	360	333	360	360	279	360	265	357	300	243	331	359	334	342	302	327	350	327	353	360	360	312	120	341	335	360	324	323	333	291	312	321	342	360	341	341	310	331	360	360	343	347	351	360	325	319	325	335	350	338	307	325	342	330	322	354	360	344	340	349	351	353	356	354	360	360	342	275	334	294	348	310	360	328	316	356	357	360	312	360	340	328	360	360	360	360	360	360	
redundantCoverageValue--------	558	480	600	671	292	437	310	278	1208	420	338	527	660	507	660	900	261	660	335	483	420	237	689	1141	806	498	538	453	430	513	547	720	960	168	0	679	445	660	576	457	807	309	468	459	738	600	259	319	230	569	900	960	557	613	429	420	395	221	635	925	790	622	533	635	498	330	278	306	720	556	440	911	609	727	664	726	900	840	438	685	686	546	612	230	1260	452	524	604	843	1020	468	1260	500	272	900	900	540	660	840	780	
halfCoverageTime--------------	7297.0	7738.0	9972.0	11124.0	7639.0	8078.0	12616.0	245248.0	7330.0	11756.0	13079.0	8126.0	9940.0	7810.0	8441.0	7798.0	8333.0	8436.0	10588.0	14192.0	11106.0	11705.0	9532.0	8396.0	7886.0	7458.0	10364.0	13102.0	12984.0	5674.0	7492.0	7074.0	8084.0	17462.0	.0	6955.0	13814.0	6896.0	9517.0	7985.0	8424.0	9924.0	10054.0	10358.0	6945.0	7016.0	12733.0	12824.0	10766.0	9578.0	6862.0	7938.0	8054.0	7402.0	10033.0	5970.0	10258.0	11762.0	5809.0	6935.0	7224.0	8328.0	13108.0	8154.0	7476.0	11604.0	15472.0	10450.0	7142.0	6994.0	9563.0	6165.0	5616.0	5905.0	7897.0	7865.0	6810.0	9098.0	6983.0	9494.0	9110.0	7804.0	7732.0	8467.0	6027.0	8016.0	6047.0	6886.0	5838.0	6176.0	9935.0	5566.0	8451.0	5788.0	7792.0	7380.0	9908.0	10412.0	6080.0	6146.0	
numberOfPoint-----------------	1	1	1	1	1	1	1	1	1	1	1	1	1	1	1	1	1	1	1	1	1	1	1	1	1	1	1	1	1	1	1	1	1	1	1	1	1	1	1	1	1	1	1	1	1	1	1	1	1	1	5	6	5	5	4	4	5	5	3	5	5	5	4	4	5	4	4	6	5	6	4	4	3	6	5	4	5	5	4	4	4	5	4	5	4	4	5	4	5	6	4	5	4	3	5	5	5	5	5	4	
standardDeviation-------------	.0	.0	.0	.0	.0	.0	.0	.0	.0	.0	.0	.0	.0	.0	.0	.0	.0	.0	.0	.0	.0	.0	.0	.0	.0	.0	.0	.0	.0	.0	.0	.0	.0	.0	.0	.0	.0	.0	.0	.0	.0	.0	.0	.0	.0	.0	.0	.0	.0	.0	8.94	10.43	9.88	10.09	9.53	9.1	10.04	8.66	9.96	8.93	8.95	8.89	9.25	8.18	9.18	8.23	8.41	9.48	8.96	9.63	9.03	7.01	8.85	8.86	8.96	8.0	9.03	10.26	9.92	8.01	9.42	9.95	8.36	10.14	9.02	8.33	9.28	9.03	9.9	10.45	7.95	9.38	7.72	8.55	9.32	9.54	10.06	8.45	10.43	10.21	
initialCoverageValue----------	360	360	360	360	360	360	360	360	360	360	360	360	360	360	360	360	360	360	360	360	360	360	360	360	360	360	360	360	360	360	360	360	360	360	360	360	360	360	360	360	360	360	360	360	360	360	360	360	360	360	360	360	360	360	360	360	360	360	360	360	360	360	360	360	360	360	360	360	360	360	360	360	360	360	360	360	360	360	360	360	360	360	360	360	360	360	360	360	360	360	360	360	360	360	360	360	360	360	360	360	
initialRedundantCoverageValue-	4860	4440	5460	4980	4560	5100	4320	3840	5820	4140	5400	4620	4680	4860	4800	5460	4860	4200	5340	4860	6180	4080	4560	4620	4740	5400	5100	4500	4380	4560	4500	5400	5880	3720	4200	5760	4680	4560	5220	4260	4620	6240	4920	5220	5580	5100	4620	5040	4620	5040	5460	4740	4380	4260	4260	4740	5160	4860	4020	4860	4380	6240	4080	5340	4260	4320	4860	4980	4380	4980	5220	5160	4080	4980	4920	4680	5340	5040	4500	5160	5700	4140	5160	4980	4980	4440	4200	4440	4800	4500	4800	4740	5400	4560	4920	5100	4020	5100	5280	5160	
additionalPoiTime-------------	6.07935897E8
algorithmTime-----------------	7.36792723E8
Total Transferred Metadata----	15318

Photo List Size: 9942
Gained Coverage %-------------	0.925
Gained Redundancy %-----------	0.12075378130424003
Total Cluster Created---------	52
Total Transferred Photo-------	20380
Total Photo at Destination----	1566
Coverage Group----------------	1-30	31-60	61-90	91-120	121-150	151-180	181-210	211-240	241-270	271-300	301-330	331-360	
Coverage Distribution---------	0	0	0	1	0	0	1	0	2	7	24	65	
Ratio Group-------------------	.0	.1	.2	.3	.4	.5	.6	.7	.8	.9	1.0	
Coverage Ratio----------------	0	0	0	0	1	0	1	1	3	21	73	
Redundant Ratio---------------	1	33	60	6	0	0	0	0	0	0	0	
NumberOfPoint Group-----------	0	1	2	3	4	5	6	
NumOfPoint Distribution-------	0	0	0	3	19	23	5	
SD Group----------------------	0-1	1-2	2-3	3-4	4-5	5-6	6-7	7-8	8-9	9-10	10-11	
SD Distribution---------------	50	0	0	0	0	0	0	4	17	20	9	
Half Coverage Group-----------	0-33750	33750-67500	67500-101250	101250-135000	135000-168750	168750-202500	202500-236250	236250-270000	270000-303750	303750-337500	337500-371250	
Half Cvg Time Distribution----	98	0	0	0	0	0	0	1	0	0	0	
Transferred Photo Group-------	0-33750	33750-67500	67500-101250	101250-135000	135000-168750	168750-202500	202500-236250	236250-270000	270000-303750	303750-337500	337500-371250	
Photo Time Distribution-------	10715	30907	17939	56	15066	1248	701	2502	0	0	0	

Cvg&Red Distribution----------	0.0	2.0	33750.0	67500.0	135000.0	270000.0	168750.0	337500.0	101250.0	202500.0	303750.0	236250.0	
Average PhotoNum--------------	102.49484536082474	102.49484536082474	114.1340206185567	133.89690721649484	137.2164948453608	148.2164948453608	146.04123711340208	148.1340206185567	137.24742268041237	146.1340206185567	148.2164948453608	146.03092783505156	
Nodes Above Average-----------	50	50	41	41	43	53	51	53	43	51	53	51	
Nodes Below Average-----------	47	47	56	56	54	44	46	44	54	46	44	46	

Average Coverage--------------	5625.422680412371	5625.422680412371	6167.268041237114	7072.5360824742265	7231.680412371134	7738.618556701031	7637.690721649485	7734.855670103093	7232.917525773196	7642.432989690722	7738.618556701031	7636.742268041237	
Nodes Above Average-----------	49	49	44	41	43	54	52	54	43	52	54	52	
Nodes Below Average-----------	48	48	53	56	54	43	45	43	54	45	43	45	
Photos Above Average----------	124	124	149	192	196	196	196	196	196	197	196	196	
Photos Below Average----------	80	80	84	91	90	87	87	87	90	87	87	87	
Network Coverage--------------	36000	36000	36000	36000	36000	36000	36000	36000	36000	36000	36000	36000	

Average Redundancy------------	524.2680412371134	524.2680412371134	680.7731958762887	961.2783505154639	1001.3092783505155	1154.3711340206185	1124.7835051546392	1153.1855670103093	1001.9278350515464	1125.6082474226805	1154.3711340206185	1125.1134020618556	
Nodes Above Average-----------	49	49	34	39	42	53	51	53	42	51	53	51	
Nodes Below Average-----------	48	48	63	58	55	44	46	44	55	46	44	46	
Photos Above Average----------	119	119	157	194	197	197	197	196	197	198	197	197	
Photos Below Average----------	84	84	90	93	91	89	88	89	91	88	89	88	
Network Redundancy------------	560520	560520	628260	743280	762600	826620	813960	826140	762780	814500	826620	813900	

