Message stats for scenario Photo_1250-Scenario_8-ActualPOI_50
sim_time: 337500.0000

Photo List Size: 749
coverageValue-----------------	218	301	331	241	290	340	291	292	203	300	228	60	141	273	360	291	250	216	243	186	346	359	280	154	218	299	332	282	303	219	252	360	249	341	360	314	251	341	216	307	213	326	356	309	326	236	314	240	278	345	187	189	287	240	148	263	165	240	257	237	258	258	60	241	282	104	251	242	60	269	212	193	178	210	324	258	338	197	272	298	256	212	127	146	264	201	60	226	274	346	193	260	291	253	155	180	202	232	210	231	
redundantCoverageValue--------	202	359	209	239	310	380	429	128	157	300	252	0	39	327	540	249	230	204	117	54	194	661	380	86	142	301	148	138	357	201	228	360	171	439	540	286	229	319	324	233	147	274	484	51	394	184	106	240	202	495	53	51	313	0	32	337	15	0	103	63	222	222	0	179	138	16	169	178	0	91	148	107	122	90	156	222	202	103	328	182	164	208	53	214	156	39	0	134	326	314	47	160	189	227	25	0	278	188	150	69	
halfCoverageTime--------------	10580.0	5816.0	10795.0	9170.0	12493.0	8038.0	12466.0	7672.0	10152.0	5706.0	9962.0	.0	.0	5684.0	7302.0	6820.0	12611.0	10158.0	7056.0	245198.0	5746.0	6830.0	7160.0	.0	11094.0	10586.0	7246.0	10236.0	11088.0	11212.0	10274.0	6787.0	8022.0	7262.0	7292.0	7280.0	8049.0	9919.0	12550.0	9470.0	22060.0	10601.0	7202.0	9950.0	12510.0	9930.0	10064.0	14008.0	10269.0	6902.0	87079.0	25150.0	6945.0	12522.0	.0	11190.0	.0	10790.0	13932.0	10700.0	13808.0	9488.0	.0	11150.0	11160.0	.0	12544.0	12621.0	.0	12606.0	13944.0	245192.0	.0	84980.0	10280.0	8072.0	9871.0	10843.0	9158.0	9517.0	17302.0	13950.0	.0	.0	7726.0	245142.0	.0	11610.0	10806.0	10038.0	22114.0	10827.0	10650.0	12456.0	.0	17462.0	9134.0	16890.0	16884.0	9876.0	
numberOfPoint-----------------	1	1	1	1	1	1	1	1	1	1	1	1	1	1	1	1	1	1	1	1	1	1	1	1	1	1	1	1	1	1	1	1	1	1	1	1	1	1	1	1	1	1	1	1	1	1	1	1	1	1	1	2	3	2	1	2	1	1	2	2	3	1	1	2	2	1	2	2	1	1	1	1	1	2	3	3	1	1	2	1	1	2	1	1	2	1	1	2	1	4	1	1	2	2	1	2	2	2	1	1	
standardDeviation-------------	.0	.0	.0	.0	.0	.0	.0	.0	.0	.0	.0	.0	.0	.0	.0	.0	.0	.0	.0	.0	.0	.0	.0	.0	.0	.0	.0	.0	.0	.0	.0	.0	.0	.0	.0	.0	.0	.0	.0	.0	.0	.0	.0	.0	.0	.0	.0	.0	.0	.0	.94	6.44	8.88	6.45	3.75	5.98	6.17	5.87	7.35	7.46	6.57	.85	15.07	11.08	6.09	5.89	9.64	8.76	8.38	4.15	.22	1.14	.58	4.35	10.24	8.24	7.27	2.87	5.8	.8	3.26	5.8	7.51	2.91	10.1	5.06	2.22	7.6	1.17	8.92	6.11	1.04	9.2	5.92	2.33	10.59	5.74	6.01	3.2	2.19	
initialCoverageValue----------	251	360	360	360	359	355	300	317	274	300	279	238	190	320	360	314	336	348	283	276	346	360	285	154	312	322	336	353	303	230	287	360	266	341	360	314	264	360	224	351	320	333	360	340	340	236	318	357	340	360	349	332	320	307	165	331	345	320	290	351	316	274	230	315	328	299	349	324	221	348	212	302	360	324	329	360	348	274	283	360	340	311	239	187	346	257	238	316	320	346	336	339	321	321	347	356	274	339	344	360	
initialRedundantCoverageValue-	349	660	660	480	541	485	540	343	266	540	381	62	110	340	660	346	444	492	377	144	374	960	555	86	348	398	324	367	357	430	373	480	274	739	660	466	336	720	496	369	400	507	660	80	440	364	222	483	260	840	491	148	640	353	315	929	375	340	190	549	584	506	70	345	392	181	611	396	79	372	208	418	660	456	451	660	372	326	797	840	500	529	121	473	674	43	182	344	460	494	384	441	399	639	253	424	386	501	436	600	
additionalPoiTime-------------	358802.3
algorithmTime-----------------	2.8060773345908E10
Total Transferred Metadata----	7938

Photo List Size: 749
Gained Coverage %-------------	0.7976217258556966
Gained Redundancy %-----------	0.4617821782178218
Total Cluster Created---------	0
Total Transferred Photo-------	86365
Total Photo at Destination----	749
Coverage Group----------------	1-30	31-60	61-90	91-120	121-150	151-180	181-210	211-240	241-270	271-300	301-330	331-360	
Coverage Distribution---------	0	4	0	1	4	5	11	17	19	16	9	14	
Ratio Group-------------------	.0	.1	.2	.3	.4	.5	.6	.7	.8	.9	1.0	
Coverage Ratio----------------	0	0	0	4	1	3	5	13	21	16	37	
Redundant Ratio---------------	7	3	7	5	21	15	14	11	10	3	4	
NumberOfPoint Group-----------	0	1	2	3	4	
NumOfPoint Distribution-------	0	26	19	4	1	
SD Group----------------------	0-1	1-2	2-3	3-4	4-5	5-6	6-7	7-8	8-9	9-10	10-11	11-12	12-13	13-14	14-15	15-16	
SD Distribution---------------	55	3	5	3	2	8	7	5	5	2	3	1	0	0	0	1	
Half Coverage Group-----------	0-33750	33750-67500	67500-101250	101250-135000	135000-168750	168750-202500	202500-236250	236250-270000	270000-303750	303750-337500	337500-371250	
Half Cvg Time Distribution----	82	0	2	0	0	0	0	3	0	0	0	
Transferred Photo Group-------	0-33750	33750-67500	67500-101250	101250-135000	135000-168750	168750-202500	202500-236250	236250-270000	270000-303750	303750-337500	337500-371250	
Photo Time Distribution-------	32713	31302	12004	1067	21125	1608	3270	2372	239	1460	0	

Cvg&Red Distribution----------	0.0	2.0	33750.0	67500.0	135000.0	270000.0	168750.0	337500.0	101250.0	202500.0	303750.0	236250.0	
Average PhotoNum--------------	12.804123711340207	12.804123711340207	24.02061855670103	25.0	25.0	25.0	25.0	25.0	25.0	25.0	25.0	25.0	
Nodes Above Average-----------	54	54	90	0	0	0	0	0	0	0	0	0	
Nodes Below Average-----------	43	43	7	97	97	97	97	97	97	97	97	97	

Average Coverage--------------	759.1855670103092	759.1855670103092	1406.3917525773195	1459.6082474226805	1471.1443298969073	1462.278350515464	1463.979381443299	1456.2164948453608	1468.7835051546392	1461.958762886598	1462.381443298969	1460.7731958762886	
Nodes Above Average-----------	53	53	81	53	60	51	50	53	60	49	53	54	
Nodes Below Average-----------	44	44	16	44	37	46	47	44	37	48	44	43	
Photos Above Average----------	15	15	25	25	25	25	25	25	25	25	25	25	
Photos Below Average----------	10	10	19	25	25	25	25	25	25	25	25	25	
Network Coverage--------------	30981	30981	30981	30981	30981	30981	30981	30981	30981	30981	30981	30981	

Average Redundancy------------	9.061855670103093	9.061855670103093	34.845360824742265	40.391752577319586	28.855670103092784	37.72164948453608	36.02061855670103	43.78350515463917	31.216494845360824	38.04123711340206	37.618556701030926	39.22680412371134	
Nodes Above Average-----------	22	22	44	44	37	46	47	44	37	48	44	43	
Nodes Below Average-----------	75	75	53	53	60	51	50	53	60	49	53	54	
Photos Above Average----------	14	14	24	25	25	25	25	25	25	25	25	25	
Photos Below Average----------	12	12	23	25	25	25	25	25	25	25	25	25	
Network Redundancy------------	43539	43539	108819	114519	114519	114519	114519	114519	114519	114519	114519	114519	

