Message stats for scenario Photo_250-Scenario_5
sim_time: 10000.0000

Photo List Size: 237
coverageValue-----------------	155	180	155	188	251	216	136	120	312	232	180	98	280	246	180	275	158	278	171	284	151	216	148	265	180	240	201	275	186	271	246	218	120	159	227	164	189	204	140	235	193	244	120	213	90	60	120	120	238	275	
redundantCoverageValue--------	25	0	85	52	49	84	44	0	228	68	0	22	260	54	0	25	22	322	69	136	29	144	32	95	0	0	219	385	234	269	54	142	0	21	73	76	51	36	100	185	47	56	0	27	30	0	0	0	182	325	
halfCoverageTime--------------	.0	5348.6	.0	5114.5	5864.3	2307.6	.0	.0	2217.0	3124.0	5877.6	.0	2430.8	2390.4	5445.8	771.2	.0	1370.1	.0	2760.2	.0	5875.5	.0	2950.4	8829.8	5867.3	2682.5	4098.0	9889.5	1991.1	3469.2	3331.7	.0	.0	5743.3	.0	2743.0	4022.2	.0	1585.3	6155.5	2556.1	.0	8886.1	.0	.0	.0	.0	8875.2	1722.5	
numberOfPoint-----------------	1	2	2	1	1	2	2	2	2	1	2	1	3	2	1	1	2	2	1	1	1	2	1	1	1	1	1	3	2	1	2	2	1	1	2	1	2	1	3	1	2	2	1	2	1	1	1	1	2	3	
standardDeviation-------------	2.1	3.3	4.84	3.19	.41	3.16	3.67	4.83	3.16	.22	4.7	2.4	3.91	2.17	2.14	2.1	3.66	4.89	1.63	.78	5.02	3.04	3.76	1.58	2.25	2.62	.28	5.52	2.79	1.48	2.87	2.35	3.42	1.66	3.43	2.88	4.19	1.22	4.87	1.68	2.87	4.47	3.34	3.9	3.42	1.62	1.36	1.84	2.54	3.09	
initialCoverageValue----------	155	180	155	242	266	216	136	120	317	235	180	98	280	246	180	275	158	304	171	284	189	216	148	265	233	240	201	275	201	271	303	218	120	159	248	164	189	204	140	235	193	244	120	213	90	60	120	124	238	275	
initialRedundantCoverageValue-	25	0	145	58	94	84	44	0	283	185	0	22	260	54	0	25	22	356	69	136	51	144	32	95	7	0	219	385	279	269	57	142	0	21	112	76	51	36	100	185	47	56	0	27	30	0	0	56	182	325	
additionalPoiTime-------------	0.0

Photo List Size: 237
Gained Coverage %-------------	0.9711709926689123
Gained Redundancy %-----------	0.8990920346677672
Total Cluster Created---------	0
Total Transferred Photo-------	6946
Coverage Group----------------	1-30	31-60	61-90	91-120	121-150	151-180	181-210	211-240	241-270	271-300	301-330	331-360	
Coverage Distribution---------	0	1	1	6	3	11	6	9	5	7	1	0	
Ratio Group-------------------	.0	.1	.2	.3	.4	.5	.6	.7	.8	.9	1.0	
Coverage Ratio----------------	0	0	0	0	0	0	0	0	3	1	46	
Redundant Ratio---------------	2	0	0	0	1	0	3	1	0	3	31	
NumberOfPoint Group-----------	0	1	2	3	
NumOfPoint Distribution-------	0	26	20	4	
SD Group----------------------	0-1	1-2	2-3	3-4	4-5	5-6	
SD Distribution---------------	4	9	13	15	7	2	
Half Coverage Group-----------	0-1000	1000-2000	2000-3000	3000-4000	4000-5000	5000-6000	6000-7000	7000-8000	8000-9000	9000-10000	
Half Cvg Time Distribution----	1	4	9	3	2	8	1	0	3	1	
Transferred Photo Group-------	0-1000	1000-2000	2000-3000	3000-4000	4000-5000	5000-6000	6000-7000	7000-8000	8000-9000	9000-10000	
Photo Time Distribution-------	112	336	516	500	786	911	932	1034	960	824	

