Message stats for scenario Photo_1000-Scenario_1
sim_time: 10000.0000

Photo List Size: 1000
coverageValue-----------------	142	285	343	332	100	309	230	283	318	206	250	289	291	282	270	286	143	305	269	338	132	218	288	360	282	196	309	195	316	333	337	253	207	294	123	246	358	183	191	314	308	359	208	205	222	356	333	355	270	112	
redundantCoverageValue--------	218	75	377	148	20	171	70	197	102	154	170	131	249	258	270	194	97	415	151	202	48	202	252	300	318	224	291	165	344	207	383	107	93	186	57	54	482	117	109	286	352	241	92	155	138	364	147	305	270	188	
halfCoverageTime--------------	.0	5856.4	485.5	4367.7	.0	2084.1	4227.2	4828.4	2758.1	5877.6	5116.6	3121.9	4022.2	2756.0	954.9	5552.3	.0	1991.1	4425.4	4358.2	.0	5077.7	1290.5	2758.3	1653.4	5348.6	5333.8	4491.2	1570.5	3124.0	1370.1	4102.2	4900.0	2082.0	.0	5505.5	2276.9	3577.8	5864.3	3914.6	3144.7	2183.8	2419.0	5445.8	3759.1	1981.0	4360.3	4740.8	4653.5	.0	
numberOfPoint-----------------	1	1	1	1	1	1	1	1	1	1	1	1	1	1	1	1	1	1	1	1	1	1	1	1	1	1	1	1	1	1	1	1	1	1	1	1	1	1	1	1	1	1	1	1	1	1	1	1	1	1	
standardDeviation-------------	.0	.0	.0	.0	.0	.0	.0	.0	.0	.0	.0	.0	.0	.0	.0	.0	.0	.0	.0	.0	.0	.0	.0	.0	.0	.0	.0	.0	.0	.0	.0	.0	.0	.0	.0	.0	.0	.0	.0	.0	.0	.0	.0	.0	.0	.0	.0	.0	.0	.0	
initialCoverageValue----------	338	337	343	360	358	353	360	351	360	337	320	360	360	350	340	349	334	357	342	350	360	360	306	360	316	360	355	360	330	345	360	360	360	348	320	351	360	360	289	360	342	360	308	333	353	360	359	360	338	321	
initialRedundantCoverageValue-	922	983	1037	720	782	667	660	1089	780	443	820	660	780	790	980	671	926	903	858	790	600	720	534	960	824	1080	1085	900	930	675	1080	1200	1020	732	640	609	1320	600	371	720	1038	900	532	627	787	1440	661	900	1222	399	
additionalPoiTime-------------	0.0

Photo List Size: 1000
Gained Coverage %-------------	0.7586206896551724
Gained Redundancy %-----------	0.24526796722024802
Total Cluster Created---------	0
Total Transferred Photo-------	60709
Coverage Group----------------	1-30	31-60	61-90	91-120	121-150	151-180	181-210	211-240	241-270	271-300	301-330	331-360	
Coverage Distribution---------	0	0	0	2	4	0	8	3	6	9	7	11	
Ratio Group-------------------	.0	.1	.2	.3	.4	.5	.6	.7	.8	.9	1.0	
Coverage Ratio----------------	0	0	0	1	3	2	4	7	6	13	14	
Redundant Ratio---------------	0	7	10	17	13	3	0	0	0	0	0	
NumberOfPoint Group-----------	0	1	
NumOfPoint Distribution-------	0	0	
SD Group----------------------	
SD Distribution---------------	
Half Coverage Group-----------	0-1000	1000-2000	2000-3000	3000-4000	4000-5000	5000-6000	6000-7000	7000-8000	8000-9000	9000-10000	
Half Cvg Time Distribution----	2	6	8	6	12	10	0	0	0	0	
Transferred Photo Group-------	0-1000	1000-2000	2000-3000	3000-4000	4000-5000	5000-6000	6000-7000	7000-8000	8000-9000	9000-10000	
Photo Time Distribution-------	2845	6398	7660	6571	8235	7041	5699	5817	4909	4645	

