Message stats for scenario Photo_250-Scenario_4
sim_time: 10000.0000

Photo List Size: 250
coverageValue-----------------	120	219	168	232	189	171	194	226	145	180	249	161	165	200	147	193	262	253	215	317	244	60	225	220	279	180	147	170	101	237	190	168	60	202	215	60	60	221	180	167	240	120	238	244	120	228	180	73	220	162	
redundantCoverageValue--------	0	81	192	8	51	9	166	194	35	0	51	19	15	40	33	107	158	47	145	163	56	0	75	20	21	0	33	10	79	123	110	12	0	38	145	0	0	19	0	13	60	0	62	116	0	132	0	47	80	78	
halfCoverageTime--------------	.0	5589.7	.0	4425.4	4103.6	.0	3169.0	5865.0	.0	6341.0	2419.0	.0	.0	5505.7	.0	3814.8	3166.9	2756.0	5773.8	1047.5	2357.2	.0	3266.7	4740.8	3306.3	5862.2	.0	.0	.0	2299.2	2328.3	.0	.0	3335.6	4657.0	.0	.0	4100.1	5333.8	.0	5879.0	.0	4000.4	4814.0	.0	9278.2	2330.4	.0	2950.4	.0	
numberOfPoint-----------------	1	1	1	1	1	1	1	1	1	1	1	1	1	1	1	1	1	1	1	1	1	1	1	1	1	1	1	1	1	1	1	1	1	1	1	1	1	1	1	1	1	1	1	1	1	1	1	1	1	1	
standardDeviation-------------	.0	.0	.0	.0	.0	.0	.0	.0	.0	.0	.0	.0	.0	.0	.0	.0	.0	.0	.0	.0	.0	.0	.0	.0	.0	.0	.0	.0	.0	.0	.0	.0	.0	.0	.0	.0	.0	.0	.0	.0	.0	.0	.0	.0	.0	.0	.0	.0	.0	.0	
initialCoverageValue----------	169	242	168	285	189	171	194	244	145	180	249	214	225	200	148	193	284	253	215	317	297	83	233	220	305	180	147	170	101	295	233	168	60	248	256	60	60	221	189	167	240	250	242	295	120	228	180	73	220	162	
initialRedundantCoverageValue-	11	118	252	195	51	9	166	356	95	0	51	146	75	40	92	107	196	47	145	163	123	157	127	140	175	0	33	10	79	305	247	12	0	52	164	0	0	79	51	13	60	110	178	185	0	132	0	47	80	78	
additionalPoiTime-------------	0.0

Photo List Size: 250
Gained Coverage %-------------	0.9228073688426112
Gained Redundancy %-----------	0.5741114701130856
Total Cluster Created---------	0
Total Transferred Photo-------	502
Coverage Group----------------	1-30	31-60	61-90	91-120	121-150	151-180	181-210	211-240	241-270	271-300	301-330	331-360	
Coverage Distribution---------	0	4	1	4	3	12	6	13	5	1	1	0	
Ratio Group-------------------	.0	.1	.2	.3	.4	.5	.6	.7	.8	.9	1.0	
Coverage Ratio----------------	0	0	0	0	0	1	0	0	4	7	38	
Redundant Ratio---------------	4	1	4	1	3	3	2	2	2	2	19	
NumberOfPoint Group-----------	0	1	
NumOfPoint Distribution-------	0	0	
SD Group----------------------	
SD Distribution---------------	
Half Coverage Group-----------	0-1000	1000-2000	2000-3000	3000-4000	4000-5000	5000-6000	6000-7000	7000-8000	8000-9000	9000-10000	
Half Cvg Time Distribution----	0	1	7	6	7	7	1	0	0	1	
Transferred Photo Group-------	0-1000	1000-2000	2000-3000	3000-4000	4000-5000	5000-6000	6000-7000	7000-8000	8000-9000	9000-10000	
Photo Time Distribution-------	75	105	112	81	53	37	15	3	7	10	

