Message stats for scenario Photo_250-Scenario_3
sim_time: 10000.0000

Photo List Size: 250
coverageValue-----------------	169	242	168	285	189	171	194	244	145	180	249	214	225	200	148	193	284	253	215	317	297	83	233	220	305	180	147	170	101	295	233	168	60	248	256	60	60	221	189	167	240	250	242	295	120	228	180	73	220	162	
redundantCoverageValue--------	11	118	192	135	51	9	46	236	95	0	51	146	75	40	92	47	136	47	145	163	123	157	127	80	175	0	33	10	79	185	67	12	0	52	164	0	0	19	51	13	60	110	118	125	0	72	0	47	80	78	
halfCoverageTime--------------	.0	3358.3	.0	1261.6	4022.2	.0	4740.8	4000.4	.0	3333.8	2707.4	3935.3	3933.2	3169.0	.0	5865.0	1962.6	2215.5	3121.9	1714.6	2183.8	.0	3331.7	2591.4	1378.6	3914.6	.0	.0	.0	2297.1	4098.0	.0	.0	3124.0	3166.9	.0	.0	3212.3	5731.0	.0	2131.1	3266.7	2328.3	2179.7	.0	4360.3	5077.7	.0	3333.5	.0	
numberOfPoint-----------------	1	1	1	1	1	1	1	1	1	1	1	1	1	1	1	1	1	1	1	1	1	1	1	1	1	1	1	1	1	1	1	1	1	1	1	1	1	1	1	1	1	1	1	1	1	1	1	1	1	1	
standardDeviation-------------	.0	.0	.0	.0	.0	.0	.0	.0	.0	.0	.0	.0	.0	.0	.0	.0	.0	.0	.0	.0	.0	.0	.0	.0	.0	.0	.0	.0	.0	.0	.0	.0	.0	.0	.0	.0	.0	.0	.0	.0	.0	.0	.0	.0	.0	.0	.0	.0	.0	.0	
initialCoverageValue----------	169	242	168	285	189	171	194	244	145	180	249	214	225	200	148	193	284	253	215	317	297	83	233	220	305	180	147	170	101	295	233	168	60	248	256	60	60	221	189	167	240	250	242	295	120	228	180	73	220	162	
initialRedundantCoverageValue-	11	118	252	195	51	9	166	356	95	0	51	146	75	40	92	107	196	47	145	163	123	157	127	140	175	0	33	10	79	305	247	12	0	52	164	0	0	79	51	13	60	110	178	185	0	132	0	47	80	78	
additionalPoiTime-------------	15600.1

Photo List Size: 250
Gained Coverage %-------------	1.0
Gained Redundancy %-----------	0.7819063004846527
Total Cluster Created---------	0
Total Transferred Photo-------	18876
Coverage Group----------------	1-30	31-60	61-90	91-120	121-150	151-180	181-210	211-240	241-270	271-300	301-330	331-360	
Coverage Distribution---------	0	3	2	2	3	10	5	10	8	5	2	0	
Ratio Group-------------------	.0	.1	.2	.3	.4	.5	.6	.7	.8	.9	1.0	
Coverage Ratio----------------	0	0	0	0	0	0	0	0	0	0	50	
Redundant Ratio---------------	0	0	0	3	0	1	2	6	1	0	30	
NumberOfPoint Group-----------	0	1	
NumOfPoint Distribution-------	0	0	
SD Group----------------------	
SD Distribution---------------	
Half Coverage Group-----------	0-1000	1000-2000	2000-3000	3000-4000	4000-5000	5000-6000	6000-7000	7000-8000	8000-9000	9000-10000	
Half Cvg Time Distribution----	0	4	8	13	5	3	0	0	0	0	
Transferred Photo Group-------	0-1000	1000-2000	2000-3000	3000-4000	4000-5000	5000-6000	6000-7000	7000-8000	8000-9000	9000-10000	
Photo Time Distribution-------	926	2747	3812	3145	3496	1799	1191	903	392	158	

