Message stats for scenario Photo_4000-Scenario_4
sim_time: 10000.0000

Photo List Size: 4000
coverageValue-----------------	292	216	163	299	350	300	236	262	325	248	252	360	346	308	292	269	181	236	360	349	145	352	343	348	337	344	305	241	241	203	261	293	316	210	243	266	286	332	60	189	262	179	180	179	291	307	328	296	178	238	
redundantCoverageValue--------	128	84	77	181	310	180	124	218	275	112	168	540	434	292	128	151	59	484	600	431	95	608	257	132	143	436	115	119	239	157	339	67	224	210	177	274	254	208	0	111	38	1	0	241	249	113	212	64	2	122	
halfCoverageTime--------------	3300.8	5722.6	.0	4456.6	3306.3	4103.6	4651.4	4247.7	1567.9	5348.6	5050.5	1181.0	1299.2	2330.4	2357.2	5769.3	5566.5	2215.5	1962.6	2131.1	.0	1297.9	1661.1	2691.3	1764.6	2460.9	2276.9	5805.5	4454.5	4000.4	2082.0	5745.4	2419.0	5029.8	4356.1	5803.4	6051.6	1378.6	.0	3333.8	5421.5	.0	9572.8	.0	5552.3	1281.4	3308.4	3333.5	.0	7000.3	
numberOfPoint-----------------	4	4	5	4	5	4	3	3	4	4	5	5	3	3	6	3	5	4	4	6	5	4	5	5	3	4	4	3	5	4	6	4	4	5	3	3	4	3	1	4	3	3	3	5	4	4	4	3	2	4	
standardDeviation-------------	4.24	4.06	4.76	3.95	4.59	4.08	3.83	2.9	4.51	3.69	4.28	4.46	3.31	4.26	4.87	3.74	4.49	3.77	3.97	4.79	5.07	4.05	4.37	4.82	3.36	4.53	4.9	4.07	4.16	4.55	5.47	4.11	4.32	5.11	4.01	4.26	3.89	3.33	.2	4.11	3.5	4.28	2.96	4.64	3.84	4.87	4.8	4.23	3.04	3.93	
initialCoverageValue----------	360	360	360	360	360	360	360	360	360	360	360	360	360	360	360	360	360	360	360	360	360	360	360	360	360	360	360	360	360	360	360	360	360	360	360	360	360	360	360	360	360	360	360	360	360	360	360	360	360	360	
initialRedundantCoverageValue-	4140	3840	4080	3720	4140	3840	3960	4380	3060	3660	4440	4500	2880	3540	3960	3600	3600	4560	4320	3900	4680	3300	3780	3840	3540	3360	4200	4560	3960	4680	3600	3660	4500	4320	3720	3660	3900	3660	3480	3840	4440	4020	3780	4560	3840	3660	3540	3660	4080	4200	
additionalPoiTime-------------	1.829267726E8
algorithmTime-----------------	2.080117334E8
totalMsgTransferred-----------------	7234

Photo List Size: 4000
Gained Coverage %-------------	0.7442777777777778
Gained Redundancy %-----------	0.05191699806260834
Total Cluster Created---------	50
Total Transferred Photo-------	77459
Coverage Group----------------	1-30	31-60	61-90	91-120	121-150	151-180	181-210	211-240	241-270	271-300	301-330	331-360	
Coverage Distribution---------	0	1	0	0	1	5	4	4	10	8	6	11	
Ratio Group-------------------	.0	.1	.2	.3	.4	.5	.6	.7	.8	.9	1.0	
Coverage Ratio----------------	0	0	1	0	0	6	5	8	6	11	13	
Redundant Ratio---------------	2	41	7	0	0	0	0	0	0	0	0	
NumberOfPoint Group-----------	0	1	2	3	4	5	6	
NumOfPoint Distribution-------	0	1	1	14	20	11	3	
SD Group----------------------	0-1	1-2	2-3	3-4	4-5	5-6	
SD Distribution---------------	1	0	2	14	30	3	
Half Coverage Group-----------	0-1000	1000-2000	2000-3000	3000-4000	4000-5000	5000-6000	6000-7000	7000-8000	8000-9000	9000-10000	
Half Cvg Time Distribution----	0	9	9	5	7	11	1	1	0	1	
Transferred Photo Group-------	0-1000	1000-2000	2000-3000	3000-4000	4000-5000	5000-6000	6000-7000	7000-8000	8000-9000	9000-10000	
Photo Time Distribution-------	2137	10339	26021	18243	15155	2952	974	325	248	255	

