Message stats for scenario Photo_1000-Scenario_4
sim_time: 20000.1000

Photo List Size: 940
coverageValue-----------------	169	180	107	60	60	60	220	180	0	60	60	60	0	164	120	195	107	60	60	152	165	0	0	60	0	120	120	120	120	60	228	60	60	81	120	174	118	87	194	74	129	145	193	0	0	132	0	127	60	90	0	60	120	120	140	143	88	75	60	183	60	60	60	60	65	60	113	61	120	120	120	120	0	143	60	60	0	120	306	60	120	127	120	60	115	240	0	116	124	240	180	60	60	120	0	60	120	60	120	120	0	120	60	120	180	60	120	60	60	0	131	87	120	120	60	60	60	0	60	60	60	95	120	0	138	120	120	60	80	61	120	120	147	120	138	60	206	60	0	93	60	60	60	120	69	0	60	60	120	120	96	0	156	0	120	0	120	0	160	120	119	101	120	60	95	60	60	60	60	120	60	180	0	0	0	0	60	204	120	0	60	60	120	127	60	88	120	60	120	120	120	60	132	60	178	120	0	60	180	60	
redundantCoverageValue--------	11	0	13	0	0	0	20	0	0	0	0	0	0	76	0	45	13	0	0	28	15	0	0	0	0	0	0	0	0	0	12	0	0	39	0	6	2	33	46	106	51	35	47	0	0	48	0	53	0	30	0	0	0	0	40	37	92	45	0	57	0	0	0	0	55	0	7	59	0	0	0	0	0	37	0	0	0	0	54	0	0	53	0	0	5	0	0	4	56	0	0	0	0	0	0	0	0	0	0	0	0	0	0	0	0	0	0	0	0	0	49	33	0	0	0	0	0	0	0	0	0	25	0	0	42	0	0	0	40	59	0	0	33	0	162	0	34	0	0	27	0	0	0	0	51	0	0	0	0	0	24	0	24	0	0	0	0	0	20	0	61	19	0	0	25	0	0	0	0	0	0	0	0	0	0	0	0	96	0	0	0	0	0	53	0	32	0	0	0	0	0	0	48	0	2	0	0	0	0	0	
halfCoverageTime--------------	.0	17881.1	.0	.0	.0	.0	11632.0	12907.5	.0	.0	.0	.0	.0	.0	.0	5619.7	.0	.0	.0	.0	.0	.0	.0	.0	.0	.0	.0	.0	.0	.0	11627.8	.0	.0	.0	.0	.0	.0	.0	12905.4	.0	.0	.0	8814.0	.0	.0	.0	.0	.0	.0	.0	.0	.0	.0	.0	.0	.0	.0	.0	.0	9217.5	.0	.0	.0	.0	.0	.0	.0	.0	.0	.0	.0	.0	.0	.0	.0	.0	.0	.0	8323.7	.0	.0	.0	.0	.0	.0	14894.8	.0	.0	.0	5930.3	11660.5	.0	.0	.0	.0	.0	.0	.0	.0	.0	.0	.0	.0	.0	10311.7	.0	.0	.0	.0	.0	.0	.0	.0	.0	.0	.0	.0	.0	.0	.0	.0	.0	.0	.0	.0	.0	.0	.0	.0	.0	.0	.0	.0	.0	.0	.0	17271.3	.0	.0	.0	.0	.0	.0	.0	.0	.0	.0	.0	.0	.0	.0	.0	.0	.0	.0	.0	.0	.0	.0	.0	.0	.0	.0	.0	.0	.0	.0	.0	.0	.0	.0	9135.9	.0	.0	.0	.0	.0	9754.6	.0	.0	.0	.0	.0	.0	.0	.0	.0	.0	.0	.0	.0	.0	.0	.0	.0	.0	.0	.0	7284.7	.0	
numberOfPoint-----------------	1	2	1	1	2	1	1	3	3	1	2	2	1	2	2	1	1	1	1	1	2	1	1	2	1	2	2	2	2	1	3	2	1	2	1	1	1	3	2	3	1	3	2	2	2	2	3	2	1	1	2	2	1	2	2	1	2	2	1	2	1	1	1	1	2	1	1	1	1	1	2	1	1	3	0	2	1	2	1	1	1	1	2	2	1	1	2	4	2	2	3	1	2	3	1	1	2	2	2	2	2	2	1	2	2	1	2	2	2	1	2	2	1	2	1	2	2	1	3	2	1	3	2	0	2	3	2	2	3	1	1	1	2	2	2	2	1	1	2	1	1	2	1	2	2	2	1	1	2	1	1	1	2	1	1	2	2	2	1	2	1	3	2	2	2	1	3	2	2	1	1	2	1	2	2	1	1	2	1	0	2	2	2	2	2	2	2	2	2	1	2	1	3	1	4	1	2	1	2	2	
standardDeviation-------------	2.3	3.26	.72	1.55	2.42	2.64	1.58	5.55	4.97	2.37	2.97	3.33	3.97	2.57	2.57	.1	3.3	2.6	5.13	2.64	5.46	2.91	1.87	4.3	3.11	3.54	3.22	3.62	3.99	1.61	4.04	3.57	.89	3.47	1.8	1.75	.71	4.59	2.52	5.39	1.5	5.25	3.42	2.73	3.01	2.32	4.66	4.07	4.95	3.06	3.79	5.07	.45	6.28	4.76	.57	4.0	3.64	2.69	3.27	1.24	.28	1.03	1.43	3.83	.67	1.91	1.93	3.42	.71	6.94	2.76	1.8	4.45	.0	5.09	3.24	2.75	.64	1.77	2.15	1.51	2.45	3.67	.61	.89	3.0	5.47	3.5	2.32	4.74	1.0	3.54	4.62	1.08	.14	3.89	5.2	4.73	3.58	3.3	5.73	.94	3.49	4.82	.94	3.38	3.94	3.12	2.8	5.84	4.19	1.1	3.35	3.32	3.62	5.49	1.14	4.53	2.79	1.1	4.53	3.82	.0	3.95	5.1	3.6	5.26	4.54	2.42	2.24	2.22	2.63	4.93	5.03	3.5	1.03	3.31	3.65	2.69	2.79	4.64	2.33	3.47	5.05	5.36	4.74	1.99	4.15	1.92	2.11	.22	2.75	.41	2.6	3.64	4.33	3.92	1.4	2.82	.72	4.22	2.95	5.27	5.19	1.02	5.0	3.2	3.89	1.0	1.3	3.77	3.38	4.47	2.94	3.94	2.0	2.89	2.12	.0	3.14	3.76	2.88	3.78	3.16	2.59	4.61	5.0	3.01	1.49	2.73	4.34	3.95	.22	4.8	4.34	5.07	4.15	5.54	3.55	
initialCoverageValue----------	242	276	238	144	67	175	247	242	289	138	95	201	153	213	196	325	201	146	191	201	221	182	60	126	120	182	264	228	239	195	228	119	168	232	181	204	165	296	312	178	249	235	329	149	71	282	235	181	219	227	132	224	289	146	260	253	257	245	228	270	175	248	147	120	185	183	272	218	189	248	222	203	217	224	145	218	120	275	360	120	249	137	249	222	159	308	255	256	184	285	270	145	174	268	67	285	322	224	240	297	179	162	147	212	299	163	229	180	156	153	280	178	249	287	249	133	102	120	212	337	171	231	120	0	230	275	296	180	212	248	212	196	207	285	198	301	266	133	95	153	82	285	187	125	135	120	156	120	180	266	156	133	263	240	235	120	256	120	274	120	179	101	257	196	215	224	262	145	189	253	158	262	124	120	176	120	148	314	206	0	225	224	278	132	182	177	201	217	234	180	226	134	277	279	237	206	145	93	180	184	
initialRedundantCoverageValue-	118	144	62	96	53	65	113	58	71	162	25	99	27	267	164	215	99	34	49	99	79	58	0	54	0	238	96	12	121	45	72	1	12	68	59	96	75	124	468	182	51	305	151	91	49	198	185	59	81	73	48	196	191	34	220	287	283	175	132	90	65	172	33	0	55	57	148	142	51	112	18	97	23	196	95	142	0	145	300	0	51	103	111	18	21	352	165	104	56	135	90	95	6	92	53	135	338	76	0	183	1	78	93	28	181	17	71	120	24	27	80	62	111	73	51	47	18	0	208	143	9	129	0	0	130	205	124	0	328	112	28	164	93	195	162	59	34	107	205	27	38	15	173	55	105	0	24	0	0	154	84	47	97	0	5	0	44	0	326	0	121	139	163	104	25	76	98	35	51	47	82	158	56	0	4	0	92	166	94	0	75	136	142	108	58	123	39	83	186	0	74	46	383	141	123	94	35	27	0	56	
additionalPoiTime-------------	0.0
algorithmTime-----------------	15600.1
totalMsgTransferred-----------------	8834

Photo List Size: 940
Gained Coverage %-------------	0.45072553640084334
Gained Redundancy %-----------	0.12069601898233588
Total Cluster Created---------	197
Total Transferred Photo-------	1307
Coverage Group----------------	1-30	31-60	61-90	91-120	121-150	151-180	181-210	211-240	241-270	271-300	301-330	331-360	
Coverage Distribution---------	29	61	13	57	15	14	6	4	0	0	1	0	
Ratio Group-------------------	.0	.1	.2	.3	.4	.5	.6	.7	.8	.9	1.0	
Coverage Ratio----------------	27	0	2	21	26	46	25	24	13	6	8	
Redundant Ratio---------------	121	8	13	11	4	4	7	2	0	1	7	
NumberOfPoint Group-----------	0	1	2	3	4	
NumOfPoint Distribution-------	3	83	95	17	2	
SD Group----------------------	0-1	1-2	2-3	3-4	4-5	5-6	6-7	
SD Distribution---------------	21	27	40	55	30	22	2	
Half Coverage Group-----------	0-1000	1000-2000	2000-3000	3000-4000	4000-5000	5000-6000	6000-7000	7000-8000	8000-9000	9000-10000	10000-11000	11000-12000	12000-13000	13000-14000	14000-15000	15000-16000	16000-17000	17000-18000	18000-19000	19000-20000	
Half Cvg Time Distribution----	0	0	0	0	0	2	0	1	2	3	1	3	2	0	1	0	0	2	0	0	
Transferred Photo Group-------	0-1000	1000-2000	2000-3000	3000-4000	4000-5000	5000-6000	6000-7000	7000-8000	8000-9000	9000-10000	10000-11000	11000-12000	12000-13000	13000-14000	14000-15000	15000-16000	16000-17000	17000-18000	18000-19000	19000-20000	
Photo Time Distribution-------	70	147	155	105	45	137	95	32	81	70	23	54	84	29	30	23	18	53	28	28	

