Message stats for scenario Photo_1000-Scenario_5
sim_time: 10000.0000

Photo List Size: 390
coverageValue-----------------	292	221	279	161	231	234	292	326	343	304	255	287	321	298	271	295	313	297	304	336	287	306	325	326	337	221	313	212	214	236	157	319	185	137	226	347	207	360	222	269	205	127	197	268	273	247	236	250	337	316	
redundantCoverageValue--------	128	139	201	79	189	66	368	394	257	116	285	253	339	122	269	245	287	303	176	84	313	114	215	214	203	199	227	148	86	124	83	341	55	103	74	433	93	300	138	91	275	53	283	152	207	113	64	110	503	344	
halfCoverageTime--------------	5348.6	4997.8	5507.6	.0	1699.0	6343.4	1478.5	2307.6	3169.0	2670.7	3360.4	3212.3	5025.0	5767.2	3144.7	1287.3	2299.2	2707.4	5566.5	4365.6	2330.4	3933.2	4102.2	2328.3	2297.1	2395.0	3211.4	5871.5	5027.1	5286.6	.0	1659.0	9568.9	.0	7100.0	2397.1	5822.5	2466.1	9997.5	2697.4	6209.5	.0	5867.3	2177.6	3935.3	2079.9	8875.2	2017.1	5717.2	2591.4	
numberOfPoint-----------------	1	1	1	1	1	1	1	1	1	1	1	1	1	1	1	1	1	1	1	1	1	1	1	1	1	1	1	1	1	1	1	1	1	1	1	1	1	1	1	1	1	1	1	1	1	1	1	1	1	1	
standardDeviation-------------	.0	.0	.0	.0	.0	.0	.0	.0	.0	.0	.0	.0	.0	.0	.0	.0	.0	.0	.0	.0	.0	.0	.0	.0	.0	.0	.0	.0	.0	.0	.0	.0	.0	.0	.0	.0	.0	.0	.0	.0	.0	.0	.0	.0	.0	.0	.0	.0	.0	.0	
initialCoverageValue----------	312	314	337	304	344	344	360	360	360	356	351	339	349	336	345	343	360	360	355	356	360	360	360	360	360	322	360	360	360	344	325	360	360	348	359	360	324	360	328	360	306	360	301	360	336	263	360	360	337	355	
initialRedundantCoverageValue-	528	586	743	416	1036	616	1140	1320	1140	1084	1269	801	911	924	855	1217	900	900	785	484	960	600	1140	1020	1020	518	960	660	600	556	275	1320	840	672	1021	1440	756	840	392	720	714	720	719	660	924	397	840	540	923	1085	
additionalPoiTime-------------	0.0
algorithmTime-----------------	1.261736088E8
totalMsgTransferred-----------------	7563

Photo List Size: 390
Gained Coverage %-------------	0.7721555671477425
Gained Redundancy %-----------	0.24002699640851352
Total Cluster Created---------	0
Total Transferred Photo-------	22084
Coverage Group----------------	1-30	31-60	61-90	91-120	121-150	151-180	181-210	211-240	241-270	271-300	301-330	331-360	
Coverage Distribution---------	0	0	0	0	2	2	4	10	5	10	11	6	
Ratio Group-------------------	.0	.1	.2	.3	.4	.5	.6	.7	.8	.9	1.0	
Coverage Ratio----------------	0	0	0	0	2	1	4	11	6	14	12	
Redundant Ratio---------------	0	4	13	17	15	0	1	0	0	0	0	
NumberOfPoint Group-----------	0	1	
NumOfPoint Distribution-------	0	0	
SD Group----------------------	
SD Distribution---------------	
Half Coverage Group-----------	0-1000	1000-2000	2000-3000	3000-4000	4000-5000	5000-6000	6000-7000	7000-8000	8000-9000	9000-10000	
Half Cvg Time Distribution----	0	4	15	7	3	11	2	1	1	2	
Transferred Photo Group-------	0-1000	1000-2000	2000-3000	3000-4000	4000-5000	5000-6000	6000-7000	7000-8000	8000-9000	9000-10000	
Photo Time Distribution-------	523	1438	1995	1734	2280	2760	2553	2957	3108	2634	

