Message stats for scenario Photo_2000-Scenario_5
sim_time: 10000.0000

Photo List Size: 390
coverageValue-----------------	315	221	315	294	254	272	358	238	291	218	306	204	187	348	247	279	295	294	331	247	167	120	283	241	151	228	250	313	349	295	279	328	215	303	120	224	125	213	211	326	360	291	224	332	301	257	235	195	302	160	
redundantCoverageValue--------	225	199	225	126	166	208	302	182	189	262	174	276	113	252	173	201	305	366	269	173	73	0	317	359	29	192	230	167	311	365	141	152	85	237	0	76	55	207	209	214	360	129	316	208	359	403	65	165	178	80	
halfCoverageTime--------------	512.6	6704.7	957.0	1178.9	3759.1	5856.4	3308.4	9999.6	3298.7	3166.9	4651.4	6649.5	2031.0	1699.0	5807.7	2591.4	1378.6	1762.5	3179.7	2017.1	.0	.0	3306.3	2709.5	.0	5731.0	2357.2	1760.4	1299.2	2472.0	2419.0	5589.7	5139.8	4360.3	.0	7551.5	.0	8277.1	3916.7	2328.3	2760.2	5638.1	4380.0	4653.5	3381.8	1962.6	5834.8	5854.3	2691.3	.0	
numberOfPoint-----------------	2	3	2	2	1	1	2	1	1	1	3	2	1	3	1	1	1	3	3	2	1	1	3	2	2	2	3	1	1	3	2	2	1	2	1	1	1	2	1	1	3	2	1	4	1	2	1	2	1	2	
standardDeviation-------------	2.72	4.03	4.63	3.71	1.66	1.22	2.89	.54	1.32	.99	5.02	2.4	.78	4.12	1.0	1.39	.1	3.89	4.0	3.91	2.2	3.91	3.8	3.3	3.3	4.02	4.52	.5	.36	3.79	4.07	5.08	.82	3.61	3.13	.1	2.33	2.83	2.02	1.55	4.49	3.75	.42	5.3	.5	4.42	1.52	3.59	.9	4.66	
initialCoverageValue----------	360	360	360	360	360	360	360	360	360	360	360	360	360	360	360	360	360	360	360	360	360	360	360	360	360	360	360	360	360	360	360	360	360	360	360	360	360	360	360	360	360	355	360	360	360	360	360	360	360	360	
initialRedundantCoverageValue-	2460	1380	1860	1920	2040	2340	2040	1380	1920	2280	1980	1920	1740	1800	2580	1980	1500	2100	1860	2400	2160	1560	2160	2400	1680	1800	1620	1620	2400	1920	1620	1380	2280	1800	1380	2280	1860	1800	1620	2040	2100	1445	2160	1800	1620	2520	2220	1320	1800	1380	
additionalPoiTime-------------	78000.5
algorithmTime-----------------	1.275776178E8
totalMsgTransferred-----------------	7562

Photo List Size: 390
Gained Coverage %-------------	0.7175326479577661
Gained Redundancy %-----------	0.10572853767393016
Total Cluster Created---------	0
Total Transferred Photo-------	34737
Coverage Group----------------	1-30	31-60	61-90	91-120	121-150	151-180	181-210	211-240	241-270	271-300	301-330	331-360	
Coverage Distribution---------	0	0	0	2	1	3	3	10	6	10	9	6	
Ratio Group-------------------	.0	.1	.2	.3	.4	.5	.6	.7	.8	.9	1.0	
Coverage Ratio----------------	0	0	0	0	3	3	6	11	6	13	8	
Redundant Ratio---------------	2	19	27	2	0	0	0	0	0	0	0	
NumberOfPoint Group-----------	0	1	2	3	4	
NumOfPoint Distribution-------	0	23	17	9	1	
SD Group----------------------	0-1	1-2	2-3	3-4	4-5	5-6	
SD Distribution---------------	11	7	7	12	10	3	
Half Coverage Group-----------	0-1000	1000-2000	2000-3000	3000-4000	4000-5000	5000-6000	6000-7000	7000-8000	8000-9000	9000-10000	
Half Cvg Time Distribution----	2	7	10	8	4	8	2	1	1	1	
Transferred Photo Group-------	0-1000	1000-2000	2000-3000	3000-4000	4000-5000	5000-6000	6000-7000	7000-8000	8000-9000	9000-10000	
Photo Time Distribution-------	1073	2828	3699	2990	3859	4362	3730	4138	4224	3651	

