Message stats for scenario Photo_2000-Scenario_3
sim_time: 10000.0000

Photo List Size: 2000
coverageValue-----------------	156	223	239	311	259	162	267	223	320	282	208	216	330	236	275	332	306	291	120	193	309	230	324	289	281	274	301	300	269	336	268	224	144	217	342	295	306	294	314	291	266	271	250	229	286	353	216	171	255	252	
redundantCoverageValue--------	144	137	301	109	281	138	273	197	340	318	32	144	270	244	145	148	294	309	0	47	171	70	216	191	79	206	359	180	271	204	92	196	96	23	198	245	234	366	226	369	154	209	110	191	254	307	204	129	345	348	
halfCoverageTime--------------	.0	9878.8	5139.8	3455.6	5614.4	.0	3577.8	5722.6	3126.1	6671.1	9752.5	9524.0	5805.5	5445.8	2682.5	771.2	5879.0	5116.6	.0	7529.6	4826.3	5871.5	2837.9	3308.4	3009.5	4382.1	3142.6	1722.5	4103.6	4499.8	3121.9	4900.0	.0	5333.8	5077.7	2217.0	1758.3	4022.2	1378.6	4838.8	3169.0	5856.4	2390.4	4653.5	2950.4	4360.3	7551.5	.0	5114.5	6926.5	
numberOfPoint-----------------	1	1	1	1	1	1	1	1	1	1	1	1	1	1	1	1	1	1	1	1	1	1	1	1	1	1	1	1	1	1	1	1	1	1	1	1	1	1	1	1	1	1	1	1	1	1	1	1	1	1	
standardDeviation-------------	.0	.0	.0	.0	.0	.0	.0	.0	.0	.0	.0	.0	.0	.0	.0	.0	.0	.0	.0	.0	.0	.0	.0	.0	.0	.0	.0	.0	.0	.0	.0	.0	.0	.0	.0	.0	.0	.0	.0	.0	.0	.0	.0	.0	.0	.0	.0	.0	.0	.0	
initialCoverageValue----------	360	360	360	360	360	338	360	360	360	344	360	360	360	360	360	360	360	360	360	360	360	360	360	360	353	357	360	360	360	360	360	360	354	360	360	360	360	360	360	360	360	360	360	358	342	360	360	360	358	360	
initialRedundantCoverageValue-	1920	2220	2040	1920	1800	1822	1560	1740	1980	2176	1740	2100	1740	1320	2160	2520	2280	1800	1860	2040	2280	1620	2280	2760	2047	2043	2160	1860	1980	1860	1800	1740	726	1800	2040	2280	2460	1320	2100	1380	2160	1920	2280	1442	1278	1560	2580	1680	1442	1740	
additionalPoiTime-------------	31200.2

Photo List Size: 2000
Gained Coverage %-------------	0.7311983932158
Gained Redundancy %-----------	0.10606569067494442
Total Cluster Created---------	0
Total Transferred Photo-------	76419
Coverage Group----------------	1-30	31-60	61-90	91-120	121-150	151-180	181-210	211-240	241-270	271-300	301-330	331-360	
Coverage Distribution---------	0	0	0	1	1	3	2	10	8	12	9	4	
Ratio Group-------------------	.0	.1	.2	.3	.4	.5	.6	.7	.8	.9	1.0	
Coverage Ratio----------------	0	0	0	0	1	4	4	10	10	16	5	
Redundant Ratio---------------	1	23	23	3	0	0	0	0	0	0	0	
NumberOfPoint Group-----------	0	1	
NumOfPoint Distribution-------	0	0	
SD Group----------------------	
SD Distribution---------------	
Half Coverage Group-----------	0-1000	1000-2000	2000-3000	3000-4000	4000-5000	5000-6000	6000-7000	7000-8000	8000-9000	9000-10000	
Half Cvg Time Distribution----	1	3	5	8	9	12	2	2	0	3	
Transferred Photo Group-------	0-1000	1000-2000	2000-3000	3000-4000	4000-5000	5000-6000	6000-7000	7000-8000	8000-9000	9000-10000	
Photo Time Distribution-------	5231	10065	10611	8248	9656	8027	6459	6598	5374	5068	

