Message stats for scenario Photo_2000-Scenario_1
sim_time: 10000.0000

Photo List Size: 2000
coverageValue-----------------	158	216	225	275	302	243	323	232	338	252	212	286	273	296	184	334	200	228	254	105	234	273	229	267	219	187	284	296	256	297	263	224	272	159	284	319	274	274	323	235	254	233	315	216	328	350	344	270	230	253	
redundantCoverageValue--------	142	264	315	85	238	117	457	308	322	228	88	194	207	184	56	206	100	252	166	135	126	207	131	93	81	113	376	244	224	243	37	136	328	81	136	221	146	326	217	305	166	187	45	204	332	310	316	210	310	407	
halfCoverageTime--------------	.0	6704.7	5139.8	2758.1	4900.0	4454.5	3577.8	2084.1	3211.4	5864.3	4633.1	4754.5	7807.0	5505.5	2682.5	771.2	5871.5	5116.6	6315.0	.0	5025.0	3457.7	2837.9	5856.4	3009.5	9431.2	7000.3	1722.5	3124.0	4380.0	3298.7	6300.5	5722.6	.0	5505.7	2217.0	1758.3	4227.2	1378.6	5417.3	3169.0	5497.4	2390.4	4838.8	3214.4	4360.3	3121.9	3097.1	5029.8	7531.7	
numberOfPoint-----------------	1	1	1	1	1	1	1	1	1	1	1	1	1	1	1	1	1	1	1	1	1	1	1	1	1	1	1	1	1	1	1	1	1	1	1	1	1	1	1	1	1	1	1	1	1	1	1	1	1	1	
standardDeviation-------------	.0	.0	.0	.0	.0	.0	.0	.0	.0	.0	.0	.0	.0	.0	.0	.0	.0	.0	.0	.0	.0	.0	.0	.0	.0	.0	.0	.0	.0	.0	.0	.0	.0	.0	.0	.0	.0	.0	.0	.0	.0	.0	.0	.0	.0	.0	.0	.0	.0	.0	
initialCoverageValue----------	360	360	360	360	360	338	360	360	360	344	360	360	360	360	360	360	360	360	360	360	360	360	360	360	353	357	360	360	360	360	360	360	354	360	360	360	360	360	360	360	360	360	360	358	342	360	360	360	358	360	
initialRedundantCoverageValue-	1920	2220	2040	1920	1800	1822	1560	1740	1980	2176	1740	2100	1740	1320	2160	2520	2280	1800	1860	2040	2280	1620	2280	2760	2047	2043	2160	1860	1980	1860	1800	1740	726	1800	2040	2280	2460	1320	2100	1380	2160	1920	2280	1442	1278	1560	2580	1680	1442	1740	
additionalPoiTime-------------	15600.1

Photo List Size: 2000
Gained Coverage %-------------	0.7195938406605669
Gained Redundancy %-----------	0.10824699022610008
Total Cluster Created---------	0
Total Transferred Photo-------	88029
Coverage Group----------------	1-30	31-60	61-90	91-120	121-150	151-180	181-210	211-240	241-270	271-300	301-330	331-360	
Coverage Distribution---------	0	0	0	1	0	2	3	13	9	12	6	4	
Ratio Group-------------------	.0	.1	.2	.3	.4	.5	.6	.7	.8	.9	1.0	
Coverage Ratio----------------	0	0	0	1	0	2	5	11	18	8	5	
Redundant Ratio---------------	0	24	19	6	0	1	0	0	0	0	0	
NumberOfPoint Group-----------	0	1	
NumOfPoint Distribution-------	0	0	
SD Group----------------------	
SD Distribution---------------	
Half Coverage Group-----------	0-1000	1000-2000	2000-3000	3000-4000	4000-5000	5000-6000	6000-7000	7000-8000	8000-9000	9000-10000	
Half Cvg Time Distribution----	1	3	6	10	8	12	3	3	0	1	
Transferred Photo Group-------	0-1000	1000-2000	2000-3000	3000-4000	4000-5000	5000-6000	6000-7000	7000-8000	8000-9000	9000-10000	
Photo Time Distribution-------	5231	10149	11061	9070	11295	9582	8098	8384	7143	6697	

