Message stats for scenario Photo_500-Scenario_5
sim_time: 10000.0000

Photo List Size: 365
coverageValue-----------------	332	308	263	333	172	221	256	207	317	285	245	201	180	221	217	129	196	328	229	308	295	169	249	300	221	223	289	235	295	336	312	316	189	322	268	273	231	335	304	229	294	60	247	253	227	147	350	278	128	286	
redundantCoverageValue--------	148	352	97	507	128	139	344	93	403	75	115	279	120	19	143	111	104	212	191	232	125	71	171	180	259	137	251	245	305	264	228	344	111	278	272	147	189	265	116	11	246	0	53	167	133	93	310	262	52	134	
halfCoverageTime--------------	2395.0	1290.5	4000.4	836.4	.0	3333.5	5568.6	7615.1	1376.5	3759.1	3124.0	7535.9	5854.3	5025.0	1962.6	.0	6391.7	3212.3	9742.4	5822.5	3124.0	.0	2299.2	3126.1	5809.8	3358.3	2084.1	2183.8	5109.2	2314.1	2556.1	1567.9	5767.2	2695.3	2758.3	4360.3	9511.3	1758.3	4811.9	3916.7	4100.1	.0	3331.7	2758.1	5552.3	.0	2082.0	3166.9	.0	1967.3	
numberOfPoint-----------------	1	1	1	1	1	1	1	1	1	1	1	1	1	1	1	1	1	1	1	1	1	1	1	1	1	1	1	1	1	1	1	1	1	1	1	1	1	1	1	1	1	1	1	1	1	1	1	1	1	1	
standardDeviation-------------	.0	.0	.0	.0	.0	.0	.0	.0	.0	.0	.0	.0	.0	.0	.0	.0	.0	.0	.0	.0	.0	.0	.0	.0	.0	.0	.0	.0	.0	.0	.0	.0	.0	.0	.0	.0	.0	.0	.0	.0	.0	.0	.0	.0	.0	.0	.0	.0	.0	.0	
initialCoverageValue----------	332	340	339	348	254	249	256	259	331	288	248	201	240	281	308	211	256	347	279	323	296	267	269	325	285	254	329	235	352	336	312	355	330	352	284	291	231	335	304	244	307	168	299	299	278	229	358	355	146	286	
initialRedundantCoverageValue-	328	500	261	672	226	171	584	161	569	192	352	339	180	79	352	149	164	433	501	397	244	213	391	215	435	226	511	305	668	384	288	425	330	428	436	249	189	385	116	56	353	72	241	241	142	131	482	425	94	194	
additionalPoiTime-------------	0.0

Photo List Size: 365
Gained Coverage %-------------	0.8755641969307687
Gained Redundancy %-----------	0.5963563537696234
Total Cluster Created---------	0
Total Transferred Photo-------	10422
Coverage Group----------------	1-30	31-60	61-90	91-120	121-150	151-180	181-210	211-240	241-270	271-300	301-330	331-360	
Coverage Distribution---------	0	1	0	0	3	3	4	10	7	9	8	5	
Ratio Group-------------------	.0	.1	.2	.3	.4	.5	.6	.7	.8	.9	1.0	
Coverage Ratio----------------	0	0	0	0	1	0	1	4	8	10	26	
Redundant Ratio---------------	1	0	1	2	6	6	8	12	6	5	3	
NumberOfPoint Group-----------	0	1	
NumOfPoint Distribution-------	0	0	
SD Group----------------------	
SD Distribution---------------	
Half Coverage Group-----------	0-1000	1000-2000	2000-3000	3000-4000	4000-5000	5000-6000	6000-7000	7000-8000	8000-9000	9000-10000	
Half Cvg Time Distribution----	1	6	10	10	4	8	1	2	0	2	
Transferred Photo Group-------	0-1000	1000-2000	2000-3000	3000-4000	4000-5000	5000-6000	6000-7000	7000-8000	8000-9000	9000-10000	
Photo Time Distribution-------	246	735	1119	1033	1193	1418	1307	1264	1161	896	

